1.469559884731399535e-01
6.426130328941723757e-01
6.691079397656658490e-01
2.416976856062740819e-01
1.000000000000000000e+00
4.046900185193368360e-01
-8.070958470897025006e-01
-1.102310544609690357e-01
1.000000000000000000e+00
-5.336515171805524815e-01
-7.913806264580180994e-01
-8.269395138791029165e-01
1.000000000000000000e+00
6.308365822665991107e-01
-1.066840140842462148e-03
4.012785148388964274e-02
1.000000000000000000e+00
7.890531088526386849e-02
3.118637414267177999e-01
1.000000000000000000e+00
5.858428154985104719e-01
-3.088965599743703772e-02
-7.301591360609349657e-02
6.531439493606441271e-01
5.906242915469841481e-01
-2.982564206747735369e-01
1.000000000000000000e+00
2.110435187210057961e-01
-3.264661321862086796e-01
4.951578879635065711e-02
-2.967693152811796686e-01
-2.451676449522703916e-01
-9.411334545488561076e-01
1.000000000000000000e+00
9.943999709057533831e-01
-1.169358476300730310e-02
-5.968444903687151193e-01
7.955072950575670099e-01
1.000000000000000000e+00
-9.575462301222392725e-01
7.840687947239532996e-02
9.884461163750308810e-01
-8.269395138791029165e-01
-1.000000000000000000e+00
5.049510642320813592e-01
6.130208464477513441e-01
1.539950568927983543e-01
5.395623097313387850e-01
1.000000000000000000e+00
1.615682393456199240e-01
1.000000000000000000e+00
-8.945804184289973815e-02
1.000000000000000000e+00
2.527495645617761078e-01
1.000000000000000000e+00
-7.573407743614497534e-01
-4.632446287192590884e-01
-5.913963161882966890e-01
-8.334608067163529199e-01
-6.912179924759953575e-01
1.000000000000000000e+00
2.196780374159768012e-01
3.279214754480302418e-01
-1.000000000000000000e+00
-4.079816773499022053e-01
6.597578207095633474e-02
-8.220039413533397621e-02
1.822220104434197907e-01
7.951663008518545794e-01
8.843835953265573036e-01
-5.632917207696364059e-02
1.266036971712010128e-01
9.064251881260447785e-01
2.040467944462296401e-01
-9.367220275649055239e-01
-2.455778035304905238e-01
6.424089147728888616e-01
-6.838020948786196485e-01
3.046512826936678131e-01
4.229028616444032718e-01
-6.755677583973622724e-01
-8.113678500468231025e-01
-3.588686558574358809e-01
-9.602336988337509815e-01
-8.520008317498608541e-01
-1.870647296496572576e-01
3.655187923744616096e-01
9.526713302948048856e-01
4.202039066765683728e-01
7.578606107006584658e-01
8.760312567198125233e-01
-3.047237000275087038e-01
-9.136129481957169229e-01
7.496699324209570303e-01
8.027674896423295792e-01
-3.602812973003406416e-01
-4.079963355442564055e-01
7.711807279055169495e-01
-9.853702371938475313e-01
-1.814937965576370882e-01
4.930164327957993198e-01
-9.904108066264745158e-01
2.174601909414071166e-01
-5.219827286327003435e-01
6.546427519194220057e-01
-4.557743721933753545e-01
8.824447533448369629e-01
9.279805811497952028e-01
-8.664854682544347320e-01
6.577524830082615015e-01
-6.833753420856421013e-01
3.090267873200658322e-01
7.119370468698529297e-01
-4.689445259701157109e-01
-5.130529972387809501e-01
9.080682956866303890e-01
1.406335854430937893e-01
9.879907528954268159e-01
-1.000000000000000000e+00
7.640203630331505735e-01
-6.407848622165659425e-01
-6.501535577574548697e-01
7.333347855775345092e-01
-3.407908936248353893e-01
-5.634904757810872411e-01
7.239539191113399941e-01
4.540060960997815975e-01
-8.896942500675559806e-01
-3.494744572926362647e-01
8.408422563040018893e-02
-6.199200050284214836e-01
-8.625629926127469371e-01
-7.784018824242548984e-01
-4.993456061436569726e-01
-7.513842391053437986e-02
-9.940306645422847254e-02
9.808309986929439894e-01
5.082124100151672597e-01
-2.485495465813640781e-01
8.845360382204556782e-01
8.398416793090270893e-01
9.229958148841657106e-01
3.745448154847319522e-01
-1.000000000000000000e+00
-4.789674046995471279e-01
-4.748951669942247378e-01
-2.308297264113814418e-01
-9.348323394193840397e-01
7.790894956572935737e-01
-6.808732711115523806e-01
9.874155277691667454e-01
3.643261319064456938e-01
-5.777310634687882196e-01
-7.291925645454058191e-01
-8.658695339463082785e-01
-1.240658699311323332e-01
-1.096881633037649628e-02
3.677752466962709299e-01
3.441522473099869472e-01
-6.498551397379284111e-01
-2.749801507056499617e-01
-3.163269721967236769e-01
9.543010958108000263e-01
-1.092316936984762954e-01
1.736494393318743779e-01
-3.709810288967929637e-01
-5.237290899871609451e-01
-6.701725721743132524e-01
-3.741441847971080925e-01
6.409483320274320661e-01
-2.899294682202320228e-01
3.927013794666638358e-01
9.769573600145629033e-01
-5.864916746331496622e-01
5.973228962518761787e-01
1.099380388074269188e-01
-9.653529784619876430e-01
1.309128476570788902e-01
7.168687777824482854e-01
-2.314418228440358050e-01
3.908406061656863884e-01
7.915777890315816023e-01
-5.911364744427047846e-01
5.366283861967320323e-01
8.662251822557422987e-01
6.986570167273420395e-01
-8.681712149550704360e-01
5.707332936734754725e-03
5.998141874531408568e-01
9.282352478230735393e-01
3.102445154257125193e-01
9.186918999973565647e-01
-9.221305637217542817e-01
5.350139684604315882e-01
5.426826412578626968e-01
6.005465523852038245e-01
-1.494439780175782495e-01
-6.000661472354680281e-01
9.663525950727980263e-01
1.000000000000000000e+00
8.996747601711967413e-01
7.352022522411816308e-02
9.718312846562284779e-01
1.000000000000000000e+00
-5.052555472324018471e-01
8.312614201259711511e-01
-8.269395138791029165e-01
9.828436982889875440e-01
2.472995162586052453e-01
-3.697466223066523394e-01
1.000000000000000000e+00
-3.877056191942549468e-01
-4.030513141069071992e-01
3.809555040306555895e-01
7.824945306075072882e-01
-1.466758281670839104e-01
7.556962172841115155e-01
7.432117277710336145e-01
1.000000000000000000e+00
-1.000000000000000000e+00
-6.844285234905027604e-01
-3.868469628004941319e-01
-1.000000000000000000e+00
-5.317387539611013736e-01
6.179100075619168297e-01
-8.269395138791029165e-01
1.240290509492107951e-01
6.246447122115199591e-01
8.563929265789644862e-01
-8.230169709668218037e-01
-6.481878092836730332e-01
-3.503402910003773907e-01
7.122612788490849667e-01
-1.104891717425149356e-01
3.459640979410971706e-01
-2.198582943883886642e-02
-4.194425793669687152e-03
-5.551829617424191010e-01
1.000000000000000000e+00
7.651775915864549305e-01
-5.661936736891126642e-02
1.000000000000000000e+00
8.488104703147530961e-01
8.556849822012950746e-01
4.608549685725696898e-01
-4.187631367007371708e-02
-9.609572598836284563e-01
1.036695343113296364e-01
9.455771475896419531e-01
-3.606853351093344262e-01
-8.269395138791029165e-01
-7.637120894274067595e-01
-6.441851533909029870e-01
-7.757346747264222131e-01
-5.256833911703142626e-01
-8.269395138791029165e-01
9.654143393405872908e-02
-4.588760039730231388e-01
-4.063755243016753393e-01
1.000000000000000000e+00
-4.229596435838873791e-01
-8.269395138791029165e-01
6.721111717377343808e-01
-1.418031067527298905e-01
-9.884517896406428417e-01
