7.932611594859209081e-01
2.779457543721530755e-02
1.871704828174802770e-02
-7.005742500576228604e-01
9.228940286154825312e-01
-8.716025295226657033e-01
-9.726137564408869896e-01
2.603221610195592395e-01
-5.974864328849494033e-01
4.883613339924852692e-01
7.585546054223464285e-01
3.906110658192865071e-01
4.728417642237368046e-01
-6.746795411409063359e-01
-6.872979313369058652e-01
-8.188900365369866652e-01
3.977303909343515853e-01
5.627772673809472437e-01
-3.253439785713374555e-02
8.403500308722542389e-01
-6.446570189579590160e-01
-6.636163554122074260e-01
4.880876603124417734e-01
-4.484054479052290709e-02
-4.771058888013877120e-01
3.135949888633868810e-01
-7.279630513989627794e-01
7.097179482481619228e-01
-1.076910651970492960e-01
-6.022149384220241153e-01
-2.327618821256500770e-01
6.844390259466126558e-02
-9.418703653554238997e-01
7.023269230442585886e-01
8.185067284467428816e-01
-9.152682283327369106e-01
-1.174753550745878949e-01
-2.979665773350077540e-01
1.000000000000000000e+00
4.184120950087939494e-01
-1.000000000000000000e+00
-2.284439552041581667e-01
-8.577866156607893977e-02
-8.567165355748616040e-01
2.841189777866226507e-01
9.339799927239308408e-01
-4.452845249487686896e-01
5.341058801151601365e-01
-8.987554548313401170e-01
9.986983332687218162e-01
1.000000000000000000e+00
1.000000000000000000e+00
6.391600374251393823e-01
-3.138915679754473720e-01
9.444511533517767621e-01
1.703051281628569225e-01
1.092133473907992425e-01
-3.311830406537463745e-01
-5.020308501835180071e-01
6.916962153164667448e-01
-6.876240197527216935e-02
9.869873994403377537e-02
-1.000000000000000000e+00
-2.309040947460860860e-01
-3.728651629436583459e-01
-1.037002050547453091e-01
3.578674325764041875e-02
-9.024360940902520500e-01
3.982522515547466391e-01
-8.130861282665584611e-01
5.060976393722456113e-01
5.007242147887145389e-01
-7.808528885736100433e-02
2.033856451852666947e-01
4.594026474894619128e-02
1.863178701109258206e-02
-1.000000000000000000e+00
-1.000000000000000000e+00
3.355555042820279610e-02
6.650459666087338295e-01
-1.000000000000000000e+00
-3.037900655331662314e-01
-6.090978790308041457e-01
2.667887798215364814e-01
-9.513238079807722070e-01
-1.583706470705872338e-01
6.218370967308597397e-01
-9.092397598589339047e-01
2.542161353457523809e-01
-6.845537335012072955e-01
8.409167922342242196e-01
1.074377457692832216e-02
9.415754172893859852e-01
8.579117482428852970e-01
-5.396078652727138714e-01
-6.398537489216233887e-01
-2.246376879221843037e-01
5.488876278582879298e-01
-1.000000000000000000e+00
-2.181042961995502960e-01
-9.578918135765992492e-01
7.024800325965641079e-02
-9.549852233151370218e-01
4.878550139972297472e-01
4.326215391896872653e-01
3.722011473848951812e-01
3.026199591257421329e-01
-7.891828407800849376e-02
1.720777798817780813e-01
-1.445036360460798530e-01
-1.000000000000000000e+00
-6.391193652025477512e-01
-5.303094955949627654e-01
2.338606787021335620e-02
-8.673373286648460301e-01
6.315084341235750465e-01
5.608234669338967304e-01
-3.942393798167471708e-01
2.089877026229645107e-01
1.000000000000000000e+00
-7.286128545904297926e-01
-1.992561186638557302e-01
5.100734397684325572e-02
3.252583014947906248e-01
2.114383701112538816e-01
-2.580162045081144662e-01
-8.209448785795232517e-01
-1.902421409979779821e-01
6.124040815160068929e-01
-5.796234089007132884e-01
1.678615739010893559e-01
-4.805787253748203813e-01
2.140013047287263603e-01
6.006367254627209551e-01
9.530163609446917761e-03
-8.264026650728257817e-01
-6.712612739266132778e-02
-4.128710104963422278e-01
-3.449544440318230709e-01
8.298894123735331974e-01
-4.034873113629755537e-02
2.743200669990919494e-02
2.766221032020047543e-01
-6.447494390025987343e-01
7.483665237898640132e-01
-1.206308554803414701e-01
-1.118778468012935345e-01
8.514571891778617285e-01
-9.339655200204334262e-01
6.266562681093286180e-01
-4.053665779843780292e-01
6.306063957609886472e-01
6.695420844701043261e-01
8.434637009904772942e-01
6.532287621451020598e-01
6.355303114246857454e-02
-6.145256846066081691e-01
-3.412947089205482509e-01
8.803917508938041703e-01
5.355146922773670326e-01
6.118456050892567832e-01
-1.185932757136765048e-02
-2.600054401883411526e-01
-3.362151115159266457e-01
-2.720853751097340734e-01
5.310608009362542958e-01
9.831246059732030584e-01
-9.247679368175549808e-01
-1.895953831029046910e-01
-1.504839632768062430e-02
3.249084067671437204e-02
3.957639150495699809e-01
-9.595313567972656443e-01
-4.162189386880303932e-01
2.761546212481876816e-01
-1.827725806857050106e-01
8.844191868584716509e-02
-5.490045332839410541e-01
5.626692272546669482e-01
6.400726932529459123e-01
-9.082340793862535566e-01
8.219779190850571293e-01
9.858373146352021887e-01
1.587896062300434563e-01
1.016787176276032767e-01
-7.250022108456999348e-02
-2.096433024670811829e-01
-3.429561588797020999e-01
1.828315976006158472e-01
-2.507799778535939605e-01
-1.810023059682930313e-01
-1.240769044732566995e-01
-7.937512536726814005e-01
6.796064783148449973e-01
-8.539892899817911331e-01
7.977600059107763375e-01
-2.836607449459072061e-01
1.717528750119536873e-01
1.000000000000000000e+00
1.000000000000000000e+00
-6.610451280239879601e-01
-4.682404660683925357e-03
3.587936149003394526e-01
-3.923090443787216053e-01
-4.765507279003764474e-01
3.027882748456975914e-01
-8.923580899025236324e-01
-4.534363547167385988e-01
-9.137132210328782200e-01
5.580902962148259761e-01
-9.768371888762206190e-01
2.230316622455379427e-01
-7.629612810550523427e-01
2.262333224061797710e-01
2.660397024241749619e-01
-7.801921178851713989e-01
5.415894804693870412e-01
-3.338748642679598699e-01
-3.851533730662737298e-02
-7.264918444717372026e-02
-3.387109394777410021e-01
-5.075619740161774196e-01
-2.899600654778213826e-01
-3.220730871650150373e-01
-3.006519563191423217e-02
4.222493886497447058e-02
-9.528139084430493622e-01
4.379653485492904785e-01
1.000000000000000000e+00
-8.499417978416115016e-01
4.769093375303323779e-01
-1.000000000000000000e+00
8.925692313409923084e-01
8.510466607118574167e-01
-5.985113422297205776e-01
-1.655409567947132565e-01
-1.000000000000000000e+00
9.063025105111643942e-01
-2.051327378579081984e-01
3.350804433834011498e-01
1.069628599253544809e-01
-5.654290448516796630e-02
4.497363798039712979e-01
9.527437865818622065e-01
6.141466591542759090e-01
-1.001415203810858134e-01
-4.200779576456230568e-01
-2.300554986439762306e-01
3.142937629120383658e-01
-5.573860024584582629e-01
5.775628059126800551e-01
5.519028143346793591e-02
-8.272205237851391058e-01
7.737203961920238182e-01
-3.485951470973520649e-01
-8.140047129591487796e-01
-8.318081751238379784e-01
1.434600108495645010e-01
9.026170225415470760e-01
5.957947002661119207e-01
6.383675152727772417e-01
-1.000000000000000000e+00
3.790078706907530903e-01
-8.484608029461546685e-01
1.414914242137739198e-01
