-5.871668282322712873e-01
-1.175191558113504176e-01
6.901042610464620530e-01
-2.456218688108885440e-03
7.463844700587839442e-01
7.704972957521813992e-01
3.526362787422854250e-01
4.465444168461973895e-02
1.981847179964146832e-01
-5.953563019724921190e-01
-3.241922468173525917e-01
-8.084150898646063066e-01
-3.095275315330390242e-01
8.905325323022028616e-01
2.163636001486816118e-01
-8.169956382498889669e-01
9.087816914188181494e-01
-2.743321417336930246e-01
-9.120405977757630733e-01
6.248652515560559895e-01
6.096073898556466641e-01
-5.101170330684416943e-01
4.141808972593352123e-01
8.809135933547371788e-01
-6.907577151691188799e-01
-4.870840501189921401e-01
-9.763353225800577295e-01
2.833472171394624262e-03
1.000000000000000000e+00
1.000000000000000000e+00
7.881156099746728927e-01
4.351278417893598149e-01
1.723150691965713577e-03
-3.108683294514999473e-02
5.300144553399923630e-01
1.524049894448515907e-01
4.711459617374572084e-01
5.388268229856962854e-02
6.748363931450920283e-01
-8.356678343594405867e-01
-2.697849749528382635e-01
-6.280080420456128909e-01
4.160096502042629485e-01
-7.346310319470464867e-01
2.281639149076333251e-01
3.236577707243732949e-01
8.813998624071869292e-01
2.810196325557123842e-02
-7.574691844662846396e-01
2.533965714067558661e-01
-8.114727241597006202e-01
9.297615010140971581e-01
-9.653048936751005282e-01
-7.573988471862740379e-01
-7.870136564752151509e-01
4.659545948739201027e-01
8.155386177280431470e-01
5.762527365337829499e-01
-6.486896170431039055e-01
8.987833048124966862e-01
-6.997942259014786615e-01
-5.463456603694989422e-01
2.315868107388236175e-01
5.879467474935071714e-01
5.178367228577296366e-01
-8.024274237382993391e-01
8.052162904994963899e-01
1.787744879079718741e-01
7.970248017949579378e-01
-8.111513923248292457e-02
9.295405807177981039e-01
-8.208797736364232822e-01
-5.994480954026968345e-01
6.724443777974449254e-01
8.150495384825995338e-01
-6.615564138328231536e-01
-8.106035315101822736e-02
-8.869652510438565951e-01
5.718816849816850123e-01
7.930001593287880901e-01
-5.299783645777889074e-01
5.667198224389613515e-02
1.511153669561673962e-01
-7.482546695417948701e-01
-2.984849082892953587e-01
6.455588318320859553e-01
-3.998535286890398943e-01
8.753165915945992914e-01
3.705022800429988439e-01
2.053957287524579289e-01
3.171051360731874103e-01
-1.662130408417299421e-01
6.249851041588578848e-01
-7.985442393594174293e-01
3.285548763818404439e-01
3.398110075921307871e-01
6.581130055807100643e-01
-4.192373862634808934e-01
6.844105381215257466e-01
-1.676402620181578762e-01
7.016253977522123320e-01
1.099918769008635944e-01
-6.266382772732030926e-01
1.415844811809299775e-02
7.057436557874444683e-01
-8.587888777806549356e-01
6.733529209096911217e-01
-4.125495383300444296e-01
-8.170299020696040193e-01
-4.771364007460798806e-01
8.711885791203479723e-01
1.706377208741738372e-02
3.331684360176219717e-01
-3.492055977383907717e-01
-7.411666139515018514e-01
1.000000000000000000e+00
8.117766103895363017e-03
-5.244840034800966055e-01
6.867603160720550104e-01
1.000000000000000000e+00
-4.237000436546152216e-01
8.803445677164071226e-01
-8.166617107049332080e-01
-3.380902795624463053e-01
-6.000248383435290433e-01
-9.100982515426028208e-01
-6.756550673095931270e-01
6.008382650575287975e-01
-6.936359805587055671e-01
-1.000000000000000000e+00
6.247345429033271391e-02
-9.443891387828252659e-01
-9.073225185635445111e-01
-6.114726604053886128e-01
7.574544793002373488e-01
-6.021399602653315641e-01
7.571208340200663578e-02
-8.327795476202752845e-01
-5.505887400705693491e-01
6.022494011956744941e-01
-4.133465138455614252e-01
5.098691821431435844e-01
1.401848967309238247e-02
1.474954324079542634e-01
3.536105135914566766e-01
2.340345498073781449e-02
-6.947332995364974284e-01
-2.903366978329511294e-01
-6.402325383940417058e-01
4.646275641150932056e-01
4.689778429365825119e-01
7.574726367219641876e-01
5.184999179525178192e-01
-5.794994077620916340e-01
9.633572324414233501e-01
-3.334792705132460511e-01
-3.249178335780578131e-02
-2.469824650434965241e-01
-5.857065293508616488e-01
-1.730300615950579601e-01
-4.396699960739240964e-01
3.274700905191866296e-01
-6.892278194883350029e-01
-2.035371709114393024e-01
-2.217384850261865381e-01
8.255223015811506970e-01
2.443961849904880967e-01
3.054375236158796136e-01
-8.880417085731584503e-01
-5.458925283324072009e-01
1.457011924547302328e-01
6.523720413141590457e-01
-9.188127834299177898e-01
9.230336112976718077e-01
5.383568017350053303e-01
-5.957690729470344060e-01
-2.410493055083893221e-01
2.211545816427766820e-01
-8.758324739771248257e-01
-4.208153224641728585e-01
6.577946106957448524e-01
-2.882531676859612091e-02
1.230142323077993982e-01
6.736427155287907365e-01
-2.976351973579148269e-01
8.324881232853293955e-01
8.666086573500031420e-01
-6.996115886151992314e-01
-1.000000000000000000e+00
-5.517531463044358375e-01
1.663353297070915837e-01
2.545701367882948762e-01
9.459535321235765792e-01
7.873167912421970005e-01
-9.815705326415240517e-01
-9.365376774761102752e-01
6.262014673502247497e-01
3.837004206997780553e-01
-5.306004092738980660e-01
-5.677318240116260295e-01
7.738490418876864396e-01
-4.082033921192356196e-01
9.394473432275403102e-01
-2.701122781255937966e-01
-3.443348064021706234e-01
-1.441122229948270661e-01
5.302399056355695528e-01
-1.175772230614446634e-01
-6.295077349280633339e-01
-9.358208124567046760e-01
-6.052862952614639358e-01
4.545305424051093723e-02
8.889646431895301681e-01
4.246568172470563396e-01
-1.572172704951597666e-01
-1.007033404841721769e-01
-2.676807367123831272e-01
5.952504403150595813e-01
9.850816548740153333e-01
2.085619339432622787e-01
-6.608745264156068444e-02
-5.449926512635259179e-01
4.386273393962917821e-01
3.831787395779732708e-01
9.787505237040852180e-01
3.532727900969670487e-01
6.315522131801634131e-01
4.814552149783913881e-01
5.279048663313574696e-01
-1.428628343043447657e-02
7.613191841307261898e-01
-1.820171603370797087e-01
-9.475131436882945346e-01
-7.583934780966195000e-01
8.842169298911202180e-01
5.529844018763998559e-01
6.933002226374306298e-01
-5.179477800991327818e-02
-3.229023071051693727e-01
6.642746678339277455e-01
1.845362279896096136e-01
4.450270783011169851e-01
3.410272462817154349e-02
-9.944592901080340219e-02
-7.452016912963892459e-01
-8.814151589005709830e-01
-3.583471911046816061e-01
-7.938638818967990174e-01
-8.342685257667756815e-01
-8.537302932846788650e-01
-8.828829348439537483e-02
3.148285361908784163e-01
-5.471398095718142951e-01
9.266980249623286703e-01
-5.026461301516194080e-01
-8.894078606085081828e-01
-6.777187943382176893e-01
7.814225710363300603e-01
9.707596053683125170e-01
8.944295330475746653e-01
7.322251871379445443e-02
-9.203517292266609751e-01
-4.457683255503948061e-01
3.314003611486704415e-03
5.481556519800860894e-01
