-2.437322440490393149e-01
-1.978148572484910162e-01
-3.920925179282259698e-01
-4.956136527568399952e-01
4.630127489533026885e-01
-9.633946560206305687e-01
9.544782250455867700e-01
-9.266830371687272416e-01
-8.556437838123065465e-01
6.744266725598929701e-01
-8.513731684353533780e-01
8.727525244447621455e-01
-8.500414018442388198e-01
2.402846722117728540e-01
-6.405731690384957044e-01
5.420310632412250751e-01
5.114833445539929135e-01
8.847316345999992615e-01
-8.480421483056413967e-01
-6.516249916560562516e-02
7.542699776184463856e-01
-1.121888122909440177e-01
4.737750343428672739e-01
8.356946677430031611e-01
-6.135380971984889520e-01
1.273746156599242507e-01
4.826739680401301857e-01
6.558189239596435849e-01
1.000000000000000000e+00
7.984751872559159303e-02
8.997052012528428122e-03
8.632236760012474974e-01
7.628337941902275654e-01
-6.135333038989387866e-01
-9.978271367035667083e-01
2.190245636542662577e-01
-5.673818678414019878e-01
-2.809599578782906448e-03
4.399154261969150381e-01
2.478821588213828420e-01
-9.527864963776612184e-01
1.123406587012586999e-01
-9.353364086657549592e-01
7.493782554249137640e-01
-1.080765289769242687e-01
-3.545388665668236516e-01
7.671538217599267462e-01
-8.585173064601359094e-02
8.902036697313259195e-02
-8.397841078817505633e-02
1.155079101374494599e-01
5.279236695803070090e-01
-2.406499970808229083e-01
5.133318991895985395e-01
5.224438951404702935e-03
-2.926198817957356146e-01
4.179183869896581360e-02
-2.657176382250658886e-01
-3.593870579633672846e-01
-6.762566729537362598e-01
-1.000000000000000000e+00
-1.582490600671651038e-01
-5.137996020468610370e-01
-9.120767863665635300e-01
4.812378504367580412e-01
-5.458572569802115915e-01
-6.307633252192147433e-01
1.467199675521495272e-01
9.449853545383704034e-01
-8.298860393741924746e-01
-8.405205812059358961e-02
-8.539788971291453201e-01
-4.984667375248674204e-01
-4.621296724777372855e-01
-4.068007727852336330e-01
-7.783193950053106658e-01
-7.072868343279170578e-01
7.851224604670434815e-01
1.787411602348828177e-01
-8.558770903278781761e-01
3.137831119175418237e-01
5.646976972575078468e-01
-1.000000000000000000e+00
-1.434155239782072822e-01
-4.295701804292185733e-01
-4.659491574372058298e-01
6.201613532629191017e-01
-4.230358628216088213e-01
-4.282767832043353207e-01
8.628455700310133647e-01
-8.590325032547507789e-02
2.685923661050453326e-01
-4.437516375843695848e-01
7.382373863682099024e-01
4.355046308650030451e-02
-3.104776819660601817e-01
1.840627987149351386e-02
-6.441201840863914896e-01
5.318753273367815559e-02
-5.913552998749384282e-03
-1.948822870318065725e-01
-8.280647779580101453e-01
-7.746072756395639969e-01
2.015051528317138851e-01
1.000000000000000000e+00
-6.595311575493127965e-01
-5.822925503604636788e-03
-3.306035556497552985e-01
8.378453194468273857e-01
4.734976601949380526e-01
-4.144151660629544764e-01
2.504097997212399451e-01
2.191596112093947557e-01
-1.693395031058702316e-01
5.300021829358781966e-01
7.421007943894619707e-01
-6.342206816209272624e-01
1.117838597142158524e-01
2.094600625386887349e-02
-9.315607441822212342e-01
-7.593612282353550125e-01
1.358895209190458253e-02
-7.956037682578123160e-01
1.944244586330128866e-01
-5.791989535357242591e-01
-2.332183126105034920e-02
-3.951257130365122272e-01
3.483229207977785458e-01
8.304444882188567745e-02
6.652121842871637492e-02
-9.811785710636078406e-02
7.747414547510715621e-02
-5.302616620762861110e-01
3.969842976547059976e-01
-3.933033915819419413e-01
-1.192293890500381315e-01
-7.844645111034392881e-01
5.792320570496438670e-01
5.275431943890085407e-01
-9.250642860678015555e-01
-9.063973458184644283e-01
5.394779448752325957e-01
2.439603678985013402e-01
-3.603985791149806328e-01
5.092369151069403577e-01
1.604549055362869403e-01
-9.193764773946820901e-01
2.627170409770504533e-01
6.344828649623812655e-01
4.387161690011867066e-01
-3.755664474301152467e-01
8.626623690475198059e-01
-5.934269066048770691e-01
-5.449525133695453105e-01
-4.666002359606233885e-01
1.727323018247923780e-01
-6.321913476123326436e-01
1.000000000000000000e+00
-2.456640461672296438e-02
-5.364947514072712087e-01
1.012749907717869213e-01
1.000000000000000000e+00
-5.866592663571965627e-01
-7.049068839819131460e-01
-7.356510052069310523e-01
3.094481315359989271e-01
4.908562421819305799e-01
-3.922093963407783379e-01
2.112776385202036200e-01
7.262617218899689586e-01
4.103107670059161771e-01
-2.360283839860809751e-01
7.936183728657772996e-01
-1.798248493048183738e-01
5.555863637253862786e-01
-1.000000000000000000e+00
-7.883866280577445096e-01
-5.676853080042609800e-01
-2.213044522857771923e-01
1.000000000000000000e+00
6.473632683341319360e-01
4.057245652069434438e-01
5.332662248758379686e-01
-7.049031958282789834e-01
-1.926350587174573414e-01
-8.817080476802563460e-01
1.398601844634843050e-01
2.349199753839499305e-01
-8.609345502536858152e-01
-6.194434189243014366e-02
-8.966510184054118371e-01
-3.699054785831171754e-01
-7.418555112131439699e-01
-7.960702528577929815e-01
-9.541553356966074873e-01
9.179513179065593720e-01
4.747339312571269287e-01
-3.442672005304625582e-01
3.019040363134986027e-01
-2.756101415534713550e-01
-1.000000000000000000e+00
3.686824847871483790e-02
4.953327521765615860e-02
5.652029180415828469e-01
2.907378097946460294e-01
9.018735903139082355e-01
4.420006305196975127e-01
3.706934461510240642e-01
2.493569754947069228e-01
7.230912626089921469e-01
-6.997718403340555948e-01
2.062511482589532985e-01
6.152116242387672962e-01
-6.653076049587387519e-01
-7.459270433859555016e-01
2.263343988428505038e-01
-3.423593520528831480e-01
-9.122241253483914791e-02
-8.087412472851776002e-01
3.715326428190086627e-01
2.962783418113263956e-01
1.402866841939743592e-01
7.356699978861678257e-01
-4.369000012741588446e-01
-5.004118119022887834e-02
2.745904950195527938e-01
-1.000000000000000000e+00
-6.714632321362059564e-01
-4.498963067765828772e-01
-1.101483091888457722e-01
6.630488794737281200e-02
5.391475725589062185e-01
4.270754293269989899e-01
5.525066132968750043e-01
-1.096369479840915984e-01
-9.659820813384309979e-01
1.075911083301531734e-01
6.867390996372269019e-02
-9.046184614062586782e-01
8.757244811889577374e-01
1.270033934590678038e-01
3.711050150808219428e-01
4.533635876906716988e-01
9.303112900863826917e-01
-6.160607621036291448e-01
2.745397722410224950e-01
-9.436369334346841331e-01
5.460861027529460010e-01
-6.385231395107582308e-01
-1.904687442681808063e-01
-7.988312171034193110e-01
-4.809294715988453039e-01
-1.637714579701985418e-01
2.894894609517639772e-02
-5.473614419984951240e-01
-3.727218875838220757e-01
-3.546175217039835847e-01
3.645543388501104598e-01
6.842921550192287983e-01
2.886202282563996580e-01
-8.616171020800320601e-01
-6.307016986060620667e-01
4.922119118134204996e-01
9.429904320991840949e-01
8.660483233159961269e-01
