5.131440936864792857e-01
9.614559538193634403e-01
-8.404755397980094855e-01
5.383650702109541442e-01
-8.468502068077015110e-01
-6.874495568893632669e-01
-4.967629022510087200e-01
-3.110455340165496629e-01
-3.414303617703060567e-01
8.339636666646186303e-01
6.188374064365764760e-02
-6.322021414160552411e-01
-1.307372813521381349e-01
4.048690190997139560e-01
2.092790956594159368e-02
5.514731094315441506e-01
9.429249352931878825e-02
-7.007417160898410380e-01
5.092090095466177413e-01
4.997317490555990283e-01
8.026731198093313147e-01
-7.970831073922060028e-01
-2.522541357755903046e-01
7.226415181290060108e-01
7.742235797102257067e-01
-7.174433417510845956e-01
8.517285875074771528e-01
8.855144329747595133e-01
-4.605110240467602534e-01
-4.253099333455578890e-01
-1.950180179561178395e-01
-8.067960122614106222e-01
-4.221633702995721826e-01
9.051654077889845773e-01
-6.642482440948771494e-01
-9.608406208976081331e-01
5.838463283818360328e-01
6.243172398699368131e-01
-8.658228428660474929e-01
7.620172741365709435e-01
-8.898576842323548952e-01
9.792590183269551662e-01
2.951412785466465127e-01
5.841460645981537692e-01
4.825477706821359458e-01
-5.080986510816529744e-01
-1.646833621668979397e-01
-7.574976062022660273e-01
-9.471679649728437234e-01
1.276871469511120516e-01
3.467898372914879346e-02
5.263050064326071364e-01
-3.668327244156837086e-01
-9.406353350331468910e-01
2.388782656624361955e-01
4.311137653195624697e-01
8.507434047375919128e-01
3.800071617239904054e-01
-8.702391994746618842e-01
7.237664986767851083e-01
-7.693284683803398583e-01
-1.189266602748524360e-01
-6.213986800713213743e-01
-3.407046645760634096e-01
-1.014078300957874657e-01
2.421104337393793493e-01
-1.631958014068368712e-02
-3.143287444380564732e-01
-4.803624558269568023e-01
-6.340901275954544669e-01
7.779238074274275050e-01
7.882305285627311253e-01
2.594003798933364191e-01
5.122161043465147667e-01
7.924055713443609594e-01
6.518953824761151150e-01
4.825118173038829283e-01
-1.404641905225443299e-01
6.824630777653184488e-02
1.397451455119120833e-01
2.758375868625666527e-01
-8.199598733292767783e-01
5.111281891669989808e-01
-9.302883587449766178e-01
3.374694518211054373e-01
4.653395432511229224e-01
9.671328577704945140e-01
1.233669292623389424e-01
-9.092747958154800969e-02
-2.154057020827049307e-01
-4.791351429629819858e-01
7.802031908435493879e-01
2.283713565102862830e-01
-2.441101643844674207e-01
4.181312633167317827e-01
-6.864898702732300517e-01
-5.931360416480477848e-01
2.947321331624452867e-03
3.682412390263922752e-02
-6.313397612675413217e-01
-2.783043184440432416e-01
-6.684104533749573029e-01
-5.099487870806229672e-01
6.441006991097932843e-01
-8.187996079127897175e-01
9.668193966901386105e-01
5.305734396371413197e-01
7.299118667354269618e-01
-3.366927908462835628e-01
9.367541122683484822e-01
-6.950794218976918959e-01
4.215059257479876198e-01
-3.786343961852489670e-01
-8.357961699384313103e-01
6.327285744936452794e-01
5.192579911463843789e-01
6.441893681124390980e-01
9.576584966433878687e-01
-6.762657875204136637e-02
-8.600055801741375294e-01
-7.866894521976435239e-01
-8.489849078876183786e-01
-1.141150709963678622e-02
2.437341470806584365e-01
-9.222376389488100568e-01
4.984280694442029258e-01
-7.311292132528013354e-03
-8.929559933674156014e-01
-5.304623869224658339e-01
-9.653110193119374127e-01
7.934827549785650191e-01
6.040194860117051867e-01
-9.325811774647010388e-01
3.365277201267296014e-01
-7.541846126194842181e-01
4.655448278901075376e-01
3.657579267948392054e-01
6.767256747423593399e-01
-7.560237147046966477e-02
-2.493414025776341525e-01
9.826472316055614442e-01
3.618814034251280898e-01
2.310588650819276335e-01
-2.611182636168702942e-01
-6.775554882581840133e-01
-8.432535499068476437e-01
5.206127953625616644e-01
9.891490787311285615e-02
9.688166164757348042e-01
1.765238050406705561e-01
-4.016633592383871409e-01
9.057311423617742108e-02
7.703609721676962785e-02
4.680710615973127098e-02
-8.819460668632161937e-01
3.214224572455501860e-01
-8.355848222141128989e-01
-9.171682323341328047e-01
2.577402431838820007e-01
-5.104228277029521088e-02
-1.649508563227755076e-01
7.521555207668324528e-01
-7.537976355344364610e-01
1.457626414328565545e-01
1.828333255002494440e-01
-4.425249371054988945e-01
-9.608950874887749460e-01
-8.318205510145115777e-01
7.174291866926685302e-02
-5.904760052379967039e-01
-9.954786427730839549e-01
-2.865544748465465030e-01
2.244606129815822637e-01
-5.149242798073161431e-02
9.434873856568108952e-01
-2.623562160058676707e-01
9.485608535465246405e-01
3.478108126769947628e-01
8.381710104427284591e-01
5.040488310112944959e-03
-2.224420313456214604e-01
-5.642045538733426735e-01
4.369394588060533380e-01
-3.053612912990719686e-01
-2.761332244443255313e-01
7.490995113321530230e-01
6.938725257202880137e-01
-8.849609852140991606e-01
4.033285247836166931e-01
-6.626905274588337225e-01
-6.762905782811581279e-01
-9.295183043585175664e-01
-4.091145601778301000e-01
-6.717520355534301046e-02
7.688694551895347562e-01
5.281992401084045774e-01
9.802699181266232298e-01
-7.060345045584961454e-01
-4.824681896724962726e-01
-6.350596096139236035e-01
-9.025175324822776179e-01
-4.885603997214271743e-02
-2.739155698314319487e-01
-3.838221606110212569e-01
-1.239445105649636947e-01
-6.856697004263434536e-02
-4.668590319921284149e-03
4.417799125510093461e-01
-3.803365001675653723e-01
-2.903750671011382511e-01
-3.676833282276978920e-01
-6.736134162378171197e-01
-3.141297969209297936e-01
6.918654072510279640e-01
-5.679256007969994968e-01
4.179446658575354245e-01
-2.139187987726243190e-01
-6.173942236803475758e-01
-5.658693777486762944e-01
-8.199105550662191266e-01
7.518922796192701874e-01
-8.092430475944418777e-01
6.367524002617075407e-01
7.057465463333623124e-01
1.208624539473748261e-01
-3.316303216754719063e-01
7.075458120484832136e-01
-1.594860049066852969e-01
7.848574330630015972e-01
-9.728058641971368825e-01
3.505623075658457211e-01
2.978586356786478984e-01
5.000837393101149608e-01
-5.267984859407166542e-01
-4.892058004543002880e-01
-5.808730119179554841e-01
8.242769420417335180e-01
-4.211951768400197249e-01
-4.428125989979645460e-01
4.081756765780153451e-01
-9.287717946686071535e-01
5.142478667969767603e-01
-9.712427578929272443e-02
-5.463547190200002124e-01
-1.048122032973357598e-01
-2.180006437880552816e-01
3.557838330142870653e-01
9.688599828926010016e-01
5.182767111930326465e-01
-5.068299089917049915e-01
-4.194435227896886609e-02
-5.716562653717176534e-01
-5.750738301575539779e-01
5.774206631799425615e-01
-1.680366654564933171e-01
5.261221732973684340e-01
5.226132569640953296e-01
3.871432319442433823e-01
-9.338174780575119183e-01
4.268473119821494244e-01
8.700519744282486645e-01
8.841735520935380954e-01
3.445447884534877936e-01
-1.134255546625537736e-01
-9.615908237738488573e-01
