5.318005462603125899e-01
2.018299791137589949e-02
-3.747184642798111476e-01
1.000729373422346025e-01
1.058938540046190369e-01
-9.166278184183811462e-01
-8.163802519189197193e-01
-5.773233334994021249e-02
-1.107408101768269648e-01
1.936797659106410663e-01
-6.795446048015385543e-01
-6.997049918922464418e-01
3.885322988950207779e-01
-7.144733770053333100e-01
5.876037800561606517e-01
3.446838912515433617e-01
4.880171971030591305e-01
-7.678147289534435760e-02
-2.865816430659527403e-01
9.546214020746701667e-01
-9.764242241422205204e-01
7.613564112583818266e-01
-8.752102015801355162e-01
3.714561556251097518e-01
7.755958137001517372e-02
-9.171621640163578615e-01
9.312162670753432181e-01
-1.196266103938046221e-01
-8.868546472787988133e-01
5.551949692879276643e-01
1.000000000000000000e+00
6.698797044416910929e-01
-3.528693584055802024e-01
7.318221635880113318e-01
1.470491537398803672e-01
-2.031100759673000467e-01
-7.578340474872702348e-01
8.260360968523712266e-01
4.119219540940546320e-01
-6.008107886772741102e-01
7.493643495020252399e-01
-9.106744943053158847e-01
3.895420477661135639e-01
6.919980147837072604e-01
9.079619864063976920e-01
1.000000000000000000e+00
-1.828281025612787936e-02
6.895834750766018928e-01
6.740854113573275797e-01
-8.641278528979441376e-01
3.976550667502954939e-01
-3.489703174183282908e-01
-1.000000000000000000e+00
9.690526384988898956e-01
-9.520803118002074683e-01
5.243574617996102916e-01
1.524909702461479943e-01
-8.876633138076746032e-01
9.198082275990993040e-02
7.469594447410021765e-01
-3.608748460477395614e-01
-6.045001534160010515e-02
-5.070034932373153058e-01
-5.864882028411955162e-01
9.803139286894217985e-01
-2.610620129876377038e-01
-5.997894825011629294e-02
3.837059985313224786e-01
-8.593595160178635339e-01
-5.127815524548413606e-01
-9.493616186302149540e-01
-7.767933269401501306e-01
7.204116167089044676e-02
2.158255887294233122e-02
8.159415835816064000e-01
4.631229800394478513e-01
-2.994292487574712336e-01
7.070380224346879405e-01
3.439430215594261320e-01
-4.600435428492142265e-01
4.275961897493305575e-01
-1.815250926574633605e-01
-1.797108035442702145e-01
4.530111820745076900e-01
-5.442190532164179473e-01
-1.622484420971103125e-01
7.946004711086729344e-02
7.510755412450087487e-01
-2.358043158403324568e-01
-2.018458378149707855e-01
-6.051605628330112285e-01
-3.145502515184790404e-01
-9.859649313589846642e-01
-4.914740165947947131e-02
-5.372554980391188728e-01
-8.182000800772461224e-02
-5.304822412364655904e-01
-6.962829933305716423e-01
-3.162323532688549044e-02
2.563339061655875994e-01
-7.258832875555610853e-01
-1.000000000000000000e+00
-9.056975715176585062e-01
7.960216890450045879e-01
1.406013664729215129e-01
-4.317163794182481418e-01
-1.741702502388293716e-01
-7.211650909639526486e-01
-4.921355489811564121e-01
6.832763061250957115e-01
-9.023079552387073266e-01
7.341376991182868572e-02
8.851293564208084774e-02
2.111497212472681628e-01
9.797308865026019831e-01
-5.566628777902492553e-01
2.506695527159115144e-01
9.382121410075209278e-01
1.045737344010349013e-01
-3.942699993822145199e-01
-9.518674312922145164e-01
5.761613120015796063e-01
-8.933999988205227893e-01
-2.265013278216151116e-01
-6.880032346026333512e-01
6.676061939270483414e-01
5.577070756350351044e-02
6.897125985433161244e-01
-6.987768747829603555e-01
4.565640274284115119e-01
-1.725131899293252946e-01
-8.035233028275672318e-01
-1.000000000000000000e+00
4.483831137812901435e-01
-7.701271761886008260e-01
-4.289214886054224518e-01
-1.778373033954858684e-01
5.058621143560723121e-01
5.279665366371137925e-01
-7.796850358760876176e-01
-5.726873181992453432e-01
-6.484317614178751743e-01
1.263727807069543463e-01
5.423440038320372913e-01
-4.176513597955819890e-01
4.269004180576095320e-01
7.789021732544418875e-01
-2.560019703383635825e-01
-5.964096001828007587e-01
-4.123151035901411188e-01
-9.359407444537343190e-01
-4.024978432708956610e-01
6.363986349788067765e-01
-8.838730800757823580e-01
-8.586932591412435034e-01
-6.001218850687974754e-02
-9.375629924582115637e-02
7.597216074615916748e-01
4.312218146889407883e-02
4.266338743700635039e-01
7.796073412955090154e-01
4.832791475573184892e-01
-1.654707487071865185e-02
-8.940903361892151846e-01
9.892932429381079418e-01
-1.259280053909914709e-01
6.391875231120016654e-01
3.881552062262347835e-01
6.639599017250574775e-01
-4.147089519126941348e-01
-1.000000000000000000e+00
-7.592084918027810492e-01
7.049358680230166652e-01
7.135193468285333518e-01
-7.193524127120766165e-01
-1.000000000000000000e+00
7.848044904830677737e-01
3.610020519744726042e-01
8.627201656081544545e-01
6.117820245979604943e-02
-6.482398178840228509e-01
-6.343992631503896362e-01
-1.223497581309294230e-01
1.374653609533343368e-01
2.935176861880056665e-02
1.894563195284604262e-01
3.822001191918658614e-01
-2.702500363075789336e-01
-7.347880082619417941e-01
-7.323684361919216013e-01
-2.888294142938434561e-01
4.659906216875104867e-01
-4.738972658556763751e-01
4.368568472295364380e-02
-5.082686150377175860e-01
2.478717145602310490e-01
-7.295356363322575977e-01
-2.759473956042700626e-01
-9.597660427531818916e-01
2.875065872541585632e-01
-5.093424888387558802e-01
3.040903601950286639e-01
-3.302434650776721048e-01
4.885875470946194898e-01
-2.612414572904716015e-01
6.346675289445042889e-01
-4.747070396490387090e-01
9.459716358333973840e-01
4.927882861358523492e-02
1.746836741226829304e-01
-3.777851794109877148e-01
7.060675346269451591e-01
5.128199611152759463e-01
4.776191936192537568e-01
6.496733543573566250e-01
4.031169434851402666e-01
6.380118416313699248e-01
7.364913442419307454e-01
-9.198875020110939271e-01
7.946217450271856331e-01
-8.546332493340185188e-01
8.217525245499823772e-01
4.686071291798608041e-01
-1.191969989213240988e-01
8.740935104866061067e-01
-2.031783535511149097e-01
1.000000000000000000e+00
-4.085901857506191170e-02
-8.887616307967838303e-02
-8.544237352010678466e-01
1.211231820371645451e-01
-5.435781616612099798e-01
1.000000000000000000e+00
2.053341554164777594e-01
-8.205923643864261596e-02
-3.068059087817847086e-01
9.619364810773132213e-01
7.458087156567476672e-01
2.923746260302529931e-01
4.422699466195776363e-01
-6.348166077991723721e-02
-9.067982983293809696e-03
-8.210711191516377738e-01
-1.609401213356644877e-01
1.408498686759631635e-01
-1.319813933569489173e-01
-2.773313636327652265e-01
1.756693800784605575e-01
6.986423913186325940e-01
9.253962740291918898e-01
7.690087316957945340e-01
3.053123639897048491e-01
-4.729908761609991075e-02
-7.260621247817602986e-02
4.336433493880795242e-01
-4.405245715530321515e-01
4.526698552427215194e-01
-8.080353042506915884e-02
1.759978432622004707e-01
-3.370239976221475059e-02
4.673585995807622573e-01
6.718987101157505304e-01
5.025993012576464025e-01
4.992126384756414570e-01
-1.536088437813881991e-01
