-1.248381838501590457e-01
-5.091361916377459274e-01
9.486996079135321391e-01
4.767003693394321062e-01
3.146630592683501426e-01
6.621663379499417856e-02
-7.904446269358742505e-01
-2.075702862598596266e-01
1.541498849018873019e-01
4.710054771145226749e-01
8.406649220294148961e-02
-1.976747641633171404e-01
-7.400861421329532619e-02
-1.000000000000000000e+00
1.480977105578964448e-01
-4.353009048256690772e-01
-5.422444121343963364e-01
-3.838290876283748654e-01
1.875274961468584856e-01
5.151748751755802491e-01
-1.762286259373724295e-02
3.100070736417505635e-01
5.996780038478201069e-01
2.537666774832992855e-01
2.768569687410796232e-02
-8.067262869679414639e-01
-3.423712196250098261e-01
4.224387636367640253e-01
-1.839634304290199973e-01
6.158024315936214688e-01
8.500893058278857772e-01
1.000000000000000000e+00
-4.358015839599103103e-01
7.624351438553443883e-01
5.665588915725996433e-01
1.453966621223943267e-01
1.000000000000000000e+00
-1.000000000000000000e+00
3.353331071065122071e-01
-8.263114024791175238e-02
-3.642307238996834173e-01
9.132129384840250719e-01
3.626081272077944506e-01
1.182702525080301520e-01
-2.226601879821982766e-01
4.252831144262751994e-01
6.244263574317798771e-01
5.831886335704268287e-01
-1.000000000000000000e+00
7.989838389137948749e-01
-8.101714915524758920e-02
-1.439622092816118248e-01
3.756306994895585727e-01
1.070369608818632357e-01
3.784722207199177624e-01
8.574378628216758336e-02
1.672437607124937220e-01
-5.096712592437443456e-01
-3.655884016471426801e-01
-8.086366309817925035e-01
5.320822703063177173e-01
-6.439442641338307682e-01
-7.850034911754613098e-01
-1.463589947626927831e-02
8.233716747772218403e-01
1.000000000000000000e+00
-3.285407783359015066e-01
7.372656727498139162e-01
-3.893234837821432648e-02
-7.097534822363400497e-01
5.822645476777560392e-01
1.306838553032329542e-01
6.409500319386569611e-01
1.000000000000000000e+00
1.000000000000000000e+00
-2.511385357924649231e-01
-4.252757591258498060e-01
3.164513877195286318e-01
-2.561320238679160033e-01
-2.690871965939539701e-01
6.077236252128882521e-01
-1.013668123271185412e-01
-5.787601230796429741e-01
1.706585644603154650e-01
-7.390336803512826958e-01
-8.056650043340709555e-01
6.558860782862087069e-01
-9.435228681456686584e-01
-1.319527020520513960e-01
9.312126795720616634e-01
9.091466700777073306e-01
-4.106791640452385206e-01
7.840839909752421732e-01
-7.425220188191498927e-02
7.750363173483786339e-01
-6.236138596745830487e-01
5.870672194524779730e-01
-7.911025030226603860e-01
-7.541641894614060648e-01
-2.812850498549533951e-01
-9.380166496045543312e-01
6.297015976551608718e-01
-2.061529375031259381e-01
2.687340760988985444e-01
-5.397761219491237217e-01
1.311644371507460216e-01
6.663208142039473980e-01
9.186936257395970085e-01
9.669369166639696367e-02
-3.541632657355093805e-01
5.111529695519050343e-01
-2.453486299664879577e-01
-1.013207529998307876e-01
-9.494628157982476502e-01
9.327807048771319387e-01
-5.405219931843818770e-01
-1.473329294164877068e-01
-8.308857229035332415e-01
1.857696175107681480e-01
3.156427455776006363e-01
-3.588036778620171674e-01
2.848008675429242187e-01
7.644607390170987671e-01
3.328831445375727283e-01
6.976406271913100365e-01
-6.921195845193266472e-01
7.483140109154642339e-01
5.350710622563836782e-01
-2.273757212247987103e-01
4.870875111059194129e-01
1.000000000000000000e+00
-8.780390418305321631e-01
2.382210953286903465e-01
3.233288008245929768e-01
5.237114280073838779e-02
2.373029684595558408e-01
-9.959241606992011442e-02
-9.694928165289424804e-01
-1.302439019942905341e-01
7.693644278269246017e-01
-5.185917706235476654e-01
-9.465191745596710504e-01
-2.721178130755418367e-01
-9.141837522768078150e-01
3.313115622602693100e-01
-1.188489257406695476e-01
6.006524048023579310e-01
-2.218693580809611987e-01
4.755850069044738615e-01
1.309618311116431677e-01
-1.640838108324782774e-01
5.830375839744295074e-01
7.780333464945605737e-01
-1.231725587486456330e-01
6.244715277421304389e-01
-7.146436909912587954e-01
8.155837301557256058e-01
-5.187268312561759132e-01
4.899232983321045176e-01
7.228073834394412867e-01
8.465404117213324309e-01
7.818383753579966067e-02
-4.088061012598341315e-01
-9.406100603555314077e-01
-3.602155027455988812e-01
5.722147684358511732e-01
1.964482671768922883e-01
-1.000000000000000000e+00
-5.606806168753764030e-01
-1.750321313815663693e-01
-8.731438529130404191e-01
1.570630273149188350e-01
-9.666066277525193762e-01
-5.221188551346752638e-01
-9.657718147173365297e-01
-6.601300495173832994e-01
-1.000000000000000000e+00
-2.056322075382531825e-02
-1.000000000000000000e+00
-3.689290907931437324e-01
4.364426098709333068e-01
-2.443707318412319252e-02
7.527592704372578769e-01
4.117381230401452319e-01
-7.040050670456448056e-01
-4.181103418188711340e-01
1.000000000000000000e+00
7.692697560024004400e-01
-5.033952498491256478e-02
7.271245993101386196e-01
6.261870478605899848e-01
-5.275818481964557050e-01
-2.351325029695774393e-01
-8.986564527961800053e-01
8.959994207125947518e-01
-9.938848109881841530e-01
4.210295618573424159e-01
7.479589958847563391e-01
-2.117178369350700140e-01
-2.151952457513222339e-01
8.404155290635245690e-01
9.552130477209299642e-01
1.394173756742178583e-01
-4.226601949856101381e-01
1.189064316271378485e-01
-6.406551208810065123e-01
-5.234503622822364033e-01
-2.733352966437839759e-01
-8.152199155908578243e-01
8.734753241405435187e-01
-4.195039427113856911e-01
-8.679669695703924326e-01
6.137549099497785488e-01
3.554878180494845941e-01
6.960339499738108504e-01
-5.838225058677469770e-01
4.650836506260616621e-02
-4.622746160383700564e-01
7.830131547595218233e-01
-4.941972154342301471e-02
6.918574953528121574e-01
5.935091045952042288e-01
-4.522759686665727141e-01
5.366969140762735124e-01
1.286855559497208923e-02
4.455266062941158345e-01
5.986676129197463503e-01
6.649207470662417130e-01
-7.142725072775887862e-02
-1.848342578506998457e-01
-2.214979382022999044e-01
-4.788374442965167566e-01
9.218663435923358795e-01
4.425077312185858314e-01
6.403292680028009887e-01
-5.901574058762868447e-01
2.853253295824992875e-01
-7.248383522664355594e-01
7.886323563054405128e-02
3.723937334847711722e-01
6.325949117715523595e-01
-8.102954481971602618e-02
-2.563788954174816004e-01
6.557355725386178058e-01
-6.000216134965808967e-01
-1.976521421418619695e-01
9.024727523522790840e-02
-4.766377582854848804e-01
5.801407372369873361e-01
-4.804535713056701240e-01
2.324887341383224393e-01
-6.155228797934053642e-01
-2.854251128171111374e-01
1.038677136091756270e-01
7.422782627466398830e-01
2.838863561012491821e-01
-6.449882625524846480e-01
7.732045976654541297e-01
-4.825810503523502160e-01
4.421881923233927925e-01
-7.683157264730555713e-01
-5.895979833032694017e-04
7.965288636612426476e-01
1.870705202280798507e-01
-1.458092846276777266e-01
