-4.344317602494645048e-01
-5.804774236068910298e-02
-4.491660515164790368e-01
-4.377144270309978324e-01
9.145350059221430961e-01
-2.500632456227669387e-01
-9.258422482040626900e-01
1.015302636482176002e-01
-7.072814978856944990e-02
3.227045679763773656e-02
1.182276592751474453e-01
-8.426630754104722509e-01
7.821944199734183201e-01
2.890293848269693822e-01
-7.999648321442638377e-01
-3.850579817519763637e-01
-7.566247491098812006e-01
-9.443760713967366272e-01
-3.100852105398552716e-01
-4.107477971861062116e-02
5.863911224789057908e-01
-2.369037431131546523e-01
-1.700113434385464029e-01
8.004638018332732585e-01
6.995693368757496255e-01
-1.611721305864144416e-01
-2.554349954534396172e-01
-8.538575429224335434e-01
-4.306091917476562170e-01
6.538344732160017436e-02
4.719716844116921273e-01
-6.478698537956224524e-01
-3.858638669213234618e-01
9.895380288338146979e-01
9.811808379313358142e-01
-7.908680358175064207e-01
-3.840781686269603146e-01
6.771644764805397898e-01
6.069099663125803179e-01
-2.912228372313070413e-01
8.734071540136278955e-02
8.014102595761358749e-01
-8.281931061314744547e-01
-2.033759174983975626e-01
6.089367764298569963e-01
8.782534979034755107e-01
4.311215757116289016e-01
9.995549004811781213e-01
8.133206303735340814e-01
-7.175513413853857880e-01
-9.654414073625130488e-01
4.935260926625328892e-02
-8.476691848775301796e-01
-4.354954418394079152e-01
9.179189335249098303e-01
1.696085353873781898e-01
-1.272783002400121877e-01
-9.564863964950616193e-01
9.926880609528030419e-01
9.397033939291128402e-01
1.835784914035003546e-01
-2.304213450624950088e-01
2.213761366921926932e-01
7.336238046105385546e-01
-3.269655334555268134e-01
-4.044787305406611910e-01
6.494440087338404499e-01
4.596743309733473115e-01
-5.343661521441911422e-01
-2.847794882163703356e-01
-3.955971872344741236e-01
-2.136077312266884132e-01
2.529056777174603088e-01
2.454299032457309959e-01
6.185718891125893126e-01
-1.190233268994145277e-02
-2.101333307927113481e-01
-6.278986877948846690e-01
2.536635686736681272e-01
1.958289884951676108e-01
3.993670480911228893e-01
7.016722294846067243e-02
-9.653856105986209357e-01
-1.651333268474119986e-01
9.351213846224057935e-01
3.547567980316217451e-01
4.192780821073260888e-02
-3.759869994496320977e-01
-9.809558952648902430e-01
-7.114267200936592594e-01
8.039018722746389400e-01
-8.296527687472616819e-01
-5.369023394435248342e-01
7.837104053222869737e-01
7.988740875829765109e-01
-3.359236777636898097e-01
-2.296799612304527560e-01
-2.551214729221407129e-01
-3.135954735390982240e-01
5.127472546404110432e-01
2.124551629147681808e-01
-6.920010918934367261e-01
3.351739874231400851e-01
9.686037678831740383e-01
4.757306630293818284e-01
-1.356241862698552847e-01
-1.723092947291327004e-01
4.409141430417118368e-01
-4.197457819664411893e-01
-2.782486337547875888e-01
1.276455387040411615e-01
5.691663397989399353e-01
-6.636984669915244606e-01
-9.769354601515980452e-01
8.926936050445450910e-01
1.634528390050826729e-01
-5.888436488034889393e-01
-8.842813167959886478e-01
3.461795096075519496e-01
-2.893228389177313620e-01
-4.805371091155530294e-03
-3.204230720148708578e-01
-2.763257449570546420e-01
-7.155957323929114100e-01
2.968176752916804606e-01
-2.495844296950660013e-01
-2.869903980970032187e-01
8.320048200361813695e-01
2.545766704764105270e-01
-3.861783122811781599e-01
-3.043145425898028389e-01
-5.865099261036337275e-01
1.063730494677894711e-01
-1.831744285132106409e-01
2.841495849019026743e-02
-9.491198668040434772e-01
-2.755855136315468190e-01
-1.637571755853843847e-01
-3.169165875298514123e-01
-5.667028186317089045e-01
2.755604766617381074e-02
3.016810824550808512e-01
3.924155177681030171e-01
-7.452084781542096525e-01
-5.748904532148888524e-01
-2.479232074029966704e-01
-4.537721935022558384e-01
8.762868296879067209e-02
8.258034736922901242e-01
7.772731746522378860e-01
3.181727813759065437e-01
9.878654059279590172e-01
5.674953153983934850e-01
3.620951703212507145e-01
-8.711512369673362066e-01
-9.045770186111841138e-01
7.884327225497236302e-01
-6.463158555264942873e-01
6.819723697054944633e-01
6.879058296730420352e-01
-9.718483618610096464e-01
9.925057003921275989e-01
-3.150112457060825211e-01
-9.636277144423412988e-01
4.403273181210816123e-01
5.462504889524271157e-01
5.142261974451598494e-01
-9.913534637462892984e-01
6.582808814955460885e-01
-9.867860897759059835e-01
5.588159325668042854e-01
9.729039991883619010e-01
-9.655268241579788580e-01
7.558802801207815669e-01
-5.848442851981381363e-01
4.713602699597188028e-01
5.278049665733732798e-01
4.915730837347094262e-01
5.444896744169103187e-01
1.576542720044795676e-01
9.031447790917697116e-01
-9.380399375921273375e-01
-7.648104015608987449e-01
-4.777988585613879291e-01
-9.195957642341021643e-01
6.384697624048467635e-01
4.893954020206747746e-01
3.608727789960992638e-01
-8.604955336042028335e-01
8.151400991943045238e-01
1.764186912831102738e-01
-1.368241837126547011e-01
-8.425080991626168192e-01
-5.717782002322424617e-03
-8.887271390501676471e-01
-6.051714406882857666e-02
-8.415057109772066113e-01
-6.274715519346947268e-01
6.931812733920652558e-01
-2.798878870912491212e-01
-8.987150073397307537e-01
-4.618849154514927946e-01
9.417263502714348089e-01
-3.016476177592319896e-01
-7.557026780764524165e-01
-6.776653898040005952e-01
7.381283123682289560e-01
-9.766410361557009701e-02
-7.199109302495290130e-01
5.654799223495603488e-01
-7.634942758928471296e-01
3.727348984660978637e-01
4.113707656504173027e-01
6.679348254670316454e-01
3.464182997628399985e-01
-1.406791030121024022e-02
-4.799455934862690842e-01
-7.333248307440369818e-01
-8.898862409655783345e-02
2.767712359547802592e-01
-8.588113116805007330e-02
4.381670335170388952e-01
5.359048260322616386e-01
9.062685814693536290e-01
4.331624337551471804e-01
1.492683558318710357e-01
-5.819587863757080815e-01
-2.429881369736106578e-01
-8.286899747413756234e-01
9.210146880430598593e-01
-2.483544500323513482e-01
-5.333261587404936055e-01
-6.197496258367316546e-01
1.148888514681010165e-01
-7.381115310312851285e-01
5.003164669906792206e-01
2.708063527115507352e-01
7.104944776709243293e-01
3.615598179949843782e-01
-8.702290403288206466e-01
-1.761908175151070122e-01
6.599552204473431161e-01
6.178984718563176326e-01
-1.234023391145591120e-01
2.717698747263783687e-01
-3.950420271353112245e-01
9.975196582221899089e-01
2.274140235668999921e-01
2.925361245406543631e-03
1.697384477537426939e-01
8.764123771710459199e-01
-2.889378550120682565e-01
4.681761933144068522e-03
-3.122668488086093319e-01
2.525225749695059196e-01
1.201747728749678057e-01
-5.013388674620167240e-01
5.263002605358393371e-01
-5.912445139645325920e-01
7.093622595459050384e-01
-8.544836497947194687e-02
-1.094771878998295200e-01
7.680055604724758123e-01
-3.063902596622856134e-01
2.052341355071591877e-01
