7.146178228879636052e-01
4.260471979794027142e-01
-2.324910493932990097e-01
9.198850090938248680e-01
8.011356688461304110e-01
9.480290320665439863e-01
-1.000000000000000000e+00
4.991462054400619408e-01
-9.373832002870474689e-02
-7.127855872258610503e-01
-6.903707606991651424e-01
1.954059938827226173e-01
2.201432018113733680e-01
9.847347675711354276e-03
1.286355795361950882e-01
-1.185948183901464059e-01
7.613684995606209149e-01
-8.769264731785044731e-01
9.470793752564818924e-01
-1.852905641846111784e-01
9.557922292075564652e-01
8.927569438712953942e-02
4.829903254311065375e-01
-3.125696618543534200e-01
3.737205204230487077e-01
8.721298245325799503e-02
-3.484260325497765542e-01
-5.869980306328754782e-01
-7.983731551085885281e-01
4.443908674536501957e-01
-3.898847209464386121e-01
-7.843829978231664501e-02
-8.380993367658204907e-01
9.046075369448360881e-01
6.437205568507681219e-01
-4.111289984808910170e-01
-2.838456898305305454e-01
6.817842370829002574e-01
2.835242860206180215e-01
-5.125017667511818642e-01
6.370050091989498675e-01
-9.009284380911259937e-01
-9.183897427056305629e-01
-7.250770302258489064e-01
-4.594637984761829608e-01
5.434742502875153924e-01
-7.819792728186707453e-01
-4.744207223738197143e-01
-3.615987042012291375e-01
-4.166119352464932035e-01
-5.922960894206408256e-03
-2.963349513882520547e-01
2.080175128925197958e-01
8.204267438654034850e-01
3.749429298653140785e-01
-5.773879720981698327e-01
-2.644065502986348015e-01
-5.577126274364989644e-01
6.485136332582448482e-01
-8.516458802939939066e-01
-2.918771600268591504e-01
8.784766952963299902e-01
-8.923300441650743320e-01
3.621561463865947683e-01
-2.246468038350706020e-03
6.966501441907149150e-01
1.000000000000000000e+00
-6.634789039854909198e-01
-1.970574417190062988e-02
-8.620348446810857101e-01
5.083938988927287905e-01
4.651248514704571235e-01
-7.176809311938714409e-02
9.490121935379087770e-01
7.197326663727624529e-01
-3.207268838809265721e-01
-3.965058165811758961e-01
-6.190925559736598638e-01
7.347800389467249449e-01
-8.576289433900541326e-02
-5.869703514002619915e-01
-8.507749636694061923e-01
-6.682126849617836539e-01
-8.101015035851300006e-01
9.528668577365650982e-01
-3.470798843570077619e-01
-1.000000000000000000e+00
4.338965248481718717e-01
-1.832431187853623966e-01
-8.834786177298949994e-01
7.003272476696071891e-01
-5.547390321716536565e-01
-8.984221494574262667e-01
-5.747890867266516324e-01
-9.307665003073228860e-03
5.147711833371459988e-02
-2.330034002610417015e-03
2.346977297730632461e-01
8.678558330370018670e-01
6.369295931310295367e-02
6.064973086355377463e-01
9.017985346853094053e-02
6.509189242674155995e-01
-3.575237711494949622e-01
-6.444127108048681718e-01
8.291627843870248427e-01
-6.480194777688249586e-01
2.345761132931764581e-01
-6.997175396097459199e-01
7.114721918364332875e-01
8.445196743342660017e-01
-7.317906297772180935e-01
8.968447476555079234e-01
-5.599492285541136649e-01
-8.251128432527596868e-01
2.507410198723386552e-02
9.891133032590140317e-01
-8.702873273451252611e-01
6.037848067079754077e-01
-8.015879167193153965e-01
7.073807779131849882e-01
-5.667055465839301309e-01
3.382264142904808923e-01
-1.000000000000000000e+00
2.217523500307301276e-01
-7.130598837115864619e-02
-4.850822811092074527e-02
7.653629355562121539e-01
9.117752714835170025e-01
6.835536150432317548e-01
-9.902123583974915544e-01
-7.575315007716207916e-01
-3.579492949012975100e-01
2.443759452568852186e-01
4.876030071641546115e-01
5.551485614116202782e-02
-7.314886767295192271e-01
7.887146608265389602e-01
8.732275934707387499e-01
5.122442291894172550e-01
6.935067023581462653e-01
-6.690584465367103162e-01
6.677136519960937822e-01
-8.873959928889307847e-01
4.508167431438042105e-01
-4.386274203432403151e-01
-2.534086667540552118e-01
-1.000000000000000000e+00
-1.093067010374324521e-01
-1.248730878829502761e-01
-1.345262877473962781e-02
-8.457118692271282656e-01
-5.236919800824721971e-01
-6.898449185344057710e-01
-5.526691423840324191e-02
2.275556408548286558e-01
1.875459129217337262e-01
7.963573616982420056e-01
1.534450563834968140e-01
3.167099433690804267e-01
-1.810658703771390599e-01
-3.485004951065968637e-01
6.286830222889680519e-02
-6.210778102887495322e-01
-2.892448191785639278e-01
3.508608299637072103e-01
-9.295157075952896752e-01
-2.879512721040524692e-01
-8.865628850467408562e-01
9.194911269410561694e-01
9.157944352958460321e-01
-7.715055281186709024e-01
-7.381143388993789412e-01
-1.188096186150611744e-01
3.916725773164710933e-01
-6.515238676741537116e-01
-4.045183406908985368e-01
-6.016483307403879266e-01
7.534216612423358939e-01
-2.030226694133278886e-02
-2.673764321508891317e-01
-6.098038770510328943e-01
-2.478000224245249794e-02
2.276234212462857620e-01
4.734863117032639401e-02
2.728844529927232365e-02
-8.649708379879086362e-01
-3.512154728296507100e-01
-5.425632882253481615e-01
1.661925037880145339e-01
4.412574914026490269e-02
5.563783451345200026e-01
-7.479536260367829481e-01
9.057714468407136454e-01
6.084780100918314449e-01
9.117357266335650579e-01
9.559657282141500456e-01
-5.576239978100014372e-03
5.146420670710641909e-01
-6.863157657761767005e-01
-5.350012843532012813e-02
-1.020411032146169295e-01
5.426111566821434362e-01
3.006489281815049597e-01
6.468615135262402172e-01
6.205469393855318483e-01
2.057976227740782316e-01
-9.432945138165360621e-01
2.004379070302559906e-01
-7.024274917581067035e-01
-1.032151335812228066e-01
-6.036590341109344671e-01
-1.343659537382798641e-01
9.203321270611664051e-01
7.321490081951856910e-01
-7.688477647276236171e-01
9.887241336484062781e-01
-6.874993571367611633e-02
6.838073846141413947e-03
-1.763653113489882518e-01
-3.247156869332608053e-01
5.346093554389341751e-01
-5.058094115299330840e-01
5.744485350152892522e-01
1.849175029878493692e-01
5.530755947300058928e-01
1.300717452068026747e-01
-6.708078936109727053e-01
-1.396032444907802095e-02
5.455946732203391658e-01
-9.667683975183929412e-01
-7.965886979118941280e-01
-7.603906194663878626e-02
-7.272913476747888684e-01
-8.992438116676864102e-01
6.232380498965469640e-01
9.030708542658019700e-02
-6.366431926855935508e-01
7.699521437074842156e-01
2.903396940255668912e-02
-4.200380304649686813e-01
-3.696951369627761164e-01
4.814231166923567395e-02
-3.799194024878684850e-01
5.695426486398100785e-01
-3.917099976376576809e-01
-5.108506828302077085e-02
1.499112693971162980e-01
5.650364318161458232e-01
-6.146086490254737411e-01
-1.383292618821858611e-01
8.954881785096309166e-01
4.874317041133845452e-01
4.295842133976444099e-01
-7.276536451262249905e-01
1.094454558242232700e-01
2.011668582738548317e-01
1.375257067619030105e-01
9.465379554586159649e-01
4.571309973743472033e-01
6.283534614713530697e-01
-7.439704522539234421e-01
8.153751841635210607e-01
9.331020642581562274e-01
-3.529620740263232914e-01
