-3.117798017513098152e-01
2.495432891354658345e-02
-9.428637584028787266e-01
5.430668363146887861e-02
5.179996952395309329e-01
3.757434619572810330e-01
6.481926983873635972e-01
-5.414112344846462310e-01
-6.758576689354313105e-01
-6.347287054382937388e-01
2.220070344606572821e-01
8.527827687117954802e-01
7.640560467232028197e-01
5.341162782782743479e-01
8.667668584326460035e-01
-8.772052162743753101e-01
-9.958334629569369767e-01
-5.799568577475953113e-01
-2.473252048957488569e-01
1.799141259298369655e-01
-8.476371266977059116e-02
4.075527706710833087e-01
-4.185416431452140817e-01
-5.162986843961268058e-01
4.944969849979536369e-01
5.515452068384796291e-02
3.355945161637141627e-01
-2.126547123189541644e-01
-7.891419056178514690e-01
5.521912988108144127e-01
-8.116653039125394375e-01
-1.896397945074722591e-01
9.956946131520960641e-01
-3.482131123202665823e-01
-1.544324441866782027e-01
-5.881840142466855381e-01
-2.464964896842136433e-01
-4.177311483726913188e-01
-1.000000000000000000e+00
-3.242731978786659308e-01
-3.155352462135140867e-01
5.431314126643025375e-01
-7.726891871057683936e-02
-8.243381768164455004e-01
5.099923042323323275e-01
3.617933530437691392e-01
3.739201070877512523e-01
4.418872957860972006e-01
-6.943444048901037391e-02
-4.686424952951602219e-01
2.821263723673695933e-01
-8.087015129588992490e-01
1.469386693221090834e-01
-7.087013076505412901e-01
-1.700778926422976678e-01
8.667759317485931314e-01
-4.595497286150476146e-01
-1.654360341465435091e-01
-9.096877268932952454e-01
-4.036796868515257763e-01
4.724693485265434312e-01
1.000000000000000000e+00
-9.732325611705875401e-01
-6.241958192684322615e-01
9.028003612958872548e-01
-6.633419765645921506e-01
2.832983169935562873e-01
4.703565228211125104e-01
7.718122272728474842e-01
-9.374678500779043411e-01
-8.196703428704663619e-01
-7.934955407301095276e-01
1.553503253076372881e-02
6.051857156474279575e-01
-8.092739249386005085e-01
-6.816709312456354919e-01
9.092952425472700106e-01
-9.689562695308095996e-01
-5.637834326847950273e-01
-7.137240510805475946e-01
9.059976894214455401e-01
-5.393822697632799645e-01
-3.177963330752522353e-01
2.218398213303446609e-01
1.879368033873198354e-02
3.585628610819101003e-01
6.969704922442285788e-01
-8.444633947877215885e-01
-2.590258643980702935e-01
-2.010773588074014628e-01
-1.000000000000000000e+00
1.000000000000000000e+00
3.984678234655282814e-01
8.340334963511430999e-02
-9.296678972111445116e-01
-6.676080022015922211e-01
7.889369535025835267e-01
2.182997469816598812e-01
5.436137798414466538e-01
2.994686750934731911e-01
-8.922809438694504491e-01
7.241336747451468936e-01
6.392478140181370172e-01
-6.115271205434306134e-01
5.069589459855277092e-01
4.456636650931578014e-01
5.187768539448510685e-01
6.224611554916884559e-01
1.634919467210109723e-01
3.415851912389873679e-02
1.782380729750088211e-01
-6.353798586165324558e-01
3.556829319638574738e-01
-8.057060125400667960e-01
6.424811733023049198e-01
3.168128092013169361e-01
-4.306360602784131686e-01
-5.554740971075248224e-01
-4.309012978274590622e-01
6.516206563744893210e-02
-7.536070009896546074e-01
5.257992896630965252e-01
7.697615414786293520e-02
-2.007052546530245785e-01
-8.717889248578387928e-02
-3.421972863202338289e-04
-8.806135771720470240e-01
1.025237518507047252e-01
-2.208770951521388248e-01
-7.872533506410497317e-01
8.773187790584602297e-01
-4.737147020565368738e-01
-8.600763970165010708e-01
-2.352677548987655021e-01
1.618614016275546352e-01
6.951085895114693380e-02
-6.729224830316105077e-02
-2.263324858486481239e-01
-1.707968641670817300e-01
3.868368389725229672e-01
5.487722102519705381e-01
1.000000000000000000e+00
5.192953151574517534e-01
7.999040249873228259e-01
-9.417369489472113830e-01
1.273070017274972043e-01
-1.236859725663464193e-01
-3.106628562115587577e-02
4.966523049784148935e-01
2.307574027174989495e-01
-6.229368104127511740e-01
-6.187786642271884963e-02
-4.410934986607610853e-01
-7.853798309261997845e-01
-6.718252577077432619e-01
-7.201395486361665821e-01
-6.770635332678029972e-01
4.442348580485608323e-01
-3.580247042429444138e-01
7.069081031944927096e-01
1.584556010265935067e-01
4.403235365769442300e-01
6.646137632691027086e-01
-6.193259654305514061e-01
2.356094584188548335e-01
4.327377424991404875e-01
-2.597524290824893001e-02
-2.086212534437708599e-01
8.136401630442107180e-01
-2.995297680344721769e-01
-5.628157479192068546e-01
7.176510311532056097e-01
2.989363826446348460e-01
9.588259039701900743e-01
-1.520671538631576114e-01
-6.075278491221778321e-01
-4.739185535064005528e-02
-2.148261579120182285e-01
4.189790941849439454e-01
-5.400349150603347415e-01
3.109408439022795512e-01
-9.959431197134454017e-01
5.138415114830932051e-01
3.768556769068212575e-01
-8.455459092575474678e-01
9.150118940926629807e-02
-3.577162084331019232e-01
-2.899206181980026886e-02
-2.322972230838482588e-01
6.074643296899229217e-01
3.509626621687618186e-01
1.453442705509512822e-01
-7.861424761177498999e-01
-5.073839649050067013e-01
-3.083636886832620272e-01
-5.916105569248659712e-01
-9.962200904392423118e-01
-6.356785754004657951e-01
-3.819839318592731930e-02
-7.699676247715344646e-01
2.466473604666440389e-01
-7.100940976878485911e-01
-4.606073232262405392e-01
-8.578858907313907656e-01
-9.629990757831923265e-01
-1.000000000000000000e+00
6.476000461483627513e-01
8.944009891727247030e-01
-7.925920265221136907e-01
5.433320150030167550e-01
-9.638453991972208978e-01
7.526492423490189765e-01
-3.074614783159437259e-01
7.703626422079508096e-01
5.756661067965573864e-02
2.602802013586129615e-01
-6.762129878623801549e-02
-1.875015890621993808e-01
-5.395032208394003881e-01
-5.115124753527962032e-01
-2.967248439960641360e-01
-8.910828295422130729e-01
-2.040749238617475259e-01
-1.782110469018808319e-01
7.738736956768059727e-01
8.162289409723532119e-01
-4.091444106319785945e-03
7.091211911299994952e-01
-6.989808060288410507e-01
-5.802112012992968193e-01
-4.584937182168661307e-01
-5.342254766980965019e-01
1.079425808399379072e-01
7.063418456815746538e-01
-5.988762551541646495e-01
-7.033843493201141772e-01
7.978432441314926571e-01
-6.940670870995083730e-01
3.622774644815403566e-01
-9.596837824435577868e-02
7.107771987293577676e-02
-4.015427068494532570e-01
-6.474398439292963214e-01
3.212695661127121238e-01
1.461969669654527570e-01
-5.583946854132810778e-01
8.376460031821447716e-02
6.781220930507607658e-01
-5.674631630724873421e-01
4.621085438438426451e-01
3.008794480926594850e-01
3.979865374579749648e-02
5.650371423267672721e-01
5.088951355570354718e-01
6.115761652716338315e-01
6.285890469570138972e-01
-5.475722162838272400e-01
2.751146731865528050e-01
-1.000000000000000000e+00
-9.777466449808304150e-01
9.431661709037221231e-01
-1.887730476363531640e-01
9.608234675256649426e-01
-3.991874259326246288e-01
-6.821097111359695209e-01
