2.131700079009009041e-01
-5.833054691327358432e-01
-2.536991950296754172e-01
2.667558953426157897e-01
-4.635748924596676535e-01
-7.427253654266471328e-01
-7.512072654940781247e-01
-5.253362084737394078e-01
-7.082855368846632249e-01
-2.330452637193824450e-01
-3.149738020983451348e-01
-3.529572595910485111e-01
-7.422398024531560168e-01
4.356748258357570069e-01
-2.349474332784890485e-01
7.831788387306403143e-01
-8.367061314002771644e-01
2.217312843186774185e-01
5.317585924219687676e-01
-3.337728829522320084e-01
4.489592340093054301e-01
-3.348097187577387945e-01
-8.225465826720129714e-02
4.348209386746617056e-01
1.978795156193293436e-01
-8.524408408020346661e-02
1.241683714008262329e-01
6.802324421212544436e-01
-3.176588684141230523e-01
-1.611956869280843363e-01
-8.522265620965068234e-01
1.654575178294365734e-01
1.000000000000000000e+00
4.887455601378302983e-02
-7.416225460291233640e-01
5.952016533532499265e-01
6.757532452746896068e-01
-1.000000000000000000e+00
3.513209871936604500e-01
-2.311366853666776966e-02
-6.134959828766655132e-01
9.512918690292245794e-01
3.561180147359958026e-01
1.975342483220424716e-01
-4.588327050026158038e-01
-1.842945817773966252e-02
2.703319893900956727e-01
-9.315862475216306615e-01
2.721036557504302733e-01
-8.586247063542647995e-01
-1.336805929217267375e-01
-1.857330264576260714e-01
1.908035491056755129e-01
-4.501273704532009479e-01
7.299492847561925846e-01
6.680765959093659667e-01
1.108483000405181274e-01
2.513506684543713177e-01
-9.313369119532889373e-01
8.099460829385852767e-01
-2.467076213164271781e-01
6.419016417297417343e-01
4.602052024317044854e-01
-4.735462341165874722e-01
4.567786429603060139e-01
-8.815370710203487281e-01
1.000000000000000000e+00
-4.611323563812335102e-01
7.369441983075069036e-01
-3.076513890714421828e-02
-4.595508550229140954e-01
7.024548290295322683e-01
-6.899857538381897193e-01
-7.639428799923788649e-01
-7.213612673898415206e-01
1.486126976403515931e-01
1.844992251822411555e-01
7.928304687300300468e-01
6.761427003815760894e-01
1.211092059700004664e-01
-3.877525927735039346e-01
9.474093264813688853e-01
-9.848133526856509556e-01
6.140708081631256476e-01
7.780881248003608253e-01
-6.377405547853487455e-01
7.448396074338442530e-02
2.131694307692844070e-01
1.697974340976813878e-01
8.208593531621030115e-01
4.121456607094359237e-01
8.763192485257928488e-02
1.000000000000000000e+00
6.805085134641402078e-01
-3.441860391683433940e-01
1.000000000000000000e+00
7.232241904115542797e-01
2.679894643671831833e-01
-9.086827871859813610e-02
6.869163223702515753e-01
1.710348592113186128e-01
9.165538189333308772e-01
-9.882207365732039728e-01
2.444092545133688676e-01
-2.735862206388790518e-01
-4.641528408221696766e-01
-3.917769229584615598e-01
1.738182045524943042e-01
3.989921770457064421e-01
9.276157690732877992e-01
-5.892913890535498300e-01
4.569988787752286563e-01
7.021797898725455900e-01
-2.238152391185895262e-01
5.219366707064446720e-01
5.020568923634615155e-01
2.210481378992791290e-01
-2.016450540999828178e-01
8.185577194479808361e-01
9.963044039610330360e-02
7.880507734915734308e-02
8.223410410872850074e-01
-7.605884155426743121e-01
7.292834345718670619e-01
8.111969320700780361e-01
-1.775330871770595120e-01
5.469302017195805110e-01
8.093718222676681284e-01
1.753153522121941865e-02
-6.708136449242222410e-01
-3.562384290263733710e-01
-7.475517152597576098e-01
-5.518462173008730209e-01
1.000000000000000000e+00
2.893385573667356381e-01
5.611215044880200065e-01
2.589339534577314028e-01
7.036516463130163546e-01
4.045846665020264576e-01
6.939917398709808394e-01
5.715009975933050823e-01
5.002121862441863964e-01
1.349116166867198041e-01
8.772284484450080244e-01
-3.854904370545301773e-01
-2.860504905498369999e-01
1.935978198240078385e-01
-4.791500483386977871e-01
8.228206207014794327e-01
-4.365898818291358285e-02
3.190481937816905811e-01
-7.433805576604699539e-01
-4.133032512116324164e-01
5.618146042567400134e-01
5.086082560444343814e-01
-5.232802327829131350e-01
-6.302972771531045737e-01
5.041674737370573922e-01
3.999792868169829707e-01
1.180438148143299060e-01
2.794835875815835369e-01
1.146346657729817170e-01
3.371570463308982690e-01
-7.315831215288349787e-01
-4.673103124283395360e-01
4.365262156052165943e-03
-3.752634392214044823e-01
3.996924458086512644e-01
-7.890055050293137695e-01
-9.635816575219303681e-01
2.950482760076180710e-01
7.364696492892372492e-02
-4.782968588861878367e-01
-7.163087859414690728e-01
-3.827284012342424546e-01
4.586829168472547069e-01
9.161117482771635734e-01
2.474284392290726498e-02
-1.704690110661731262e-01
5.338688236031210455e-01
6.192132834865787805e-01
7.966197387699056609e-01
8.412302484987770335e-01
9.520013983122815882e-01
6.194368925475614018e-01
8.877983373468099071e-01
6.493579358797001433e-01
-8.896345814072796898e-01
-8.716260664639547961e-01
5.272550147366914519e-01
-3.411351849214325771e-01
1.467344530043778184e-01
5.957310252179268684e-01
-6.199068804378887743e-01
-1.166981209066980385e-01
7.458621752958499718e-01
2.436426360546407877e-01
-2.514949185255334618e-01
-9.345084492924058406e-01
1.000000000000000000e+00
-5.118516166236417586e-01
3.917282581928652196e-01
-2.639570461291515513e-02
-2.941809627450264197e-01
-3.663675389568040175e-01
-8.702703939610245687e-01
6.065790840929964345e-01
5.996735122700837251e-02
4.175408020863271563e-01
8.760438300109352205e-02
-9.277424479821891889e-01
-5.492119363329353021e-01
-4.894784911126445759e-02
1.347340379712052005e-01
-2.278779724418459884e-01
1.000000000000000000e+00
9.231619226016288815e-01
9.117366892614367502e-02
-3.434586280636024447e-01
-7.055627789145175743e-01
5.072252996300838923e-01
6.096089925771216445e-01
1.423205938880944543e-01
1.000000000000000000e+00
4.254333588297672941e-01
-9.440490445785401086e-01
-2.848265369150071447e-01
6.434316824938171031e-01
6.120389199197248109e-01
-6.277530470841030663e-01
-5.545815380331575728e-01
3.100621343594454626e-01
-1.896631509811186334e-01
-9.328106238529514371e-01
9.409552745203667579e-01
-3.627896017281601049e-01
-5.210179009457255317e-01
-6.061173577611072005e-01
5.046460359805109430e-01
-8.868195361301636215e-01
7.109158087668805692e-02
4.623344229281468598e-01
2.681303368288949218e-01
3.667287267281662544e-01
1.123705165119122662e-01
2.455612495015761787e-01
2.563848597534678087e-01
4.347471019547355375e-01
-6.403451295446838110e-03
4.488665943919610823e-01
-4.754861088544816428e-02
-4.570726947760890835e-01
-2.622400105725288810e-01
3.077873249853979587e-01
-3.032521831212290908e-01
-6.231215992241092572e-01
1.177478463017363336e-01
-4.806394530731714076e-02
-5.583631192512763519e-01
-5.392667381329647736e-01
3.605917700579048812e-01
-7.806344670268192676e-01
4.793018286434381769e-01
-1.666419228618188919e-01
-2.757658453045630509e-01
