-8.103493511600441401e-01
-5.535989127934002330e-01
-2.771829306085067390e-01
1.715803293957780529e-01
6.556998900379209516e-01
-6.678612266141183973e-01
-8.258008277767143746e-01
-8.674385847632797297e-01
1.353330701632045052e-01
3.399242890112008642e-01
-6.483373434212102993e-02
7.220674599114529357e-01
-8.824814051865590425e-01
9.563936906698486951e-01
-9.392563068617005850e-01
-8.239690756546986794e-01
4.897229541575607303e-01
-6.943398501008457568e-01
4.949734354074066811e-01
8.138070449580665500e-01
6.529703725028570549e-01
5.372958794036164498e-01
6.233017473234891970e-01
-2.409602477368579798e-01
3.590100400033955363e-01
-2.641945662589126886e-01
5.959500924882947803e-01
-2.431269690404591621e-01
-8.075290301656328218e-01
-2.356156837786687053e-01
8.716860914267539062e-01
5.056815426303264971e-01
-9.289173347318768759e-01
-8.300201481999551767e-01
-7.001763744879492268e-01
2.446294058044247155e-01
-6.924182219180310405e-01
-7.692626448578843146e-02
-5.819474115619260868e-01
9.014178191375783467e-01
6.129565993872296836e-01
-5.774069846415208485e-01
4.298236929671592765e-01
8.736786461198933207e-01
2.196041473024958890e-01
5.652395392420106468e-01
-7.894307068273456185e-01
3.134094915038565521e-01
9.324556810891060366e-01
7.483559359312330628e-03
-7.351101052792552437e-01
-6.961547316666205631e-03
1.072809970703287874e-01
4.627044598107599160e-01
1.953437024346300621e-01
9.979768548505558723e-01
3.456517597947479370e-01
2.547956802794120179e-01
-5.898610029189814696e-01
9.084635097752480348e-02
-3.619532241576939313e-01
2.645187525366829995e-01
6.025356484040762517e-01
-2.299791893724520975e-01
8.386088558535236270e-01
-6.374716603719321473e-01
-9.914039153767939538e-02
7.763296200299112382e-01
-6.009512487409085502e-01
2.762297241399598313e-01
-5.366989227759868530e-01
2.486268165972707056e-01
2.527955968827388933e-01
-4.079154364885271278e-01
-2.636393339963734039e-01
2.027469760597326864e-01
-9.144006987192954128e-02
6.501849158174981547e-01
-6.855952811949359571e-01
-5.191149236430789848e-01
-4.062955156561836034e-01
-7.210068602736037224e-01
6.412486871443623393e-01
6.595773907884217024e-01
-2.302620968625961329e-01
7.575373739179329657e-01
-3.142508080445558516e-01
-2.326156379989701151e-01
4.498469910585460863e-01
-3.020091788209777750e-01
-5.387648573084042880e-01
-1.667414006706471330e-01
7.932559264052758685e-01
-5.389076133315360284e-01
-7.390557617882855812e-01
3.186636594701264258e-01
-6.909377427203788891e-01
-4.719212027098564910e-01
3.388562937977885881e-01
-4.682307204049807048e-02
-1.978617810237455199e-01
2.573221616154353075e-01
3.876621169436995640e-01
-4.885269535675085262e-01
1.687187341441065414e-01
9.965182189785461997e-01
1.241725986124240233e-01
6.425122367196345330e-02
-1.267521077374362815e-01
8.923709456674930873e-01
-7.093783734234930805e-01
-7.980978730907157814e-01
-2.677363891846635813e-01
5.931856157426564913e-01
7.531878614789837556e-01
-4.522453487639341851e-01
-8.030397023949678026e-01
8.161862345047337097e-01
-8.765765849741988802e-01
-1.088151168743864972e-01
8.833590568491844763e-01
-1.157013294499724676e-01
-8.052687932913806801e-01
4.341622872486854412e-01
6.792587673938155213e-01
-5.544344163553347471e-01
-3.024541736730148589e-01
9.512367094602018902e-01
-3.891464821863939161e-01
1.010922127030189355e-01
-6.432636393470825276e-02
-5.740769934903580118e-01
-1.223333165018041235e-01
1.030862883249887840e-01
4.326728162883588524e-01
-7.140940703795630728e-01
8.337331152152784863e-01
8.782041896538711478e-02
-3.705747160565617815e-01
-9.147169989578933791e-01
1.264541640660404587e-01
-8.589522086637966236e-01
-6.885855200835977463e-01
-7.742533103566071606e-01
1.000000000000000000e+00
8.450884770294138093e-01
-4.105486807265168459e-02
3.897970019136811626e-01
-3.810273305779980912e-01
-8.504527873028746576e-01
6.081277166868830353e-01
2.657491170834029859e-01
-6.282374907671137709e-01
-9.753647587255225293e-01
5.964526496536115552e-01
-6.777655966007620769e-01
7.043339244838084934e-01
-7.134133563189488658e-01
9.899790785675954830e-02
4.354647758525631573e-01
-2.698450231546309919e-01
-1.016026749425198439e-01
-9.563513828391345672e-01
-5.029373469045279599e-01
-2.899654630991248538e-01
3.170566703307704515e-01
5.739200638542325539e-01
-4.829751973387910180e-01
-2.018084924153118465e-03
-5.925258683734073717e-01
5.558567428155904988e-01
8.122321074032110566e-01
-4.106286900296465259e-01
-7.756105797382493172e-01
2.406279832867455060e-01
-4.557241204557400671e-01
4.636757516684246738e-01
-3.247961562247714262e-01
2.645125748526706566e-01
9.447761345038017122e-01
8.342628826644538087e-02
4.442713527077613023e-02
9.867337332467489563e-01
3.013605733188748914e-01
5.321629039728881239e-03
-6.210608328291200575e-01
2.194455020795602618e-01
7.712454245007327458e-02
4.750870573972036937e-01
-5.324894682983414285e-01
8.762899172039289031e-01
8.959097141179375168e-01
8.138306185089090317e-01
6.138216234662015047e-01
7.160338168444302376e-02
-1.125490153972150686e-01
3.845421793332439719e-01
-9.886025440811248011e-01
5.007094652252881417e-01
-7.194814843689010253e-01
-8.218703180195954250e-01
8.944263501772560243e-01
3.004474076606316046e-01
-8.471097574387329576e-01
-6.666109718615109703e-01
-6.779852649503514961e-01
5.537861171693745366e-01
-7.014992471680883135e-01
8.292928585691536902e-01
2.387990057516042874e-02
3.619519595040976423e-01
4.195146733274670581e-01
2.624099095812253424e-01
8.505466391729621378e-01
3.967861744169727256e-01
-4.526989042342697278e-01
8.120503912529675183e-01
1.334821234273211310e-01
9.116325356797463364e-01
9.973911721310091405e-01
2.426526946917619831e-01
-7.855472501492311022e-01
7.337888945084514170e-01
9.978795341058883661e-01
3.671723158027431211e-01
-5.893502850482363886e-01
3.449893584839887062e-01
8.388632568184997140e-01
-8.924218433571340370e-01
9.062271845696943107e-01
6.390253802618690582e-01
-9.498142272726828317e-01
-7.268520411011691884e-02
2.927254809304964400e-01
-9.811356089523026736e-01
-9.299757699228419217e-01
5.445933817103991714e-01
4.125595561364068242e-01
-7.096434898553993786e-01
9.827336449038086563e-01
2.978933106563823596e-01
3.453045763563082904e-01
9.881497755589538912e-01
4.949963494372087158e-01
-7.597128051898960344e-02
3.153509978047548401e-01
-8.528753654813279184e-01
7.617459872690637290e-01
-9.434800174713895426e-01
6.474254318376688744e-01
7.892377221008091137e-01
-1.536481431157801225e-01
4.804567827066683616e-01
4.377260934639304324e-03
3.398271273546771276e-01
2.679084103234654624e-01
-1.363565639584396472e-01
-1.919064840729562960e-01
-4.017634144860782186e-02
-8.085042811671183660e-01
-6.602045214259795181e-01
-4.921471208032299760e-01
4.456961076451331216e-01
9.816757947232319648e-01
5.239431874719553406e-01
