2.872082589099604899e-01
5.655370195544296985e-01
6.604053168171625243e-01
-5.609318691740226015e-01
8.286757606849116664e-01
3.686753341835416475e-01
3.196319799407149054e-02
-3.447651563682148645e-01
6.585907199435411252e-01
2.853473041160498047e-01
1.791684303512436627e-01
-8.660885807989495699e-01
1.000000000000000000e+00
-5.512591883448184626e-01
1.575110165346144953e-01
-4.196711300988240634e-01
2.571706461098782759e-01
-4.421737227494351163e-01
1.785769896662374456e-01
-1.000000000000000000e+00
5.119234784105569647e-01
3.334222082329951764e-01
3.646811859578491521e-03
-1.000000000000000000e+00
3.789470418502974836e-01
-1.590497462719206445e-01
-9.893942686828393063e-01
3.347607097095626205e-01
-1.135391940719857884e-01
6.120727996324282216e-01
-6.260431839916007490e-01
-9.316303813449133830e-02
-5.492392163938242255e-01
-3.446980973768654088e-01
3.265121809086408144e-01
-4.741964608069386689e-01
-4.251383955087045807e-01
5.268700694819542507e-01
5.997393215638704422e-01
5.227602463059188853e-01
-7.875651134430537992e-01
5.656988597890832970e-01
-6.204770933708551039e-01
4.835050553662473827e-01
-1.000000000000000000e+00
1.905022721127261343e-02
-5.062534073102635812e-01
-1.357551324914705315e-01
1.000000000000000000e+00
2.552939304757294026e-01
-8.019308559716213924e-01
8.390523378730005977e-01
2.640067944993737536e-01
-1.820620467074132443e-01
3.276322941483904294e-02
-2.672697292926599077e-01
3.950517356664782209e-01
4.425050392595252235e-01
6.947744655078235132e-01
6.951942688365488898e-01
4.570464798318190636e-01
2.330824455555315367e-01
-1.000000000000000000e+00
1.000000000000000000e+00
1.000000000000000000e+00
-1.082402129030502619e-01
2.281771358806774508e-01
8.520347364006859436e-01
-1.000000000000000000e+00
-4.987435335379119539e-01
-1.000000000000000000e+00
2.683479525807507260e-01
-2.434979506695019447e-01
7.787769570473170866e-01
-5.499032090638994452e-01
1.000000000000000000e+00
2.921765331938372401e-01
-1.000000000000000000e+00
-6.046028590233525346e-01
-5.097517155808307665e-01
4.408647056205077241e-01
5.590053964466514813e-01
-7.144556099571510721e-01
3.943077962327638519e-01
5.825453676479843690e-01
-6.230211718113594088e-01
-7.630447292275295279e-01
-8.377545629973286445e-01
8.289060637350690319e-01
3.849767345072206970e-01
1.000000000000000000e+00
3.205622944322305545e-01
1.060392472272062014e-02
-5.059107827926869749e-01
7.838828211875797924e-01
-3.889157233922758694e-01
1.000000000000000000e+00
-3.344416896721412735e-01
-7.378366797497576401e-01
4.126115458247893164e-01
7.001377629640194167e-01
-9.271910237744014349e-01
9.868820743601541823e-01
-5.538643196105570432e-01
-3.910003095081580199e-02
-7.744503967016846957e-01
1.907334198497812605e-01
5.217097480907693097e-01
-1.382604296817376843e-01
8.135977850280901036e-01
6.277166039633407246e-01
-4.381295631444913630e-01
-9.509033241934470304e-01
8.982786438574538734e-02
9.721783106886411341e-02
9.033202452643703806e-01
-6.313250347812698893e-01
2.731480479890322499e-01
-6.503574085544888694e-01
4.768278474594060956e-01
3.792281645016368219e-02
2.115654199820539705e-01
1.000000000000000000e+00
5.509217187509094504e-01
-1.000000000000000000e+00
-4.847322428791239757e-02
2.825190205651995634e-01
8.614929396447688070e-01
-8.792733159249557229e-01
6.682206214275493439e-01
4.448810583723292744e-01
-1.230059328598410856e-01
-1.000000000000000000e+00
7.455349550188445917e-01
-1.000000000000000000e+00
-1.535211295141760690e-01
6.504421724533101523e-01
7.139462067012658508e-01
-6.531512287679563933e-02
1.000000000000000000e+00
-7.270912166702951929e-01
3.879232999523557490e-01
-1.331950161593849213e-01
1.000000000000000000e+00
1.752018848526036565e-01
-9.005236867296406711e-01
-6.777725890434086464e-01
-5.951507666825744947e-01
-5.250576506771913454e-01
-7.633046778064945803e-01
-9.079560338217006477e-01
6.958329038331313443e-01
-1.000000000000000000e+00
4.800801013074926238e-01
-1.775419907612872661e-01
-1.229725173865420240e-01
1.000000000000000000e+00
4.770352519558263005e-01
2.928663477673258408e-01
-7.690795312639897574e-02
1.452199621292266096e-02
-3.295812231145281435e-01
-1.000000000000000000e+00
7.581324725538196585e-02
1.382463989748671240e-01
7.945111590800368884e-02
-1.000000000000000000e+00
-2.805092218000883042e-01
-7.024299861468348283e-01
4.421914503041080580e-01
-8.268831875408172438e-01
-7.724888827573545003e-01
1.000000000000000000e+00
3.211483606585151529e-01
-4.400749079612633619e-01
-8.924667724363636312e-01
1.858222889408945450e-02
2.712279203423507701e-01
-2.980816117111061980e-01
-3.352317649360767593e-01
-6.096751173725220019e-01
1.000000000000000000e+00
7.079439654936100501e-01
5.034777280925890608e-01
8.764023795550429652e-02
-1.000000000000000000e+00
-3.012723825953625978e-01
5.658669575802691698e-01
7.452827167505262640e-01
2.390951929272740750e-01
-9.286127207677052908e-01
1.000000000000000000e+00
4.919666275439274483e-01
-3.079306944699549131e-01
7.277464536226007086e-01
6.243098692904598401e-01
-3.099109448069605754e-01
3.050494707599292754e-01
-7.959227966210774552e-02
-6.523802206845999985e-01
-1.164333859652332825e-01
1.000000000000000000e+00
9.324429499312819614e-01
1.918388569412501354e-01
6.655566229900459208e-01
-1.377128377690723382e-01
-2.820936741242600632e-01
-7.005984874927708717e-01
5.193716873055993499e-01
4.834894937064994624e-01
4.197981087754112939e-01
-7.798822548587824866e-01
8.850232077586377422e-01
9.312815735947881368e-01
-4.961335781476716167e-01
5.338981160084155242e-01
1.000000000000000000e+00
-7.512576449682076829e-01
8.132205023430176816e-01
2.603391070851773792e-02
-6.077271036699543050e-01
-4.414819189403758615e-01
2.782047849394159722e-01
-3.290232517065142526e-01
-1.000000000000000000e+00
-1.800038451133716688e-01
-1.000000000000000000e+00
-7.791891496161795772e-01
-5.573616089570037069e-01
3.538364308176721318e-01
7.511470656317912331e-01
1.520182883955967235e-02
-1.407614312571181525e-01
-7.409372891117201876e-01
5.195529503459213050e-01
2.222599537697896310e-01
-1.000000000000000000e+00
7.777413858365507249e-01
1.000000000000000000e+00
7.458870111400498493e-01
2.728570290066189008e-01
5.482327148588936883e-01
2.961325673329621155e-01
6.558459603627071477e-01
8.070854380380135251e-02
7.646101727273687532e-01
7.583187325720043281e-01
-3.248414413363490127e-02
-3.864114891800540241e-01
1.000000000000000000e+00
-9.650343697073328064e-01
1.000000000000000000e+00
8.586192146183951879e-01
9.223797848534187604e-01
6.382814684902741176e-01
-1.736688564188994532e-01
1.000000000000000000e+00
1.000000000000000000e+00
5.244386002514458273e-02
1.000000000000000000e+00
-6.150101365374716078e-01
1.000000000000000000e+00
2.536710345245554166e-01
9.726304540078108962e-01
-2.444455283846815874e-01
