6.629473648754102832e-01
1.571143834597976130e-01
3.473731856794671224e-01
1.000000000000000000e+00
-4.217315634973837213e-01
-9.670556160992382910e-01
5.592705380527731585e-01
3.693347949833314381e-01
8.149046152527716913e-01
-9.259622025898093245e-01
1.595318754289096197e-01
1.570833392767854997e-01
-2.831596451965712191e-01
-7.263127491103886779e-01
-7.046115158119055089e-01
6.879828613402622084e-02
5.130890346770995425e-01
9.482928728202451030e-01
-2.456570064306127232e-01
5.973670151327342692e-01
6.477664427496229171e-01
6.348366952182131762e-01
3.343560302529343664e-01
1.642223197513378308e-01
8.501562745802333509e-01
1.253961334094408908e-01
-2.301268186430730778e-01
1.803095678624089260e-01
-9.789013691783486903e-01
3.403774961526191412e-01
8.405665171108818168e-01
-9.296570736506948318e-01
-6.155456415694856576e-01
5.205701155524408152e-01
2.509071152739724142e-01
1.382561637575986102e-01
-9.114763283217901524e-01
-7.651673028837678858e-01
-4.920624413062170133e-01
-1.255880559100615024e-01
-2.703195800259926562e-01
4.024819595701581432e-01
-7.270415162247280405e-02
-9.975097709492838916e-02
-9.951636314867307043e-02
2.533774451398901340e-01
2.725596923228590374e-01
-4.865020575962122895e-02
8.579831061996971986e-01
-1.000000000000000000e+00
-3.321051109268207124e-01
1.852521199827630860e-01
-4.700105506792966459e-01
5.847563413343858096e-01
7.493341319761411823e-01
-4.803765813017522035e-01
-3.308587760235305875e-01
4.042099883046066378e-01
6.704034016740908486e-01
-7.828345700204882018e-02
7.817048117141766062e-01
-6.708102049712443282e-01
-6.375210275944137583e-01
4.724836805655119321e-02
-7.205906874685601426e-01
-2.932054369073309186e-01
-1.278146212778373814e-01
1.569609958816297612e-01
1.689356408515421681e-01
3.407459632298339702e-01
-6.951933542673034427e-01
-7.023449520253213230e-01
-3.960754460776884089e-01
1.064857801457969183e-01
1.954084148767847862e-01
-5.133305298972006270e-01
6.620459213674427523e-02
-5.044686114720950965e-01
-9.497623641208691181e-02
-2.766166835782561395e-01
3.276441117860010022e-01
-2.611736317715124267e-01
8.071289634529528190e-01
6.939424319532145891e-01
1.350721666928259568e-01
-1.513333373890283218e-01
1.918537022045948837e-01
-2.166996816256202552e-01
-3.482872742961224399e-01
-9.110469124756340187e-02
-2.007280653909638279e-01
-1.000000000000000000e+00
1.195964593934338016e-01
1.000000000000000000e+00
-1.380393869878261404e-01
-1.069517774638909374e-01
-1.447215531559664647e-01
7.373888434998983055e-01
-4.913173791286213898e-01
-3.998815674910374263e-01
-9.224779528841743348e-01
3.683199984603132138e-01
3.930909660678112427e-01
4.711239522774115507e-01
-9.194476626925321971e-01
8.086011018704315489e-01
-6.161598640247027692e-02
8.695022539412115004e-01
-5.530894066773767159e-01
5.425363736838173523e-02
3.915164733674720843e-01
-6.535659931066127859e-01
5.030562276313363390e-02
4.431029622847397209e-01
9.158801248438264153e-02
5.313006703612854764e-02
-1.554034213423486355e-01
-3.579453070074205545e-01
9.624896827568247826e-01
9.794797001157549143e-01
5.248212098755229427e-01
-2.443085049188774005e-01
-7.878891557459785089e-01
-9.102013421846150143e-01
-5.292124239093084492e-01
-1.576961949834456700e-01
-1.000000000000000000e+00
5.683893909730567406e-01
-1.267731430621542865e-01
9.536972364790959888e-01
-3.961967400357936930e-01
-5.033124718589947477e-01
-8.928721507419405956e-01
-7.830937542607340207e-01
8.642292479738029609e-01
-3.437272033727283016e-02
9.635419381437131392e-01
-3.440638361729060346e-01
-6.893666247603301711e-01
-9.892647228349639443e-02
9.436161382795116292e-01
7.012209859643333543e-01
1.204894278178765543e-02
9.538403231835971274e-01
-8.222775917042883798e-01
8.279999642457553932e-01
-5.245500593032403902e-01
3.320352292645267767e-02
4.356883173468136250e-01
5.530364792113218186e-01
-3.122796010452990600e-01
5.051080559495982336e-02
-6.755549704295449320e-01
1.079951314815971453e-01
-4.459422896613690623e-01
1.440366462416541038e-01
6.370204326383986926e-01
-8.539501960076141263e-01
6.311652002157767116e-01
5.284963917935865396e-01
6.678016344310022667e-01
1.995140622633956029e-01
-6.347676300887421519e-01
-3.278907070297026882e-01
-5.804239312009998319e-02
3.469721914293401599e-01
-9.362775250700480223e-01
1.534106383348228797e-01
-7.456834387547476295e-01
6.915832830166807055e-01
-4.023211891823353925e-01
-3.150741617678842754e-02
3.137414678708292382e-01
5.517452216495164485e-01
-9.307422923694773642e-01
7.980743591225357703e-01
3.116520705853677020e-01
8.024474755906689794e-01
-5.533136825355025046e-01
4.366659953505691028e-01
-7.470954981856476884e-01
-2.303027687359757714e-01
5.120626572738102844e-01
3.132539624706969228e-01
-1.000000000000000000e+00
4.479856753924857937e-01
-6.290652421470652733e-01
3.739189345606684367e-01
5.871302473094432844e-02
1.694612657685006241e-01
8.056340242239892202e-01
-3.700173469893397460e-02
-9.119705373315346864e-02
-6.102808462744733209e-01
7.038414763181084499e-01
-4.756952811305104611e-01
-4.567493780665070613e-01
-8.506951617501881113e-01
-7.450577134191607720e-02
3.050838283563077624e-01
3.457966572312588527e-01
-8.973854831128094123e-01
2.346189754186780718e-01
5.803157391769639961e-01
5.892826249429998775e-01
-9.784460289323517745e-01
1.000000000000000000e+00
-6.468979452031979882e-01
1.000000000000000000e+00
-1.218690418949280874e-01
-5.943616796308770489e-01
-5.650710945001863328e-01
2.982978051537645836e-01
9.285859173108167441e-01
-4.738442710559749305e-01
-9.546931507642220094e-01
3.080398415197680984e-01
3.282704100919768830e-01
-3.767167554914365724e-01
-5.338036620622842177e-02
-5.248691546535897423e-01
7.022283867537788549e-01
1.000000000000000000e+00
-7.968649950917336966e-01
-3.262772054392871768e-01
6.116754851963521755e-01
6.221614900392031799e-01
-1.943274890688423406e-01
1.500109211350324490e-01
4.901369437757381320e-01
-1.000000000000000000e+00
-4.130620235459094847e-01
9.756389343106841583e-01
3.907276903026385972e-01
-3.250366789800454015e-01
5.646446961296112121e-01
-9.303417601578420904e-01
2.289189150118267069e-01
4.628723792712340079e-02
-2.060175854116895744e-01
-7.994790810196013009e-01
-7.915248761172334335e-01
1.000000000000000000e+00
5.888062347155440523e-01
-6.566603613542885132e-01
-4.029298547640502992e-01
8.796079214763746768e-01
-4.509416775015974155e-01
5.801862769321342039e-01
2.288829606778498560e-01
-2.448843310256210160e-01
-1.000000000000000000e+00
-1.512428063599585704e-02
-6.635482643221000121e-01
6.336554240022329587e-04
7.376006015574676500e-01
-1.000000000000000000e+00
9.251346600309506840e-01
-8.850284601762184455e-02
9.315330883419330466e-01
-3.440217367907228985e-01
-1.578630392505534497e-01
4.204172986825416292e-01
5.691733818321258465e-01
7.508526824282172329e-01
