-7.124136018985579577e-01
7.887244045264245607e-01
4.025054761302091499e-01
7.850628548191453948e-01
1.142037508749278590e-01
-3.063413432137526149e-01
-9.089217106231622934e-01
-2.669198178748055650e-01
-5.648088796002992407e-01
-5.552125065337356613e-01
5.343136165115267566e-01
9.005391660320591907e-01
8.915159782206781847e-01
2.951070128415187455e-01
-9.641572749790541241e-01
6.158467407110065350e-01
-5.627220170001526744e-01
-2.541236078599943271e-01
3.340059488710649949e-01
-6.764459361844885610e-01
5.540863572581007368e-01
-6.030857318517481858e-01
9.139004314487783609e-02
1.038284505074011932e-01
-1.252408952182706980e-01
-1.936533892520746480e-01
-7.997938421022996458e-01
-3.627538480436243162e-01
4.381983865204692741e-01
-6.512136720372372345e-01
-6.817841573900684793e-01
8.431732924519037553e-01
-5.693079169361610070e-01
8.041589232683805655e-01
8.389232432596172018e-02
-9.746118448391691835e-01
2.825687843610096284e-01
-3.911608034976016834e-01
8.362473855602891026e-01
-5.434059216444202534e-01
-9.061391614651278514e-01
-5.397528596581098181e-01
-6.011387760426162297e-01
7.506473351546342210e-01
-8.802496449671821654e-01
-3.887672686158977209e-01
-5.633481749644464465e-01
-5.620204666204227095e-01
3.364278765526990678e-01
-2.341590567247064936e-01
-6.764842935214157027e-01
-2.121612374309878035e-01
-4.576761352490725798e-01
-4.891125494612644786e-01
4.886314388221044691e-01
-1.000000000000000000e+00
6.934866511671023970e-01
3.274728101869310848e-01
-2.195247358915386471e-02
-1.930890339431809988e-01
5.094777514189787748e-01
-4.122019261055407391e-01
-7.148384537826034668e-01
3.872245572520704449e-01
-6.862516149969297152e-02
-8.811144636795424923e-01
-6.569266647043365825e-01
6.991860731264021300e-01
-8.704502081270582003e-02
1.189831518618317124e-01
6.236554136457298503e-01
8.561286668664411792e-01
5.092060623631565752e-01
4.139745240856238517e-01
6.803505789240826829e-01
-6.676699909156993407e-01
-1.952035927402295812e-02
8.976106057955386408e-01
4.810201538166547497e-01
-1.256006807311962348e-01
-5.789257326737482501e-01
-8.231029205240485425e-01
3.898428027812386176e-01
-1.697516240855515002e-01
6.598814577735793996e-02
-6.380353896011132786e-01
-7.828713601633348340e-02
1.000000000000000000e+00
-8.476787160607672789e-01
7.835708407241847029e-01
-4.841872760957814936e-01
4.411863404831806723e-01
-9.652370330750947858e-01
-8.897148318355486696e-01
7.670791327491446321e-01
-5.858679343651342908e-01
9.113363342983762383e-01
8.096542525438621407e-01
-1.918853035389841630e-02
3.496481119823915407e-01
-7.705051255343525751e-01
-8.707010836395612241e-01
-2.229766727364730361e-01
6.537037559897672656e-01
3.930368189505991650e-01
-3.067059610426932648e-01
-7.014744041306631983e-01
9.469321823635117319e-01
4.908382857589606019e-01
8.300865176379684796e-01
6.445318876446552991e-01
1.000000000000000000e+00
6.374327402456647640e-01
-1.299104632286216532e-01
-8.116504038226530771e-01
4.851508423713841722e-01
-2.509192598662313700e-01
-4.488882066347114896e-03
-3.895639134592643327e-01
-4.412921839100513721e-01
1.000000000000000000e+00
-1.344794906387138111e-02
2.761585762180893688e-01
3.303048207848244822e-01
-9.393889352509592339e-01
-5.142463127093166442e-01
1.000000000000000000e+00
-9.107223676795035416e-01
-3.389833339567223658e-01
2.278695425635298699e-01
6.398335921218427647e-01
-5.661773384915980145e-01
-4.065009211814707424e-01
1.803259733352162719e-01
2.206621166465405626e-01
2.195552785872355028e-01
-3.759543555898534617e-01
-8.625679455006013407e-01
-1.134068330567029048e-01
-6.497865064432101212e-01
4.677286439324612743e-01
2.529787536324505925e-01
4.915557627726698797e-01
-7.886446747612202435e-01
-4.217416893351805252e-01
-7.436002444368490227e-01
7.129095960782597663e-01
2.854715485969099853e-01
-1.711941621145625092e-01
-8.298965116730196989e-01
-8.831542782811097059e-01
8.300216394591984903e-01
7.719123785742811883e-01
7.266022302742237704e-01
3.305456311348444198e-01
1.322802762595514658e-01
-9.041424746665217560e-01
-5.943879216973346757e-02
4.336864377240422508e-01
-4.352586044243855756e-01
7.412985291896956319e-02
-4.332863052762674916e-01
5.107730445854292700e-01
-7.589580083899234442e-01
3.091163252931535266e-01
1.821629294846187630e-01
-3.298189364212098518e-01
6.116341620026612969e-01
2.561114945095809836e-01
-8.984586342701231798e-01
5.770458486591576452e-01
-4.327438651338377795e-01
-1.096946236082916720e-01
7.919085244480463803e-01
-3.225263199115664392e-01
9.573178707950491528e-02
-5.107234538412037672e-01
4.714972206042055136e-01
8.964306704575593088e-01
5.125065369353439815e-01
-5.445536002451083490e-01
-9.432625564145520336e-01
8.684288128174930677e-01
-2.227052031956051337e-01
-2.517549559852802488e-01
-1.708113412427245403e-01
-3.016781991075572211e-01
9.501795021522894125e-01
5.832458978663979110e-01
8.108320297275374566e-02
9.125069515145574073e-01
-1.909026228254915303e-01
2.712025856285855685e-01
-5.141451152673319758e-01
-6.732402776784688347e-01
8.036345165206747465e-01
-5.998700650104289434e-01
-7.890800536239128693e-01
5.151188845353773527e-01
6.560592234070982132e-01
8.603954687292192371e-01
9.447351911677961400e-01
-5.006460249831378162e-01
-1.000000000000000000e+00
-4.271605209954067450e-01
5.627254280069370340e-01
2.306977765938605929e-01
3.723646664103754667e-01
-7.815300216941096778e-01
-8.856753942950806868e-01
8.707853841862237543e-01
5.913539077802600907e-01
-4.603292156273266489e-01
1.000000000000000000e+00
-2.023134439865446055e-01
6.928125739011505024e-02
4.551188625604061233e-01
-9.590121693232783739e-01
7.309253938208821744e-01
-1.000000000000000000e+00
9.144955394901781442e-01
-8.678734160393266617e-01
8.197402772801233306e-01
4.932322109877316230e-01
8.926175132083574715e-01
8.191800075356636679e-01
3.418036958012887760e-01
1.482016181176038228e-01
-6.277635943346011604e-01
9.302047110452250633e-01
-5.932703046066633013e-01
2.579403103301076694e-01
1.000000000000000000e+00
1.182879485223224947e-01
9.205380759464980578e-01
2.640150518522357270e-01
8.754311807296419889e-01
2.023490719768091806e-01
5.842477763075704100e-01
-6.839444857606085115e-01
7.506163872969675577e-01
-7.005206319588204167e-01
2.692354992639027778e-01
-1.122438332943855865e-01
3.855088228630562108e-01
2.718781579050639774e-01
-7.909395310390900935e-01
5.031083521111635593e-01
-2.474249345797074895e-02
8.831018241684713832e-01
4.080077147313627695e-01
6.753800883549956335e-01
-6.384569003558304701e-01
1.570215744172419325e-01
-1.212899363400430364e-01
-5.025440699484584606e-02
-7.175727798571278626e-01
-1.621690685462689463e-01
-5.073396827916902829e-01
8.219422826768294499e-01
-3.741302552443284135e-01
-1.270503614829494587e-01
-1.113058167015983091e-02
-1.937515612481310878e-01
5.706348183809789587e-01
