-9.394144325516651239e-01
9.906295628340227033e-01
7.994062566953787918e-01
2.921264765806099728e-01
2.657289772966648922e-01
-7.248773220484994173e-01
-2.432699012985255482e-01
7.356751020695628807e-01
-9.386047410822992987e-01
-5.837897107660787732e-01
2.325625009030707346e-01
-5.903566254223426846e-01
-2.315793870202436100e-01
8.876202383616540459e-01
-9.034125316446139919e-02
-3.040319595296812061e-01
-7.384088790467844277e-01
-9.768216319637514911e-01
7.147829595984471762e-01
1.007585246513640342e-01
2.601889204857898985e-01
-4.507397720883568049e-01
1.398886274672772601e-04
-6.272502336783445376e-01
-9.119884472391401875e-01
-7.361970744267032352e-02
-7.271737112022718108e-01
7.329043637509198295e-01
-7.493413958601315983e-01
7.427395424682892155e-01
-6.699624071563243799e-01
1.147556665674192455e+00
7.234309620016845521e-01
-7.696300398375082175e-01
-3.811347671138962667e-01
-4.966171725754968680e-01
5.495382949661318239e-01
-2.558490042198002801e-01
-3.921558016577793016e-01
4.060852852075982344e-01
9.483379473754245392e-01
2.174107591707234999e-01
-9.929344831872040089e-01
7.536923027089976745e-01
-7.156103613626740856e-01
7.835701676948203520e-01
8.658653552881618864e-01
-3.995187858950448589e-01
-3.156803621424082440e-01
6.110376448409824413e-01
-3.810696433237905634e-01
-3.807894879976077007e-01
-4.565152279641815358e-01
-3.301199898752613660e-01
9.798901098032817281e-01
2.043699910228100602e-01
9.352899592580663501e-01
-4.394348807995800410e-01
-6.957583389206740687e-01
2.904342725300153027e-01
-9.196874338196847631e-02
4.534063528728080605e-01
-9.406484753436850088e-01
-8.703914787322395430e-01
-8.441693328681618702e-01
-9.718440479660732656e-01
3.186079617508046358e-01
-1.315833466923966855e-01
4.160578539778987395e-01
4.788786173174803817e-01
7.531383494368186771e-01
-8.514028253948617841e-01
-2.012791853493729466e-01
-2.631763535445399427e-01
6.267764031060554242e-01
5.746518199844028452e-01
5.916682847161722769e-01
-4.216903903927831099e-01
1.865303353515224138e-02
7.082947438024327358e-01
3.630686079162563917e-01
-9.192186822481129838e-03
2.758760401758271197e-01
-3.030370821875698617e-01
-3.217620585917766451e-01
8.406196800272960346e-01
6.465164491271284675e-01
-5.680210910804017743e-02
5.451519596954224056e-01
5.636014490800551613e-01
-7.656829879898052749e-01
9.802578804316386396e-02
5.626719499465520080e-01
1.737245949339270013e-01
2.360327649831930330e-01
-3.901541571186568635e-01
8.632841504499306762e-01
8.806138241207999151e-01
-5.633401676410989545e-01
5.831264536683939959e-01
-1.852304603843004660e-01
2.350841916176200641e-01
4.956696568682761317e-01
-6.370364802228645207e-01
3.508942505314320837e-01
7.808592082850455141e-01
-1.108641263393985721e-01
7.524067741228503969e-01
-2.462698047297773307e-02
1.354829612688881468e-01
-4.715257915541186673e-01
8.424229221048467053e-01
-7.992486981464397289e-01
-5.387074127648494581e-04
-5.412418681970030399e-01
-1.131452430112576124e-01
-3.235598623469204682e-01
-8.503922856695433907e-01
6.303332621244710499e-01
6.513323767452561253e-03
8.152575970032895913e-01
-3.985706949088072548e-01
4.622862727859395893e-01
-3.699470465073178005e-01
5.709882097348641938e-01
3.590193904140006609e-01
-9.202293232919691590e-01
4.962234803546454742e-01
1.674336668391385174e-02
3.493835885667293528e-01
-7.953662931509433154e-01
1.307496598868848281e+00
9.023969886441622901e-01
-2.083701887047020307e-01
-3.404936706407380997e-01
1.923077046506649346e-01
2.491211276712190781e-01
-3.614634646824583797e-01
1.909580062559588232e-01
-1.840413045804494274e-01
-4.667793016898054148e-01
3.678454175024854500e-01
-5.329144083983237135e-01
1.448883267204125469e-01
2.563495416018191086e-01
8.619582840248465327e-01
-5.258603353025892435e-01
8.614553769231152458e-01
1.548077085367904449e+00
6.317069189851245437e-01
9.188655162168142265e-01
-8.795304422298084734e-01
-4.433139958659448876e-01
-6.239433523043436125e-02
-8.756241510695268460e-01
5.016590941044125618e-01
9.949945965373174772e-02
1.805214234079816960e+00
8.312453809682758266e-01
-1.608884903138565470e-01
3.767456383295320066e-01
9.325243604013562226e-01
3.328172825840667315e-01
4.922839776999863304e-01
4.044670704774124825e-01
-7.615352223174589597e-01
-2.334582967389751129e-01
-2.097079555123837480e-01
9.773329456464721066e-01
-6.240959318018646229e-02
7.413387783041061052e-01
-1.010694689523116585e+00
-5.991261452244422969e-01
-2.048060037535546218e-01
5.631424295435660810e-01
-5.988275104770190982e-01
2.027817199450663299e-01
3.167717861734561380e-01
1.735239302264850902e+00
-9.333536985513453121e-01
8.806138241207999151e-01
-4.621107421399117676e-02
2.350841916176200641e-01
-4.091553892195998188e-01
7.808592082850455141e-01
-2.728142463758065350e-01
-2.869451705961532095e-01
-3.105899561115199603e-02
-3.047145407256293126e-01
-7.524153359591256862e-01
-1.727033125185348350e+00
5.061303765078741801e-01
-4.625321876070089822e-01
1.515305595904765656e-01
9.118481622830452160e-01
-1.853399745230940532e+00
-9.809524769830375579e-01
-1.813913553610029705e+00
-2.083701887047020307e-01
6.850790375271353927e-01
-3.614634646824583797e-01
-7.717432690727599187e-02
3.678454175024854500e-01
-6.054024968124972483e-01
8.619582840248465327e-01
-8.580454208657206649e-02
6.317069189851245437e-01
8.685056821950987160e-01
-6.239433523043436125e-02
-2.942269229624885352e-01
1.805214234079816960e+00
-1.383927854512886357e-01
9.325243604013562226e-01
-5.553418388871376177e-01
-7.615352223174589597e-01
-4.394523942885795176e-01
-6.240959318018646229e-02
3.003722074800942998e-01
-2.048060037535546218e-01
7.492991780379312239e-01
-2.636204994124100587e-01
-2.327155895090840532e-01
-4.621107421399117676e-02
-6.201780889821381093e-01
-2.728142463758065350e-01
3.704728958056831001e-01
-7.524153359591256862e-01
8.542840005220795341e-01
1.515305595904765656e-01
1.627802116639112118e-01
-5.671012779929351932e-01
-8.093115995545185903e-02
-7.717432690727599187e-02
-9.143250170250407649e-01
-8.580454208657206649e-02
-1.565902310857740565e+00
-2.942269229624885352e-01
1.045401607037524272e+00
-3.066848314454289071e-01
9.868072742580376033e-01
3.003722074800942998e-01
-1.298155774556570830e+00
3.950423626150703638e-01
2.339465979735335655e-01
-9.189469077622569593e-02
-4.003130567167354492e-01
2.521804143898327411e-01
-5.571806495875192278e-01
8.255224986873241910e-01
8.106384063980176524e-01
7.644637973765331385e-01
5.950377961837038931e-01
-6.253493158051224299e-01
3.004696722792723484e-01
-9.598578422072256977e-02
-3.807668859631172520e-01
3.617949805255360474e-02
-2.382075997308847892e-01
-7.766106949581970120e-01
-9.096397399634303937e-01
-1.994026210344230776e-01
-7.004952414342358047e-02
1.664036725864090904e-01
6.771877448010559242e-01
5.229182705046671042e-01
