9.173702503292262556e-01
-1.000000000000000000e+00
6.908581486172553632e-01
7.117919679788684562e-01
1.000000000000000000e+00
1.000000000000000000e+00
-5.204068749206218758e-01
3.517376324166987533e-01
6.738402751862881956e-02
-4.772538141097333320e-01
-7.162216629713058502e-01
1.000000000000000000e+00
8.031232332090999515e-01
-3.760707238277214981e-01
2.096868979213128981e-01
-8.075502512256116372e-01
4.646274169660979392e-01
-6.981712110106486069e-01
-1.874052204797373999e-01
7.827394883385718760e-01
-1.000000000000000000e+00
7.151219546439258057e-01
5.258127961613681123e-01
-2.719739489575214719e-01
-9.571767311705642323e-02
-8.002594006755927580e-01
1.089105461095383198e-01
-1.092198942888968904e-01
-7.656375959179047008e-01
5.885423624824059896e-01
-3.833524844588326319e-01
7.985557490250680956e-01
1.000000000000000000e+00
-1.399926380354419297e-01
-1.000000000000000000e+00
-3.203146445416674704e-01
1.315389768254288105e-01
1.000000000000000000e+00
-2.417313968626195742e-01
-1.000000000000000000e+00
8.186232056946083357e-01
5.883082297528087201e-01
-5.080445042765018293e-01
5.766025797305462941e-01
-2.648296604146520572e-01
-1.000000000000000000e+00
-3.258964867223917983e-01
1.097621787738699561e-01
-1.000000000000000000e+00
9.913695197111035418e-01
1.470764831136148754e-01
1.000000000000000000e+00
1.000000000000000000e+00
-8.948932162969933657e-01
3.864962028523344362e-01
5.313828398000729480e-01
-8.833724491314824956e-01
3.461972382719311625e-01
3.183848360006635847e-01
1.602260542785912401e-01
-1.000000000000000000e+00
8.002197991704715907e-01
6.043800442358917557e-01
4.420481107278151356e-02
-1.196122854482952191e-01
-1.000000000000000000e+00
-8.585269318264212579e-01
-4.954637707524054413e-01
9.212220064208922476e-01
-9.721122196302656171e-02
-6.490494254244401073e-01
4.564786980736352806e-01
-3.892710191455783786e-02
-2.575265036688263454e-01
6.555627272600821343e-01
-4.755272374490868703e-01
6.096933234369179555e-01
-3.427546789485131917e-01
3.230886485573785105e-01
-6.644484849825045281e-01
9.640664073293507830e-01
6.236218691996116004e-01
-5.398578568124567933e-01
-4.285671776273618505e-01
4.852490259879411738e-01
8.014900207567254853e-01
-2.566430922112274970e-01
7.703003412275051254e-01
4.310617089457464690e-01
3.770480824196313918e-01
-2.893221821547073969e-01
-5.421569433726447507e-02
-2.651737979982211613e-01
-9.219541686634302735e-03
-4.452701434734152031e-01
6.890910017067157778e-01
8.478194959670624087e-01
-3.682501779037743450e-01
-9.438279353431999752e-02
-6.145470395819205844e-01
9.931231980321535424e-01
3.884431784170634394e-01
-2.258176727501646219e-01
-4.461173889175207297e-01
4.053364496610398771e-01
8.539084605994951005e-02
3.664952543780799488e-01
1.251894378941968977e-01
-7.397419468448371838e-01
-3.905691993172721865e-02
-5.784925140915158082e-01
-7.724890436901672430e-01
-6.254484162586515517e-01
4.438410088586108859e-01
-7.514035492038317887e-01
-9.103767427435163206e-01
4.901809971205173255e-01
7.711397736003440251e-01
-5.616394801251856084e-01
6.059947378397323448e-03
-8.841570961341489454e-01
5.963499449522859930e-01
9.886898274683653121e-02
-8.390553882719895551e-01
5.343191385872707588e-01
4.379109358045765177e-01
-8.655480330935954036e-01
-1.616534398995301824e-01
-1.042485754561139899e-01
2.927023309289888964e-01
6.895636853595867866e-01
9.333846041705566865e-01
-5.708151070477058830e-01
-8.460525955663902309e-01
1.531067323981247785e-01
5.544018182156900121e-01
-8.701235548910513096e-01
-3.493270051777130902e-02
6.143319520051628846e-01
-8.233459216190011087e-01
3.688928230701642441e-01
6.015140589887275624e-01
8.642956142323952040e-01
7.489747490768425831e-01
-3.169156380284587904e-01
9.519562843280289233e-01
3.277965863544896052e-02
7.736040551243783536e-01
-4.898818967673055358e-01
-4.963771873226805464e-01
-4.030844774732784686e-01
4.889156931587053112e-01
-4.176173098506950065e-01
8.328669621299611414e-02
1.414176729682916633e-01
2.183997634716206004e-01
6.982503900668444174e-01
-6.433656471419346712e-01
-4.029862527614658241e-02
-2.003988802575431549e-01
6.778954217657242598e-01
8.845476514684438296e-01
-2.060217415275065189e-01
6.827796329079451887e-01
9.348271818572670977e-01
-2.729429427775080796e-01
8.450526183377800038e-01
-7.186932004787849326e-01
-4.421694147543118181e-01
-2.272498657582036063e-01
8.399263718259208922e-01
-1.046989188742968313e-01
1.283280391145678045e-01
8.638119110358486452e-01
-7.316772248344751706e-01
-9.352831862939106067e-01
2.846291689052689033e-01
9.344322447567694478e-01
-1.212666290786617029e-01
-4.987619517000168035e-01
1.831965373783475126e-01
1.091862570447781344e-01
-5.510775073591012152e-02
-8.667064083856794721e-01
-1.838884538226059906e-01
-8.965353166968792475e-01
2.072684307366556844e-01
-3.347584385165489618e-01
9.670824584168231652e-01
-1.074647501686021300e-01
7.591122017716875892e-01
-2.522620867099978348e-02
-4.251941423790428498e-01
-1.908559578668920231e-01
-2.256970371723510116e-01
9.379838728193565789e-01
-2.478417014030909193e-01
7.986775339503009441e-01
2.977042734583756900e-02
-8.579634653700987101e-01
2.912661608266278179e-01
9.877418600076506294e-01
-9.494352938727764757e-01
-7.606663362264509676e-01
1.000000000000000000e+00
-1.000000000000000000e+00
1.000000000000000000e+00
6.480434106029769881e-01
-2.337422556210715374e-01
1.000000000000000000e+00
-1.000000000000000000e+00
4.957559587795216105e-01
5.168800521524725688e-01
9.341780272384068162e-01
-9.198453188701019023e-01
1.000000000000000000e+00
-1.000000000000000000e+00
1.695484792115224959e-01
2.578566655814733544e-01
-7.309980601788999000e-01
-7.922570709975462755e-02
1.000000000000000000e+00
6.696340171308812206e-01
-8.305085556876846686e-01
7.255509965209321344e-01
-5.276847039594563249e-01
-7.307384177758590171e-01
4.389913088140853237e-01
8.328757247243543382e-01
-6.015239727038941275e-01
-5.942332786427197977e-01
3.757883995552415701e-01
-1.000000000000000000e+00
4.445907484137627819e-01
7.051218451378085117e-01
-4.442657929002469253e-01
-1.748904994188802409e-01
-3.539679409476661487e-01
9.806079280898361006e-01
1.000000000000000000e+00
-2.657436414850402606e-01
-1.000000000000000000e+00
5.203273177776855940e-01
-8.208363814861368013e-01
1.000000000000000000e+00
9.144321378820865487e-01
7.254840772800943416e-01
-9.525834490061406701e-01
1.000000000000000000e+00
1.718689510970042855e-01
-8.182899204529792136e-02
-1.000000000000000000e+00
8.776665060418831210e-01
-4.030437056201137125e-01
-1.704971001468280623e-01
-8.730194638428285803e-01
-1.095940185712923898e-01
-9.909631118460904275e-02
8.044932778008528906e-01
8.796556487906384003e-01
-1.664560482595748292e-01
7.602367003721210992e-02
3.097525175498927474e-01
1.000000000000000000e+00
-2.138767555479720306e-01
