-1.226633641045000722e-01
2.936542792768215282e-01
7.073819829616709853e-01
-8.450233938490843144e-01
-2.281214450057217624e-01
1.038028046236708857e+00
6.222563257967462791e-01
1.989709605896746170e-01
-5.871219852723358335e-01
5.646736967716462496e-01
8.256596277078696033e-01
4.289898179058287409e-01
2.502753955865016366e-01
7.995133833811096657e-01
3.106252670936343607e-01
-6.767379262740484958e-01
5.011013665757804159e-01
-4.397627933230557340e-01
-4.861151061691221242e-02
7.118461703782857919e-03
-9.451933336635751637e-01
5.384145167256999820e-02
6.835746969185090283e-01
1.668291622538539132e-01
2.751853744395199586e-01
-1.152913906756383611e+00
4.616671727400618597e-01
1.399623376500802374e+00
8.774695095290943048e-01
-2.027712597862952326e-01
-2.552844615930217609e-01
-9.370488058281994936e-01
6.390758191235493824e-01
-1.051609771940705373e+00
-1.300224837393799682e+00
3.233402448315499944e-01
4.330081546703632989e-01
-1.493866359931490251e-01
-9.048088206600162220e-01
-1.216676050149897714e-01
-1.283888386282989957e+00
4.084245841235869534e-01
6.455633518692658335e-01
-6.154585136359641551e-01
-4.219116894800045148e-01
-3.657604885515981508e-01
8.251896359953817539e-01
1.352820039246186434e+00
-3.062491023627912368e-01
7.489127740281545376e-02
7.872084439336173300e-01
-6.984612043135565718e-02
-3.953913645517310727e-01
2.198468533937926184e-01
-4.286013976772075074e-01
8.472364618426270200e-02
9.264438658854476927e-01
-1.569402885656681623e-01
7.665477052795066637e-02
-9.649931635312769540e-01
-6.523104112788358222e-01
2.006546600554467430e-01
-9.657808941714287609e-01
-8.554330129998292120e-01
-6.965721047671910027e-01
8.279632156583360825e-01
-2.930049656487180298e-01
7.902566748132509034e-01
-1.015028809768003248e-01
1.040907535948165652e+00
-3.921320776643117956e-01
-8.179630884896370580e-01
-8.227222981526403078e-01
-6.940539346027406742e-01
4.274431745607731314e-01
-5.250795818977737062e-01
9.111203139171640819e-01
-9.843483352607496073e-01
-6.799601082746515868e-01
5.653707708255335529e-01
-8.360022868827058362e-01
-1.662648109153846421e-01
4.769008010401680209e-01
-6.548296056235358709e-01
-1.211616016659661788e-01
3.318993289750439835e-01
4.346277035679683987e-02
-7.483425683222111324e-02
-1.883080214511141659e-01
1.722607982861487086e-01
-3.399934820232965449e-01
1.997401837587689521e-01
-7.677525552159670807e-01
2.959048416662591330e-01
6.696685452214584666e-01
5.871996159922906466e-01
1.227230712663373247e+00
5.026291954419263019e-01
1.595989163826841417e-01
-4.237341447784735982e-01
1.252961020829445493e+00
-7.566813453780353305e-01
1.000000000000000000e+00
-1.862799361986696711e-01
7.853449863168284750e-01
1.206528804365423646e+00
3.970042091660549444e-01
7.055555026058732970e-01
-5.040150494504579415e-01
-5.590117956478470873e-01
-4.873371702540872930e-01
-3.455866712763335791e-01
6.129985281263445884e-01
-9.891802935227693716e-01
-9.285040629215588481e-01
-8.468368544014608368e-01
1.035236723165659400e+00
-6.000128648034575018e-01
3.429791126280135050e-01
-4.618659895309882302e-01
-2.681277405338739483e-01
1.079328566551588819e+00
-4.454121329372570104e-01
2.997044944312943215e-02
2.863581641602315209e-01
-6.980657723354313227e-01
8.294919799709377095e-02
-4.254565242116716828e-01
-2.729639504869686428e-01
-6.514180007906409386e-01
3.374935746367344613e-01
-3.528697681563578437e-01
3.370870205973326011e-02
-9.469942057199030039e-01
-9.570737666378328345e-01
-7.135646405484944443e-01
-8.360604676243306166e-01
9.809888895291921096e-02
6.203132124636252520e-01
-1.689221081687031889e+00
6.973737084004875131e-01
5.360570015117082088e-01
8.688254441913823012e-01
4.025664581222381799e-01
-1.079270726208831355e-01
-7.680808907829601573e-01
6.276588581396354283e-02
-6.194862386434440982e-01
7.974972225530136960e-01
9.213210536634890424e-01
-2.181643877181332625e-01
8.352621647881681710e-01
9.718946324087112121e-01
-6.340139326013710663e-01
-3.198304202485180436e-02
4.606579824614322194e-02
-2.000982828404150593e-01
-4.344817245160305097e-01
5.712476328315352347e-01
9.811540042501076808e-01
-6.927421230541124242e-01
1.695203481376872934e-01
8.737847444816173592e-01
-5.408793429213938353e-01
-1.959898377036311534e-01
-1.257209667117585583e-04
5.345913027313652366e-01
8.323788735601805877e-01
8.373980751205607476e-01
4.448635807578815715e-01
1.018740163484670225e+00
-3.124627260253212691e-01
2.857900518645248300e-01
-1.401529000613577214e-03
2.353851483940381240e-01
1.353672612148310916e+00
9.339193012003836891e-01
2.414494411049310507e-01
-5.222316122752730383e-01
-1.481433410166482223e-01
-1.522248941013008006e+00
1.534254702581034358e-01
1.307799159905749242e+00
-7.182153631712040465e-02
5.629119403664678556e-02
3.860629830389423756e-01
8.349690024142161215e-01
4.121121338440025816e-01
-1.370584986934690663e+00
-9.530381097115383504e-01
3.024847060925607289e-01
-5.979071826589972272e-01
6.160861552230072480e-01
7.596043389407677315e-01
4.555266014837153210e-01
1.552774124644947573e+00
-1.327500174257356891e+00
-3.502949548165404381e-02
-9.496936311981826195e-01
7.738313891081309848e-01
1.419868551444549043e+00
-9.788746574956802560e-01
9.661357704715504147e-01
2.808751445314099371e-01
9.562280977876652655e-01
-4.098546428036812239e-01
-4.135083123074586031e-01
6.951239454108798510e-02
6.397492665232209497e-01
-2.589411977883609994e-01
-4.319563438493104757e-01
-8.635933951170674527e-01
1.016298115805986058e+00
8.458669530335687359e-01
1.217732304866336213e+00
9.492731959339524295e-01
-6.108389356442076590e-01
1.110540862813214069e-02
4.742889104759381858e-01
-5.712856182448509124e-01
8.773129305144171663e-01
-1.046422543298985014e-01
-1.233562769434931594e-02
-5.180008554333415116e-01
5.715649043435402366e-01
-5.198464469371469887e-01
-9.505681757469688353e-01
6.680734765950945009e-02
8.524970610441795493e-01
-4.835451271856790467e-01
4.711749150335948766e-01
7.077740064828722533e-01
-6.322929170021014400e-01
1.334520409633052074e-01
4.012807192217628938e-01
6.832535491797322447e-01
-7.766848390936939017e-01
-8.588221650374684435e-01
-4.423600000602170290e-01
9.679898673244112794e-01
-9.530120122612129041e-01
1.748549973453865092e-01
-1.235740506593047350e+00
-8.688338608213224123e-01
5.811631385876055989e-01
3.279408238341958715e-01
9.385445633656163134e-01
1.209715875430407372e+00
7.040967834233733402e-01
3.023712523738575353e-01
-5.526546481839785807e-01
1.285019283423544101e+00
9.365132625955390200e-01
3.666704635404531287e-01
5.872460139887567543e-01
7.576703006071942026e-01
6.450320566197420558e-02
-1.202972494670821457e-01
9.155282215947934121e-01
2.797238974249025012e-01
-9.575274023228693698e-01
2.445471187818838432e-01
2.237564867906380872e-01
6.907583526052989420e-01
1.341760725226795570e+00
