8.843898685637980872e-01
-5.597786917241340809e-01
-7.667525671881325611e-01
-8.009521848321717874e-01
1.124921947000730449e-01
8.268163927402288893e-01
-5.797241377980880683e-01
9.992757299102691393e-01
4.983248013178674940e-01
3.922583035880687352e-01
-2.088926838676557485e-01
-5.103891499648696151e-01
5.540785657206652726e-01
4.813752252421430455e-01
4.934544265092251081e-01
5.053207587477804852e-01
-2.919643882678900071e-01
7.121350625913709376e-01
9.071409633312106369e-01
1.909257671072883134e-01
5.320110845110883613e-01
-5.524191937624973736e-01
8.390229652221192769e-01
-1.000000000000000000e+00
-8.093500265719107967e-01
4.697311060995146281e-01
4.541899759990720292e-02
-7.660989984986366075e-02
-5.134511205109417720e-01
2.357801259532051885e-01
5.063090647732371163e-01
-5.484259929983034132e-01
8.149061803683643745e-02
-5.767161558449654946e-01
-8.506073076165414637e-01
1.597678070008666240e-01
7.774939135515746003e-01
2.524255953014987175e-01
9.294110740072532295e-02
9.875153473993046882e-01
-2.624491159994204459e-01
-7.122070622207903323e-01
-7.378947394308318919e-02
-9.216015479340229355e-01
9.083422631476464892e-02
2.945307180593088048e-01
-5.235695758800582578e-01
-7.284871964017118895e-01
8.969656151904328301e-01
-9.565102434437544598e-01
2.047899633827308385e-01
8.510921019786216180e-01
7.798761088375105732e-01
3.972683220871036647e-01
-2.841656893398385453e-01
1.414513286002115899e-01
1.609844365747407219e-02
-4.840897679718457469e-02
-3.582451459972163521e-01
3.067335826173721580e-01
-5.415351210381387226e-01
-5.508734481906393254e-01
5.150398738611361438e-01
7.752024383802988972e-01
5.319063348145025572e-03
3.633990537066251747e-01
-5.545027929301956648e-01
-4.373446766202773728e-01
-9.324970198875198735e-01
3.063845431074369019e-01
-8.271433881022051127e-01
-1.838643096441822111e-01
-6.771889026368900222e-01
1.469695465420877700e-01
-2.034063843168139318e-01
-8.674052103078800924e-01
2.309882258396971089e-01
-5.239997078391991359e-01
-5.420422045303772279e-02
-2.997548519318741223e-01
5.558089370671739360e-01
-1.000000000000000000e+00
-9.839032413204403804e-01
-1.395737973533524301e-01
-5.642221140801304546e-01
-2.136219076294854080e-01
9.196211812280202791e-01
5.502539512535633559e-01
-5.878441012091210061e-01
1.412009583830623471e-01
4.645532971494994445e-01
2.061286144836407541e-01
-5.972886427467116732e-02
-2.336550759779315034e-01
4.686354558137293402e-01
-2.116750887042750384e-01
-6.272258005213064980e-01
-8.989963805158929233e-01
7.123461736006116984e-01
-7.370929557137503307e-01
1.041898117229302645e-01
4.056656597809612519e-01
-1.623983047088838338e-01
-3.379363358764634895e-01
2.588245748527391310e-01
-1.829957028498302163e-01
1.647845679668957786e-02
-8.265405809209636079e-01
7.124557675484797237e-01
6.372445675500084672e-01
-8.076762464225935023e-01
-4.442959630791497028e-01
-5.480418945282720111e-01
-8.228555523577737452e-01
-8.250830159052113810e-01
-4.837496532154277329e-01
8.949888544722756079e-01
4.112108653860535590e-01
-3.107079683082185628e-01
-7.912076978805023808e-01
8.716327583251020084e-01
-6.117032075791453138e-01
-9.494635549374617067e-01
1.000000000000000000e+00
-4.912203332405307155e-01
6.081813318195818940e-01
4.898303136331826346e-01
-6.091931712107760966e-01
-3.475499469167031563e-02
-1.498054382135136642e-01
-8.206337825238944061e-01
-3.721363260068308310e-01
7.203384092626434754e-01
5.036830516584428485e-01
3.988769596323171740e-01
3.614295999423420280e-01
-8.378923663182522574e-01
3.272300223595580038e-01
-5.987206636854214281e-01
-3.102224254555207561e-01
-3.275188101462326862e-01
-6.204684106804108090e-01
5.059846156568728048e-01
-1.000000000000000000e+00
8.707282298845945290e-01
1.366842043823245922e-01
-6.682371026982502071e-01
3.061920478388805572e-02
-2.513498731450996004e-01
-1.000000000000000000e+00
-4.035282017585999359e-01
-1.909627512529322724e-01
4.910699204964059095e-01
7.499242306755709020e-01
-4.727776353170439760e-01
4.705077466287466148e-01
1.658836527938741257e-01
-7.070498724600818852e-01
2.622538806664126421e-02
3.291206468997957130e-02
-5.769264401467462111e-01
4.774092827666941430e-01
7.301843313249184453e-01
-1.866769520900892765e-01
2.694786861564401059e-01
-2.525994680020141048e-01
7.920347785547313668e-01
8.290253299114129781e-01
4.025763385731956356e-02
8.553523790513922753e-01
2.080740192629271235e-04
1.909685510312873480e-01
9.376344320011906763e-01
-4.994299372308074192e-01
-1.326801623433410404e-01
9.497715634568416609e-01
5.244939363372331798e-01
-6.780987778886351514e-01
1.000000000000000000e+00
1.307051214241916337e-01
8.945433364756152361e-01
-1.000000000000000000e+00
2.316013228797851320e-01
2.150453295300023548e-01
3.411974705566732657e-01
2.474003662165590312e-01
7.879981146366001887e-01
9.570598344431724414e-01
-9.267269044586606830e-01
-1.000000000000000000e+00
-4.963937809935742296e-01
-1.000000000000000000e+00
-5.849029164301120520e-01
1.159025509862052217e-01
1.661763673372343986e-01
-6.565263425783858242e-01
-6.551136765598082334e-01
-1.038285153572728742e-02
-2.487838659814335940e-01
-8.302725422552355017e-01
-2.886082402794615254e-01
6.069465683627683905e-01
-9.372569183443579810e-02
7.803677096927019718e-01
-7.847195004836980681e-02
5.840985759505561425e-01
-1.319066611086063268e-01
4.005975482850820946e-01
3.893875849912574183e-01
-9.592756539105373736e-01
-8.284189456463986190e-01
5.013944747576336569e-01
3.242611306975471952e-01
-3.203630064999221649e-02
4.780156784995495678e-01
-1.824698570841423728e-01
6.316918080595993468e-01
-7.244967325009069592e-01
2.116666280643018094e-01
-3.082687130812828968e-01
8.021491175084459468e-02
1.548050935583929755e-01
-2.893522283349754254e-01
-4.704957977505737077e-01
2.102335296510924878e-01
2.381616392513161706e-01
7.353642183930622078e-01
-3.930153041455087815e-01
1.688500552327571458e-01
3.717902798717879764e-01
8.161163291666425623e-01
-1.000000000000000000e+00
8.003795943872886731e-01
9.473117588903900987e-01
-4.754093874684437449e-01
4.407469761607882841e-01
8.144765743908835010e-01
-3.446447061112519195e-01
9.793013167982660416e-01
5.547499375539302058e-01
2.707851407723490533e-01
2.730358313374484092e-02
1.886810248383537780e-01
1.768700412082586382e-01
8.407564717499400597e-01
-1.000000000000000000e+00
-5.972000886560639987e-01
1.000000000000000000e+00
2.971463433097045748e-01
1.000000000000000000e+00
6.356605546698194109e-01
6.760568858032529604e-01
-8.026731789998430289e-01
-7.201550267719925014e-02
1.055384326534175299e-01
2.481407525171552830e-01
-6.109047255731506754e-01
4.549973508207094675e-01
-3.110060479123211152e-01
6.582893703870976720e-01
-1.070265861227062687e-01
-6.791842376644547929e-01
-1.817266266376654782e-03
2.642337816686163854e-01
-2.436625004907786163e-01
