-6.737037466553004172e-01
2.989210019236051008e-01
-4.724155502142844965e-01
7.675994292999435142e-01
4.324672375801195678e-01
5.015439528402834135e-01
2.929748310177064941e-01
-8.893568680047039265e-01
-7.365679430205545053e-01
-4.664359073643081222e-01
1.000000000000000000e+00
-8.197947061151513726e-01
-1.339894390835225657e-01
-5.253706615768494181e-01
-2.728965753933730864e-01
2.206281291348811124e-01
8.478449336068226705e-01
-2.794590095336609847e-01
-3.582777402634389485e-01
5.112228350286160961e-01
1.000000000000000000e+00
6.335548230049874441e-01
8.089956022135522673e-01
9.390048166382400918e-01
1.696810649881606015e-01
-7.390869291409374320e-01
-7.781501398883211573e-01
8.322895780801731203e-01
-1.000000000000000000e+00
-2.869513822106937173e-01
-7.248996617576677348e-01
-7.848756052042633602e-01
6.405648651716160380e-01
3.597177066601686679e-01
-3.747277307930447776e-01
-5.847353222525334404e-01
-8.386187801566913347e-01
4.900362483236673783e-01
-7.901000882644125811e-01
8.941536049896152694e-01
-2.901532780865565542e-01
4.628542163477587512e-01
6.601644204009373684e-01
6.616453581126671146e-01
-2.831071563609032227e-01
9.744865691717174983e-02
-7.542258085102642173e-01
9.415656516840371915e-02
-4.681795930034941822e-02
-6.021757870528213208e-02
5.156783771915302017e-01
3.443499486020842326e-01
2.112644832275634155e-01
5.004566842845303842e-01
-8.807069246944823626e-02
-6.832892665461725024e-01
-3.100983590168929216e-01
-7.341298562852924814e-01
4.124510465446669105e-01
6.066888139146273673e-01
1.000000000000000000e+00
2.426490520440028609e-01
-7.775112116611575530e-01
5.036690783736106347e-01
8.726708979872570549e-01
8.383213879062263452e-01
-8.349594738248351522e-01
-7.490162176155117368e-01
-9.132886263571641239e-01
8.873874072449634554e-01
8.214350020521727913e-01
3.531488764726838439e-03
6.445767847398495842e-01
-9.528464692130107494e-01
4.701409185000035018e-01
4.682457346024238021e-01
8.075530707306084466e-01
2.490992181280893281e-02
-6.635464689760873780e-01
-7.343979019560433752e-01
-2.818952896492440963e-02
7.144083796598518221e-01
4.402623202690054693e-01
1.256213625552062563e-01
-7.591125105299112441e-01
-5.471849935493092731e-01
4.527622542163765584e-01
-9.948317737066582067e-01
-2.892580680211266908e-01
-2.997152565981897610e-02
-9.548120098146080370e-02
-2.755708360955092528e-01
8.033614646650955038e-01
2.023576843821364157e-01
5.972221001743440727e-01
-6.163021255390459530e-01
1.782719128397314279e-01
-1.497557412426573364e-01
-4.472473955898310649e-01
-6.218151653840353621e-01
-4.101375173417146636e-01
9.426184068651119463e-02
-8.722585958163022735e-01
-5.954689164434971982e-01
8.597610247520508509e-01
7.958398454626924856e-01
2.068871423373247476e-01
5.831513226924462945e-01
-1.125845594389530691e-01
-6.579621701298692116e-02
-7.713091255118817990e-01
-4.755791534587087699e-01
-7.078691091424320625e-01
-5.461685409778784805e-01
-8.260684188012608065e-01
6.299132764583594835e-01
-4.777005439051585922e-01
1.574862331846868801e-01
-6.866465470578181352e-01
1.631582643343969519e-01
-8.289634301077600798e-01
6.797720255703048053e-01
2.774455082090042657e-01
9.996485338210986393e-02
-6.361723105176120274e-01
-3.165825523005992848e-01
-4.464890152393978795e-01
-3.554421400609326653e-01
-4.447652575139427467e-01
-3.717887534809620753e-01
-8.303723850732684930e-01
6.790754927023647802e-01
1.241000472177654634e-01
5.335703573433658864e-01
5.214180150670519875e-01
8.924658366419451205e-01
-7.817811957143592227e-01
-4.676782056981918512e-01
9.269693283445036291e-01
6.136693938172762541e-01
-6.649598499580864353e-01
-7.677418804166891153e-01
-8.388677462192288825e-01
2.343050922855040019e-01
-6.393118012014662455e-01
1.027047425398863734e-01
7.706679470037720581e-01
1.958158901227206872e-01
-7.330429935423549148e-01
-8.949017501792509988e-01
1.000000000000000000e+00
-8.790624080478410818e-01
-6.972790521415261900e-01
-3.378218998640084569e-01
4.041330018499218468e-01
2.432389599153151893e-01
5.160378569359991285e-01
4.453242348288181107e-01
-1.401682208903888283e-01
-2.440840899360985361e-01
-8.338766368732795087e-01
3.105824348542800539e-01
4.546977664244014061e-01
2.444899673837552800e-01
4.497519296804664002e-01
3.034855820907518265e-01
-4.426601629024307094e-01
5.590592714649682549e-01
-3.613706364473345811e-01
-7.182648146095553798e-01
-6.907075905676993699e-01
-5.914581046685027932e-01
-3.906890007951061006e-02
-2.747558905360172332e-01
-4.945167514284629640e-01
7.431472845946579531e-01
1.232132119871283127e-01
-3.623561994855034607e-01
-4.121881979634423043e-01
-4.989769328916290325e-01
-9.165987402744530943e-01
2.832153076455725671e-01
7.792092741504490494e-01
5.530220211595455737e-01
-5.702307695090350625e-01
4.246843741035919439e-01
7.680504535015743039e-01
1.693675801121869995e-01
1.910151389907799313e-04
-3.315151860262472994e-01
-4.614711351588231536e-01
9.160549483369944124e-01
9.611782529318881885e-01
4.237266474761378632e-01
-3.481046037607034571e-01
-7.763564273611668343e-01
4.361625511741066274e-01
5.832179117005031888e-01
3.058671497019649355e-01
-5.633496936964514923e-01
2.311912035260837439e-01
-8.275810449352996034e-01
-2.383472525774578410e-01
-1.925271803608019638e-03
-8.407652347042524621e-01
8.569516436343258547e-01
6.444852170124572011e-01
-1.402044911755164769e-01
-5.034174379718220349e-02
-2.938726404245743939e-01
7.681552711438218717e-01
6.924775878307785071e-01
-1.471178523914436487e-01
-1.000000000000000000e+00
-4.893532794189297541e-01
7.215112464652019275e-01
5.673293007367778973e-01
3.765499232973656962e-01
4.868468937763142934e-01
2.264342520400570713e-01
-7.077980515539171735e-01
8.509116538182327494e-01
-3.599983171196775023e-01
-1.613049112337687774e-01
-5.817203141707714131e-01
-9.125402493488727895e-01
9.436116297177135070e-01
-9.600063546806869574e-01
2.410614963348345352e-01
-5.805848185508966086e-01
-8.797110284891462850e-01
-5.925982235418599808e-01
9.891566992394897895e-01
4.605367650162610627e-01
-8.767482801901345102e-01
8.817622992122937653e-01
2.031708820617402766e-01
-2.818022670594427792e-01
8.296149784927002724e-01
-3.302665664890952479e-01
-1.472258236825521038e-01
-7.085752085591596749e-01
1.419019783012495650e-01
8.532516644841217079e-01
9.698805891604764806e-01
-4.993729129753479157e-01
7.757942341448411661e-01
-4.712185203527792798e-01
-2.535497435001834998e-02
5.876595941693228964e-01
-6.137251697199045397e-01
-2.907438232841039749e-01
-4.303220848639617291e-01
8.708122790096675114e-01
-6.767720158777397188e-01
-6.830021100347861696e-01
4.761908327729567070e-01
-3.428915922728574817e-01
6.515065132295573269e-01
6.313795656285102753e-01
-3.968432706254040876e-02
5.072257792830912049e-01
5.358805159078472435e-01
-4.361129422183678273e-01
4.269398009105196401e-02
