-3.551244518075058476e-01
2.655274003646433401e-01
-9.052009099008675452e-01
2.726410165951808628e-01
4.755001438151500170e-02
-4.446244792867078965e-01
-3.261349627387967187e-01
2.570845615444063426e-01
-6.778966445035555788e-01
6.116204177895843141e-01
-1.697287647982472780e-01
-8.062594942054068792e-01
-3.545644387309236922e-01
-5.379190580204058492e-01
-5.035328038792509231e-01
1.000000000000000000e+00
-1.985123940016382815e-01
-7.934240238945742263e-01
9.063428091838547918e-01
3.835046710738097553e-01
9.099818850206689014e-01
-5.249798207663978200e-01
1.914449262197142065e-01
-7.609958649006258735e-01
-3.748321020620920541e-01
3.517849889145714393e-01
-8.694448479306636779e-01
1.000000000000000000e+00
3.116017876570968959e-01
3.922183228427762458e-01
6.534783313391903103e-01
-9.996074429426693442e-01
8.780505755313170457e-01
8.201600739004000218e-03
8.109453101604852110e-01
2.055580802104273186e-01
-8.023243174542491474e-01
-5.318639083478406970e-01
3.826207721414836005e-01
6.354112813088179657e-01
4.153673241551596451e-01
-7.059797374674809944e-01
8.346014905181944332e-01
8.034122649800075067e-01
-6.977960780008800601e-01
-6.987090042592508654e-01
9.628850943264948281e-01
2.051874947587838394e-01
-2.737593455763706607e-01
9.682022478541997268e-01
3.202736031038809217e-01
8.155818333600233228e-01
7.573893931915505195e-01
-8.498464007695005762e-01
9.457434150013617202e-01
3.581053074882611931e-01
-5.749873270381054002e-01
-3.561308941691078145e-01
9.492443357302644547e-01
-1.000000000000000000e+00
-2.039047293027485552e-01
-1.000000000000000000e+00
8.604207550459891385e-01
9.429524214480530797e-02
-1.702962753736769475e-01
-1.608493335580860606e-01
-9.971105200909665678e-01
2.630895403297682233e-01
4.389091126212918414e-01
-4.402344751468880713e-01
-6.655263902768959738e-01
-3.598186179050322231e-01
-6.301276633180650233e-01
9.071824314182309612e-01
1.625525946694024726e-01
7.119243567145084883e-01
8.154829524928537410e-01
-8.583193830800182056e-01
-3.985216863590201886e-01
-5.662698953083113995e-01
2.559251227655384153e-01
4.566845835204838555e-01
-2.018368299704630386e-01
4.332095584866011428e-01
7.818220040663134696e-02
-9.536360880195182688e-02
-6.755709604047950290e-01
9.446858609231537640e-01
3.611133689003738212e-01
-2.254427620492603090e-01
7.205066797398422818e-01
-3.441646255767044082e-01
7.999878643923834520e-01
8.730071833176247242e-01
-1.874731550292974003e-01
9.160341263751829999e-01
-3.645832084116074623e-01
6.407130108022405235e-01
-7.336918533032874556e-01
-3.243173931051088754e-01
-2.693062608614104070e-01
-7.816003821992230094e-01
-2.654779296990366078e-01
-8.668007125570201810e-01
8.137194119993584884e-01
-4.834390588067351002e-01
2.936262494211207552e-01
-9.383162744210766792e-01
-4.244478128270101625e-02
-3.490270824221846091e-01
-2.904815486230761384e-02
2.742192909037808324e-01
9.281981326680535105e-01
8.429246595304563938e-02
9.938376422678627531e-01
9.970932137266736994e-01
-1.982955580163720533e-01
-1.878311099385707910e-03
-7.934670486440629222e-01
-2.557603085567873302e-01
-4.788307409847326612e-01
6.996393131869687032e-01
-5.329190023718481939e-01
8.106157385096506296e-01
-4.196565750150940133e-01
-6.256157737707002120e-01
-5.631706423352000890e-01
1.320359693205996054e-01
1.389524253833920309e-01
-8.416971107428776744e-01
-2.649973008101982885e-01
4.022388488454362587e-01
4.578892310841027324e-01
6.019952917288402539e-01
-3.795770809782192945e-01
-9.247806183280753434e-01
-1.000000000000000000e+00
3.897651234318197933e-01
7.261666150838397282e-01
3.991635119001619714e-01
3.392749945717241644e-01
2.307639199261202478e-01
1.847248082114765211e-01
5.588167677768787200e-01
9.273462585992239271e-01
-4.649893527825426642e-01
-9.462322152073688875e-01
-5.744336166392216558e-01
1.497784020170320196e-01
1.374581708084017251e-01
3.877162124807349564e-01
8.054416660944312412e-01
-2.498766394276546177e-01
2.378603723834573636e-01
6.771005336261477492e-01
8.818182214003278396e-02
-4.557029451765046701e-01
6.955604684044425223e-01
-6.080889424478486127e-02
4.576137569703386809e-02
-5.593030578490434390e-01
1.753717518457479085e-01
4.151814499241198719e-01
9.979044147664419828e-01
4.284057440488724389e-01
6.791796087361041678e-01
-1.760937924791130538e-01
1.984648311266989928e-01
8.131388469696926302e-01
-8.775827989037707777e-01
5.182637029237906479e-01
9.893746329073773715e-01
1.155318987434548889e-01
4.855785855815736851e-01
-3.329472647146640707e-01
-9.525173730290031893e-01
-1.485481881200809984e-01
-1.000000000000000000e+00
-3.482080341822082481e-01
5.842357187300426524e-01
3.495301091730254051e-01
7.268253542600596750e-01
-5.917985800930778417e-01
-2.782895808115026792e-01
2.647351368336378075e-01
5.428431622232580134e-01
8.657570933855730511e-01
8.753789159671889752e-01
9.551206905299081118e-01
4.763265280007220048e-01
5.439561748416079645e-01
-8.693777308483685573e-01
-6.734679045907471240e-01
6.928498137740274343e-01
-3.948117683243458353e-01
3.124834827745599508e-01
-8.678748561296143471e-01
-1.109932160024977854e-01
6.665453584209402038e-01
-8.050611431844816313e-01
5.863120795894490866e-01
9.654446185690200855e-01
1.679128123541198669e-02
3.659134885840809037e-01
-1.693920744385795096e-01
8.709727742839432629e-01
-2.230541643408565644e-01
6.580591456867211919e-01
-2.249866366914981819e-01
9.575925206360010877e-01
-3.161037423734482932e-01
-3.554822100995318895e-02
-2.085965236779875609e-01
-5.483675407569127414e-01
-6.948950730131266962e-01
7.497614134833572308e-01
5.767102543799747238e-02
2.557451521305083020e-01
-3.814898508914299491e-01
5.626286343128623635e-01
8.532822518345875573e-02
-3.308510446787095161e-01
1.000000000000000000e+00
8.958587008939578045e-01
-9.146849754316847825e-02
-7.248774636895687351e-01
1.502174933970203963e-01
-6.521736520573599982e-01
4.688106000039610199e-02
9.705525854626839699e-01
-4.070674228367636704e-01
-2.367306211480257883e-01
8.367074065233615077e-01
6.837956118147165974e-01
6.477046027158310793e-01
-8.892167793396078546e-01
-6.050169053305997080e-01
-4.106510481047070948e-01
3.987973588575816075e-02
2.128665683833208533e-01
4.056269998865596471e-01
5.909588480433755064e-01
-8.537862483289645477e-01
-5.735074169318291615e-01
-6.555796783474008294e-01
-7.095480986657667355e-01
-3.700514692280458817e-01
5.591970043082212793e-01
8.499183270571810667e-01
-5.967678893669667306e-02
-7.787725331688197805e-01
-9.348805660695402864e-01
-4.337898202507871059e-01
4.151198553922101908e-01
1.707189487031860464e-01
-3.853859372958682306e-01
-5.327684564896758568e-01
1.206456373352068345e-01
9.977577145491460797e-01
-2.551736947420820134e-01
1.991069014825244676e-01
-7.146436682744311542e-01
6.452113551488005694e-01
1.771142650777703664e-01
7.453613821643167991e-03
