2.403384519484204063e-01
3.731083905154024549e-01
-1.340249641269997793e+00
-3.704928677139367466e-01
-2.533478256190109246e-01
1.285393229192968167e-01
4.556636228661923305e-01
-7.405548069074756601e-01
-7.774533481141396862e-01
-3.612831352406750351e+00
-4.403182090778472446e-01
-4.031323601579728244e-01
-8.429481957995217378e-01
9.249148695843282253e-01
8.104587482390941400e-01
3.474315276189554602e-01
-6.210601618923305978e-01
-1.612895026893910178e-01
1.441649973114327299e-01
7.914045684059356489e-02
1.860343356332796461e-01
-9.404892774033677405e-01
2.583827926837650502e+00
-3.927870314597536883e-02
-7.356612216647144820e-01
6.888991559612154258e-01
5.256804243366259843e-01
-5.171935502878894919e-01
-5.722123618491801178e-01
6.437291942035759940e-01
5.602316307695465181e-01
-6.395358160541881887e-01
-6.726156493168309325e-01
-6.142540942078149602e-01
-1.140668161146429771e-01
6.531385780329403978e-01
6.024537417343998058e-01
7.378936474220694208e-01
-2.384194497807035074e-01
9.145994937623509458e-01
3.420940962877003777e-01
6.879795212902606316e-01
-1.841281936339762559e-01
-1.111865382319073836e+00
-5.694404676400448562e-01
8.322993358108974338e-01
5.197618912271413372e-01
2.109900129100047983e-01
-6.100522578465588097e-01
8.494292597094483810e-01
1.219409716550145628e+00
9.458610440686441301e-01
-7.626542857052129865e-01
4.399728881411024695e-01
-5.543127426039640149e-01
3.392122447237837513e-01
-4.887203352990387994e-01
-2.994882836002843440e-01
-1.778144034035678001e-01
1.232215556177175486e+00
-6.426836945047176286e-02
5.937621125230199137e-01
7.651978241201599085e-01
5.038708183232443183e-01
-2.217659296202090236e-01
3.745255902750057597e-01
2.460315086277875540e-01
-3.349008250268046272e-01
-8.465349128596200146e-02
-8.749697469312534004e-02
-2.016385089630076344e+00
-9.936328187359075859e-01
4.652621450799918623e-01
5.285506489259492735e-01
7.155620088245995269e-01
6.212221205735370955e-01
8.961406060545882291e-01
-7.676821271788700773e-01
5.244411307102194719e-01
7.667563010314903948e-01
-8.501733974932275117e-01
-5.592015261830975970e-01
-5.694177729845297797e-01
-4.628539446444657202e-02
-2.721649155626153505e-01
-5.896308453400844751e-01
7.021873718450843960e-02
-8.819437023592024971e-02
5.734417674313052604e-01
-9.064386397452883770e-03
-2.066330202184363252e+00
-4.575016559121360959e-01
-2.913238427650033380e+00
6.551622384521005316e-03
7.686335667869675925e-01
-1.577185724171162429e+00
6.227468753076310648e-01
-2.748042459594517428e-01
2.083238342433757495e-02
3.375132759816621419e-01
2.360920089677144063e+00
3.086723366191477247e-01
-4.153034731151354908e-01
4.185156403273952441e-01
-1.556205367867067535e+00
-9.251094702132436343e-01
8.320538061489513026e-01
-3.229675891430716650e-01
-8.027613437556677667e-01
-9.330480494757988907e-01
9.714413588916281928e-03
-1.272410637641327724e-01
-4.208027893888943716e-01
-9.345034120776425368e-01
-7.972315052134220092e-01
-1.161384033858345877e-01
-7.017350094108063541e-01
1.756069688613279389e+00
1.731202977724108916e-01
9.128637759859816736e-01
-7.871906615117125749e-01
5.989206133721491909e-02
5.998378795493670701e-01
-3.370452876032674627e-01
-3.689065936390911737e-02
-7.070701634394569446e-01
-2.667498922211419821e-01
5.220027001862201921e-01
-8.920415324146300229e-01
-8.253869302188103774e-01
1.275344939008575817e-01
-3.871744604211717622e-01
7.067683243058349163e-01
-5.618329418772449735e-02
-3.834588596851611353e-01
1.679845727435702596e-01
-8.817546242489269215e-01
-1.361331193404170525e+00
7.351558323677187534e-01
-3.680070746518935287e-01
-4.487862274011367170e-02
-7.943719800808501930e-01
6.480196238505682160e-01
2.937898365481528273e-03
5.174113027883069371e-01
-7.922350959298034567e-01
-3.580170407339704486e-01
-3.868319781215852071e-01
1.622149396462240212e-01
5.500030292480861949e-01
-4.517260294218186090e-01
1.425579805241068421e-01
5.572216786788539711e-01
4.871222814288800329e-01
-6.097708212550194684e-01
-1.266937576258930331e+00
-6.377857088996070622e-01
-5.047229842746108197e-01
6.724048075756345888e-01
-3.037119156966101574e-01
-5.868759109725367740e-01
-8.117309521772251291e-01
-7.482204201319839765e-01
-8.087426839471965057e-01
-9.990600510772473797e-02
1.264558105627806295e-01
-2.033092438214799014e+00
3.373253172090451280e-01
-9.952547237021465154e-01
-6.007042109758908843e-02
3.055757042534619217e-01
1.828251479787378564e+00
-2.172695179190404779e-01
-3.736995640578049116e-01
-8.890748284512588473e-01
3.587672064504743297e-01
-9.273319790992842204e-01
-6.155528264739464905e-01
-1.960933512218845376e-01
-4.694781181018703453e-01
-8.461856688648672353e-02
9.251864141840686617e-01
-4.638725093351514506e-01
-9.239308123273175521e-01
-5.426072033644315784e-01
1.371862892624482466e+00
-5.965643760113479299e-01
-1.740629929729304859e-01
8.248263384066303328e-01
9.732824683820565648e-01
-1.453834499231727584e-01
-6.688124005617970269e-01
-6.123972773864287955e-01
6.087719183784745525e-02
-5.809850780764942435e-01
-3.161809511312501098e-01
7.706616471368128440e-01
6.872371153610412620e-01
3.342418936403532825e-01
-6.028695276574549400e-01
-4.906634919472727674e-01
1.396954589203030173e+00
-3.969093976343411878e-01
4.391769038230539657e-01
-9.635053830255844165e-01
2.363674467087689690e-02
-1.861932628625631470e+00
-9.925248821368319874e-01
7.194003817510696841e-02
-2.488166479574926981e-02
5.261099888383191647e-02
5.187870353454187011e-01
9.385145930855716134e-01
7.880709058127097766e-01
8.158357196990644322e-01
-7.143107576769129885e-01
-7.487731343497028291e-02
1.047754045862427930e-01
-2.005625560846455713e-01
5.416244395561078395e-01
-1.603139868263929735e-01
-1.552385605099881882e-01
6.756886757593447701e-01
8.074755008046441418e-03
-1.972735978295166115e+00
-7.228303674041236526e-01
-1.095513698812380365e-01
5.917649737755943384e-01
7.724621247746183972e-01
-5.369715733964792737e-01
6.192539358801807392e-01
6.212427046986597201e-01
2.908286900504370998e-01
2.494620427999250101e-01
-6.429958974631919677e-01
-5.062975528235700295e-01
7.954085460497659632e-01
5.796171647929082571e-01
-7.807918806781456444e-01
-9.826803515105788644e-01
-1.356732684907184794e-01
-4.044991569042655222e-01
-1.977989491407146083e-01
-4.898617205730422253e-01
-4.517224564434898504e-01
-1.798546855783959675e+00
-8.769569763007667440e-01
-4.955352838235878021e-01
2.020123424862956263e-01
-4.556895969401697499e-01
-1.827421802641161719e+00
8.596322970291336851e-02
8.946829957831898827e-01
9.952064113853738014e-01
-8.813499776060902402e-01
6.543500563801307734e-02
8.689444374446846364e-01
-6.582396723851644538e-01
-9.708242542107649031e-01
-6.143326865694436201e-01
6.837855291072212349e-01
4.955942065783214279e-01
9.499348919868588759e-02
-3.457922138583318095e-01
5.365489472042339614e-01
