2.866334419502349351e-01
2.400724717087804327e-02
5.448509291876572902e-02
-1.079786321390131976e+00
-9.122556650104858278e-01
-6.369273373554418249e-01
-4.807744632191939260e-01
-3.213559365399589196e-01
1.045502531692027226e+00
-1.525961610083076181e+00
9.791307275698928336e-01
-6.428720208781777412e-01
-1.109051483558563422e+00
1.919347260308752467e-01
1.557127140682398880e-01
-6.292647816376406578e-02
3.264465489060381920e-01
-1.342072933080199926e+00
2.240069866054615888e-01
-3.767337924402568428e-01
5.224164269234223834e-01
-6.143326970054907576e-01
-4.337651914269555209e-01
7.269978339541408596e-01
-3.604335317670009919e-01
-4.854375442407828090e-02
5.351251057875400230e-02
1.295190706916401036e+00
-7.839851064185728857e-01
3.420253814772269418e-01
2.320759277062824921e-01
-1.001602072632367113e+00
-6.082149309584011787e-01
-1.001326221460022925e+00
3.283363503496179447e-01
3.253349886117875567e-01
2.806078406360495436e-01
-6.300190425107735637e-01
-2.774785131204440813e-02
1.438707728235726346e-01
1.375588228576300587e+00
-7.569914527162935336e-03
6.845842613222826722e-01
-5.960272006916692566e-01
-9.587782006170343652e-02
-6.498224424065097704e-01
-4.850913573623701347e-01
1.476977185684701599e+00
-8.083720383388613984e-01
3.285928379374533082e-01
7.869005577282701669e-01
3.120564902139166819e-01
5.052403670183331919e-01
7.480358656706564968e-02
-4.400779072644349643e-01
2.789048398897807091e-01
-1.048107345300428594e+00
1.173242319874957806e-03
9.170899318275186340e-01
-9.515030312044980843e-02
9.250663548870328157e-01
-6.097494085116875739e-01
-5.433199757745246217e-01
-9.416640744645171646e-01
1.117532485496891770e+00
-4.595957514208994787e-01
-6.981931536436224439e-01
-7.479095936578241677e-01
1.253242438655989055e+00
-4.518117414820581601e-01
-2.771345204684837471e-01
5.980053294319662704e-01
1.556078152010020310e-01
9.608637600096786580e-01
-5.225457877362946757e-01
-9.410210435356257674e-01
-2.133156436064868322e-01
2.365562640526104876e-01
4.417763893191640756e-01
1.066754799286709243e+00
-9.592710296432511718e-01
7.025222667560506729e-01
1.151196579667899123e+00
-6.795603425503056183e-01
5.384329636496431037e-01
-6.525329601498857102e-01
-4.568981524439008624e-01
8.346322995691728419e-01
-8.971671119757621549e-01
-2.147353902232955469e-02
-1.489662840297558133e-01
8.694776336072891354e-01
-1.202350224859508598e+00
4.432671911960447964e-01
7.978902065425708123e-01
-2.755202396287509403e-01
4.881657312153158124e-01
3.355955766551592667e-01
3.493766405053769231e-02
-8.652101584314929594e-01
-4.471217766986694819e-01
4.737635756327747139e-01
-4.344615823766941887e-01
-9.709389172999516315e-01
-8.345873873284270772e-02
1.457230594203761942e-01
8.124703578671705895e-01
-4.014006042928504603e-01
-6.914659982784082670e-01
1.846843352429063057e+00
-1.797670638793961717e-01
8.869840840926539460e-01
5.008980351659966246e-01
-4.940836538828854430e-01
4.711679118888373319e-01
1.967950769698041391e-01
-8.275785764516746523e-02
8.569864137383067515e-01
8.617765809977169233e-01
7.070770741674634596e-01
6.625039374243093526e-01
-6.488520199924916465e-01
1.435387992444935756e+00
9.521182693174570777e-02
2.181541556108594626e-01
1.051853978152520241e+00
2.200065769210311495e-01
7.000080015002757561e-02
5.019558410187473507e-01
-3.978237371321780014e-02
-4.647222292215570372e-01
-2.494646038793316700e-01
1.000773654822081138e+00
4.124525318780081218e-02
1.697550256687244130e-01
-3.014885408732359551e-01
3.787421248580178923e-01
-8.910635435064223620e-02
-6.525150500967897838e-01
5.857996433017821358e-01
-6.887201274110821281e-01
-2.957679242678583620e-01
-8.217397294796479068e-01
-8.490195291732770544e-01
-6.235136338375105725e-01
6.885516353096708675e-02
-1.520876526951869534e-01
-6.749468128134898937e-01
5.341692828083808298e-01
-5.175630388114214053e-01
-2.316996400758566388e-01
1.327056098048881250e+00
-5.222863645679276523e-01
-1.722879034325513370e+00
1.110707786322199242e-01
1.059486851863039369e+00
6.019609600400576133e-01
-8.757534505886548359e-01
4.068762636426708768e-01
6.775790338463250073e-01
3.475473127352324276e-01
4.341467331659500939e-01
-1.154843825882420350e-01
4.311105161287181464e-01
-8.532640724153495171e-03
4.282864019056824012e-01
-1.202728571664835711e+00
2.047636276653345133e-01
-1.170809697693392604e+00
6.008397121438616151e-02
1.048278147327691978e-01
-6.338895436610619827e-03
1.470279437789145938e-01
4.695697417847131128e-01
2.056190369280785357e-01
4.618612836743389294e-01
-5.016705434980688050e-02
9.019898732754793036e-01
4.653237233448250798e-01
-1.024019208895802446e+00
7.469906419320597735e-01
-6.850480418410791472e-01
-7.515925374981438090e-01
-2.111491828030640783e-01
-1.891117745114470061e-01
-1.448207831084390218e+00
7.393961801210792162e-01
-1.394899589494997816e-01
-6.016697111761211136e-01
6.783897857063693471e-02
1.953791496836241870e-01
-4.931499381592862469e-02
4.032183442759668113e-01
8.209150431266006853e-01
6.840509101178893214e-01
-7.783700587178640218e-01
9.450709906759887646e-01
-2.393785602122243672e-01
2.330530329583138660e-01
-1.580039035796207691e-01
-7.389086596876889290e-01
-5.105161251686056723e-01
9.240302981605038601e-01
-9.062051148653975652e-01
5.016837420083484211e-01
-1.246989035136132795e+00
-4.567593797723225602e-01
-1.046461467282560065e+00
-2.060411145114331155e-02
-7.018552099662647148e-01
-2.726447255951853776e-01
-1.343454475369805001e+00
9.735024411122134014e-01
1.941770211630385656e+00
7.212034125570334631e-01
-3.509142357393168488e-01
-4.034115081192933827e-01
-1.614284309765310343e-01
5.786918160748869555e-01
8.519890053094003601e-02
-1.173317664317675479e+00
5.553120693690725140e-01
3.649196034841162284e-02
-1.964224453922159275e-01
-1.612802321690960106e-01
-1.400041118866174994e+00
7.144211548331563799e-01
9.312090686704285192e-01
1.986419474074897773e-02
5.762397255795544959e-01
5.921720482395943508e-01
-7.063440894469972253e-01
4.217269894757161297e-02
-8.628555688332952833e-01
-3.638915113214502006e-01
-1.423776950515018624e+00
1.628772046032010978e-01
-2.977748264603622963e-01
-5.202219349480905475e-01
4.171273705333654047e-01
6.891047370529075344e-01
-9.685511698493796118e-01
4.778817966497250769e-02
-5.871018434210190096e-01
3.896199828653116870e-01
6.683863975267916313e-01
-4.806530863355323868e-01
-8.910783962296080496e-01
5.099567866507057623e-01
-7.458750406115652876e-01
1.063938711679547788e+00
3.464804029564544363e-01
-6.974707025616405653e-01
1.228758455328107013e+00
8.451324691787525101e-01
6.392087668779163900e-01
4.996799697156559805e-01
-1.030479401207589962e+00
1.016183931285965958e+00
-5.682319338551153343e-02
-8.482834275397924673e-01
9.406752564157666585e-01
-8.191779752605374831e-01
8.789652059658176197e-01
7.469204416052188655e-02
