-1.287670254538012538e-01
-7.624857654257133355e-01
5.587616869036342582e-01
4.722228720538006463e-01
8.460883485605861232e-01
-4.929446042182347720e-01
-4.613547467641067046e-01
1.000000000000000000e+00
-7.969622250556853693e-01
-1.907480451847487490e-01
-8.295409908660988929e-01
1.000000000000000000e+00
6.192378808791583200e-01
3.564847725814642709e-01
4.837735666182944039e-01
3.359265652443546024e-01
4.780999244826673600e-01
-8.075785838614668588e-02
-9.967638592360892336e-01
-4.026853009408724593e-01
-1.515516730493276509e-01
4.413363085404310437e-01
1.000000000000000000e+00
-7.920757054934537411e-01
-3.888353231076392413e-01
5.877765979220108683e-01
7.133515468287953132e-01
5.701661924536762793e-01
-2.482408458320802813e-01
-7.187822674553825397e-01
4.118845009203364604e-01
5.238981061261820393e-01
-1.350580648272686479e-01
-9.474361046923271967e-01
-4.351125750260679825e-01
2.883251111783266540e-02
8.918245628962138127e-01
5.078627753900222253e-03
6.543374563282894352e-01
1.000000000000000000e+00
8.451251140665425599e-01
-4.955059777441450652e-01
-1.000000000000000000e+00
9.812478129048453346e-02
-8.787901235094395247e-01
5.638220643326226078e-01
-7.987545724265975311e-01
-1.000000000000000000e+00
-6.194804842718442117e-01
-3.290863304749471197e-01
-1.262311195889115056e-01
2.663827643582803439e-01
-1.473492049362429834e-01
-3.292296361038763997e-01
-1.811690137988878901e-01
-4.449681656573274413e-01
1.556345641192045659e-01
2.213775134339646677e-01
1.446914369134572609e-01
-5.093167625541386023e-01
6.251569146320932191e-01
4.554173398731610201e-01
-8.649102977032169237e-03
1.000000000000000000e+00
-4.228649434204877489e-01
1.719368539661811635e-01
2.593009461808249982e-01
-7.301157346497595402e-01
1.108926631265128859e-01
6.568086837228910291e-01
2.090903446853702163e-01
-1.000000000000000000e+00
7.446100605740616496e-01
-7.476775271415440072e-01
-5.209500441173713359e-01
-5.100579880929215770e-01
-2.268004814650556589e-01
4.034346715266973749e-01
-1.000000000000000000e+00
-1.000000000000000000e+00
-3.226089564482062522e-01
-9.494523830877219517e-01
-1.878815432356382431e-01
-4.237941674874193265e-03
5.300523325255468432e-02
2.908281933186975809e-01
-5.336738581221744937e-01
1.813309416204936519e-01
-8.889597583678343629e-01
3.937497386101337371e-01
-1.868140717180763466e-01
4.357421891892755417e-01
-2.952769407188897133e-01
-4.851889730951124413e-01
6.147502965790907492e-02
2.938276260927889516e-01
5.781341821667862479e-02
6.637161981404010591e-01
8.109092062572620385e-02
-4.303742661117949675e-01
6.555320716941643866e-01
-1.000000000000000000e+00
1.000000000000000000e+00
5.406226029801862731e-01
2.029739617311279720e-01
-7.227379138322944652e-01
8.245014238050447641e-01
3.587566537121863464e-01
8.793394896991163501e-01
-1.000000000000000000e+00
5.623265467481599611e-01
-1.000000000000000000e+00
5.331092566877360106e-01
8.225584153369713825e-01
-8.740564491654749801e-01
-6.266355911468270978e-01
4.655183986003635366e-01
1.122531743924354841e-01
5.843846584997707261e-01
8.485024170737223148e-01
3.698332716273732834e-01
8.945704735979714828e-01
3.342572469582220096e-01
-7.072118882957389996e-01
1.516156352142096209e-01
1.000000000000000000e+00
5.248130562659367171e-02
1.000000000000000000e+00
-5.956111202150367046e-01
-5.511631304598523240e-01
5.021337933658186481e-01
-2.375385484190926100e-01
6.723161690333809837e-01
4.541579942502833867e-02
-3.487606181594785082e-01
6.125947609293959095e-01
3.465280539578413643e-02
1.000000000000000000e+00
-4.424669948450067336e-01
1.175235934365787271e-01
-1.000000000000000000e+00
2.071519793843583646e-01
1.000000000000000000e+00
-4.377790917374499435e-02
-8.779073669501754607e-01
-1.763364060162023877e-02
4.996323746695418566e-01
4.609079954033256654e-01
-2.378446976667543400e-02
9.939871697219743174e-01
-8.004400058341781810e-02
6.286083189600439880e-01
3.763683268818832084e-01
4.487890406383447939e-01
-6.263398484276662126e-01
-4.529150038334268658e-01
-5.327151811014871896e-01
6.012353666116875273e-01
1.000000000000000000e+00
7.833125724008660473e-01
1.314604367225905568e-01
3.958940507970538647e-01
-1.000000000000000000e+00
-1.415245009415192767e-01
3.706849739607480654e-01
7.999359888528558837e-01
7.588646737988008484e-02
1.000000000000000000e+00
-6.532406330927317262e-01
-1.135233706222950056e-01
2.979359825452120858e-01
-7.379891166663120616e-01
-6.919099918711193453e-01
5.739081600797639737e-01
2.799745914372381850e-01
5.086945357813321689e-01
-7.483606375065376959e-02
5.471643089997999532e-01
8.905607672131559127e-01
2.894538201146027445e-01
9.331711518851080189e-01
1.385100806782647853e-01
-3.167398874840570144e-01
-7.315838751746270296e-02
-9.642359761408803021e-01
-1.000000000000000000e+00
6.106628575581172225e-01
5.788863662675769461e-01
1.791449169966040644e-01
1.000000000000000000e+00
1.530387945971735109e-01
-6.452094816325725235e-01
8.678434378953214789e-03
1.301127805748610866e-01
7.037227766821064767e-01
-8.235399333259496579e-01
-5.896039791972350619e-01
-2.282192062692610102e-01
-5.066536121122511283e-03
3.017815967911735564e-02
3.949918666338118611e-01
4.536586398790875552e-01
-1.000000000000000000e+00
7.926890253274900822e-01
5.510888187115365877e-01
-9.065562380544055499e-01
-3.887684464929596628e-01
6.530271906761213607e-01
7.089016489391535281e-01
-6.779279258175190392e-01
8.525866492290115062e-01
1.000000000000000000e+00
1.000000000000000000e+00
-6.335001296030317031e-01
-3.034667869334855550e-01
-2.475674523799779592e-01
-4.760581750073894503e-01
2.550672378986305056e-01
7.161010829585545689e-01
-7.719534127061330464e-01
-6.294677945561840682e-01
-1.641046014504645156e-01
1.884236078384843027e-01
-4.212247889507918508e-01
1.000000000000000000e+00
5.178420933283448546e-01
-6.857658926862657545e-01
4.083733463892390558e-01
1.769992255914998869e-01
5.811422634991227909e-01
7.919573514104393253e-01
3.682325713392506916e-01
-4.858550395967116686e-01
4.236889638527524538e-01
4.095458841863698352e-01
-3.312598453778025503e-02
1.086509363137075634e-01
-4.466226272922564355e-01
4.623245618703741289e-01
-1.551584324785068303e-01
-4.552876004836442503e-01
1.717643056920804545e-01
-3.043764236619376784e-01
-9.507028626386835324e-01
7.328353876380974130e-01
-4.956104108113972284e-01
9.388268828100397867e-01
1.000000000000000000e+00
1.000000000000000000e+00
-1.000000000000000000e+00
-5.113254208325984651e-01
-3.332093207094855014e-01
-5.702762096216608123e-01
1.000000000000000000e+00
5.869431488073300063e-01
-5.031214822446340440e-01
-6.724457491506873330e-01
8.784556048336141787e-01
-3.093525152290647617e-01
-3.747504607853753833e-01
-1.000000000000000000e+00
6.265519257166652922e-01
-5.866533506380986474e-01
1.141640719649728714e-01
9.631254406577951510e-01
