5.903836622580140858e-01
8.367225153680428740e-01
-2.012790887447082344e-01
-6.157157127225532101e-02
6.654272462839914137e-01
-2.313022327942155787e-01
7.398206868320258423e-01
8.358302724463808620e-01
-1.388120237392764800e-02
-4.029083222335923531e-01
-6.394453542193561102e-01
-5.885782686301541666e-01
-4.355207967495293708e-01
-8.115644672792519110e-01
-9.914953002232725909e-01
4.209396189470353544e-01
-5.498219292743364850e-01
5.014141836639067762e-01
9.151688261042989492e-01
-2.967390695238729670e-01
-5.739419037705132398e-01
-2.987010072297562324e-01
-5.894558309883151104e-01
6.838778446930526833e-01
1.843514475181338153e-01
-9.703890194819112525e-01
3.389317408106937712e-01
-3.527247662514128579e-01
-7.521946894757904900e-01
-5.110696571775557029e-01
-2.641604146831472155e-02
1.997197768880388524e-01
8.463536196478362861e-01
2.774039633231753510e-01
-1.000000000000000000e+00
8.515864620079709457e-01
4.511476314008033839e-01
-2.703526957647959250e-01
-2.941642621286844062e-02
-6.521662986949217089e-01
-5.474953061279033140e-01
-8.173936378905189981e-01
-6.841082239254498987e-01
2.929664181426816505e-02
-6.036501318035663033e-01
4.102171061106265615e-01
8.743465920988079398e-01
9.394926256353675065e-01
-8.480623083949458962e-01
-5.443083888255488834e-01
-8.650235945923002712e-01
-9.689063355159091007e-01
-9.032889726784074647e-01
9.358363067995456586e-01
-2.422448373504146879e-01
9.712985819499078133e-01
-7.766357306488121948e-01
2.704890314959328412e-01
-5.700112516826725262e-01
3.686811990722878019e-01
7.709469327372706626e-01
8.742214292154324440e-01
-3.821384826077887098e-01
-2.840281852397781304e-01
6.845479321606424694e-01
-3.640890681196016221e-01
-7.690795458851307220e-01
6.286207250366209198e-01
-4.637919164744459533e-01
2.656733394473942411e-02
-3.047925467181410997e-01
2.092985309162842533e-02
-2.879612496054420046e-01
6.973217888680819376e-01
3.580219169414314284e-02
-6.857459112546355762e-01
3.879405728187759195e-01
-4.227549941639752173e-01
4.291775259991861824e-01
-1.016559950934399215e-01
1.942838047768513654e-01
-7.552275226328808433e-01
8.452243022878963563e-02
-9.024423002835111340e-01
-3.640711552528050898e-01
-6.673573625409299215e-01
7.498886504415509524e-01
-4.309860525787923002e-01
-2.985265803533150297e-01
-2.119951042008412223e-01
1.369543829540532665e-01
6.932140726880222648e-01
-1.844537961746515187e-01
-1.563010890711891143e-01
4.845948951695659979e-01
4.594552890240604093e-01
5.204915303713003594e-02
-2.279175842786455852e-01
6.419094769844164716e-01
6.875570300976882043e-01
-6.867350593895500399e-01
5.657343872737479185e-01
1.982743246632658052e-01
3.450455886148492968e-02
-7.371043380558719438e-01
-7.047728315983661229e-01
-6.502231987476954078e-01
-3.122704678179646365e-01
-7.447003946177388478e-01
9.368964131167965004e-01
8.234243138826706776e-01
-9.529896043942260864e-01
-7.282484764958500056e-01
7.954747204916936543e-01
-3.966459680713487757e-01
-3.585673116760746959e-01
-7.608580225260968000e-01
-6.906675669463131495e-01
7.711311607741853091e-01
3.923229202800229687e-01
8.077881539721247783e-01
9.071603288652496655e-01
-9.862142724789191295e-01
9.606063679297005553e-01
2.717131885607682595e-01
7.588283222960512386e-01
1.100641026673557232e-01
9.804675025466160765e-01
-6.155937472366940222e-01
9.544280942545562141e-01
6.779183624039671896e-01
-2.670126707137387978e-01
-7.098456710741231079e-01
-1.734078147614819265e-01
2.438625026112950511e-01
-3.792687523891156154e-01
-1.915917513522995552e-01
-9.206342095627022548e-01
-3.051109439668715506e-01
1.851908878528610025e-01
-3.879423301605720020e-01
4.268280363408116784e-01
-2.158226877415269918e-01
-7.390828984539057345e-01
7.208551329440013866e-01
3.233707849982667693e-01
-7.613480017458735816e-01
3.613105682101354077e-01
-1.836181361358673048e-01
-1.124010525636132130e-02
2.707752614290338533e-01
-9.682856658663839822e-01
-7.000102389403841663e-01
7.107505376523425011e-02
-9.491735055992767123e-02
9.547701250591322797e-01
-8.243803673491810757e-01
-4.239126945584446582e-01
8.988250412439905412e-01
-9.941879645340176985e-01
-1.391093418842278273e-01
-8.628852829303212957e-02
-9.213807543637830832e-02
-9.636028681041266530e-01
3.278058304089066510e-01
-7.967486352669310712e-01
-1.723849805718202788e-02
-8.723325717773774413e-01
-4.893952434833818144e-01
2.193068998852335527e-01
-8.656379457184155690e-01
4.477738976108167623e-01
-6.761394447001733976e-01
-5.168627994665244696e-01
6.505368347827238384e-01
7.277830125607942513e-01
-2.052963163273828773e-01
9.470199383074797694e-01
8.878575462630151627e-01
4.817238311213764002e-01
-7.394045856274416018e-01
7.907350184204453569e-01
1.923353162502952074e-01
-9.541536532261898351e-01
3.591840760134655253e-01
2.162603905818033523e-01
-6.228089660712661235e-01
1.000000000000000000e+00
-6.531381910334743690e-01
6.848727276600643510e-01
5.328270429418752174e-01
7.873747007472995385e-01
9.999909245871794194e-01
7.920916171533854966e-01
-9.931150760931870547e-01
6.899559373499317694e-01
5.393225278482383089e-01
-8.354076005345968392e-01
-4.927424765697366316e-01
-1.686725577413318578e-02
-7.945580142816530689e-01
1.627874125509332082e-02
-4.327817256168462468e-01
4.036884549595839977e-01
-1.638928900379337250e-01
-7.089865795642154023e-01
4.171758373552012511e-01
-5.823476552481433588e-01
1.000000000000000000e+00
-8.386536065621887914e-01
-3.377714372645475582e-01
3.342558233230019660e-02
8.564136412591952796e-01
9.157520391173510355e-01
6.347258082363613774e-01
-1.020416763939059057e-01
-1.000000000000000000e+00
-5.314816341457203608e-01
3.096644652904079198e-01
-7.781560027447105288e-01
9.404009019637157296e-01
-5.552566942839129993e-01
4.366378726663863730e-01
6.791765470572358465e-01
-8.810826290649244052e-01
7.923113679800404263e-01
7.926125894561230067e-01
1.000000000000000000e+00
-3.403779939987249259e-01
2.533448782007189370e-01
-1.000000000000000000e+00
6.852245403249100919e-01
-9.683927107985137450e-01
-5.060389511230173332e-01
1.477579026530826400e-01
3.988988109464955412e-02
7.222179886813957506e-01
-1.283360049447043461e-01
-1.821211041571282052e-01
4.683066275383476196e-01
-1.775164595769389564e-01
-5.614125821049154030e-01
-8.429302092589103790e-01
-6.947125820820729825e-01
9.529973023442002145e-01
-5.900284685508875304e-01
8.436425412368333543e-01
-6.660582267982287363e-03
9.594211971397592631e-01
5.560752797889099153e-01
-9.778547174431053701e-01
-6.748660982073564352e-01
3.804006750342963095e-01
1.949457481246900936e-02
-4.470483076588012694e-01
8.543387806470683632e-01
-6.868317741431970713e-01
-2.345267094985648004e-01
-9.099175835004670310e-01
6.808985005169798654e-03
-2.399377213759395777e-01
-2.822001610816271544e-01
5.441112665186931263e-01
-5.359737271152975602e-01
-6.112002821528286223e-01
