

gen best mean std
0 90.324826 7.472909 24.911507
1 91.933573 28.405196 34.823041
2 91.933573 59.297314 28.847333
3 93.47699 74.445477 21.587042
4 93.47699 79.883681 16.057039
5 93.47699 80.81426 14.752848
6 93.47699 69.157548 37.416219
7 93.47699 83.771307 15.045184
8 93.47699 83.816386 14.045684
9 93.47699 82.164757 16.195871
10 93.47699 81.00796 18.228374
11 93.47699 84.222508 12.037601
12 93.47699 70.451075 37.519002
13 93.47699 85.700914 14.482129
14 93.47699 84.820234 12.433616
15 93.47699 70.493718 37.562613
16 93.47699 85.22065 15.165331
17 93.47699 85.840403 13.121751
18 93.47699 68.948711 39.581075
19 93.888012 86.227099 12.665689
20 93.888012 88.566022 7.61433
21 93.888012 88.294007 9.693471
22 93.888012 85.861084 12.527482
23 93.888012 69.803273 39.691551
24 93.888012 86.988642 14.785565
25 93.888012 87.346947 13.709315
26 93.888012 72.499052 37.228887
27 93.888012 84.026875 18.136259
28 93.888012 87.115144 10.632354
29 93.888012 70.443457 39.773669

gen best mean std
29 93.888012 70.443457 39.773669

gen best mean std
29 93.888012 70.443457 39.773669

gen best mean std
29 93.888012 70.443457 39.773669

gen best mean std
29 93.888012 70.443457 39.773669

gen best mean std
29 93.888012 70.443457 39.773669

gen best mean std
29 93.888012 70.443457 39.773669

gen best mean std
29 93.888012 70.443457 39.773669

gen best mean std
29 93.888012 70.443457 39.773669

gen best mean std
29 93.888012 70.443457 39.773669

gen best mean std
29 93.888012 70.443457 39.773669