1.000000000000000000e+00
-3.712163303150632920e-01
6.227999009500364558e-01
-3.107357622947156117e-01
-8.715086570134220612e-01
-4.137172666883426886e-01
-2.196234160576173711e-01
4.574250216370421285e-01
8.968058082739879255e-01
6.471335682674808076e-01
-6.215360594985448461e-01
6.588408905642782754e-02
-1.000000000000000000e+00
-8.466470677335613537e-01
3.825401108648664450e-01
3.664967266064884654e-01
7.361730110017785655e-01
-1.227429313850851855e-01
7.548697835120059263e-02
8.457792351762118965e-01
2.981319386203509225e-01
-7.676766927222373749e-01
-4.589275828458936335e-01
2.773823761997727400e-01
-1.968059424145944813e-01
2.757297538236720691e-02
-1.623116511182583765e-01
-1.111972672026264181e-01
-5.781695531269197552e-01
2.230292878332348905e-01
-5.456910848949207971e-01
6.353482292241730001e-01
3.796323667313794559e-01
-7.930725620337212289e-01
1.196549259460328585e-01
-4.827420381574532571e-01
8.608514599540172396e-01
9.127573608159536001e-01
7.514924255309706203e-01
3.227426384041421903e-01
7.792121605273265583e-01
2.422661835941972708e-01
9.567565948080973826e-01
-7.541566313258343257e-01
-1.000000000000000000e+00
-6.066162541141575382e-01
-9.305484378240390653e-01
-6.455090690514856400e-01
-3.178003884029130255e-01
4.097465801370500094e-01
-4.044874486208644981e-01
-6.155856620012456482e-02
6.921213624643152151e-01
4.401286139071003412e-01
-7.063571429263700852e-01
-7.839977782456555300e-01
-7.537194343988138368e-01
-5.115940785838817284e-01
2.663771853212226759e-02
8.383200005596755933e-01
1.856199392674819093e-02
-6.804523112423823683e-01
2.558003750534409981e-01
-9.298058074677839624e-01
1.424805290221160536e-01
9.173525943023985718e-01
7.018260005590819528e-01
-4.074022507611861355e-01
-4.739505724796222452e-01
4.727208292712260507e-01
5.771343200451442002e-01
6.355967192347267147e-01
-2.896991192870907450e-01
9.452289220984213536e-01
1.801788287121959264e-01
-7.840814627010875837e-01
1.000000000000000000e+00
-8.767491976024927025e-01
-6.299224559799108114e-01
-4.195328781998508560e-02
-1.000000000000000000e+00
-1.728335374766469812e-01
3.544703570764409228e-01
8.695375194257906060e-01
4.360546205511770523e-01
-3.782548501017901632e-01
-9.729371121379535303e-01
-1.941158971314439763e-01
-9.624246943806502586e-01
2.886433424848360296e-01
-4.481858977819886403e-01
-8.041267337854337560e-01
-1.603377127626932630e-01
-6.963598292086843333e-01
-6.253559407912374635e-01
2.571501139736043218e-01
4.438910150834507462e-01
1.389209026650738421e-01
4.235388185069173250e-01
2.556407475476202285e-01
-2.533265204094137246e-02
3.151020919326268377e-01
7.832157885349279036e-01
1.214460926777656269e-01
9.884875665689956126e-01
-7.589033462003765829e-01
2.593727514990121774e-01
5.585003191896815711e-01
6.112402075364797849e-02
4.061662704280712965e-01
-7.663447977846571391e-01
2.311695009741293605e-03
6.688430556041028430e-01
5.431234316695843223e-01
1.956735058515454428e-01
-7.668025340976787341e-01
1.545825115342351619e-01
-7.610585682503644422e-01
-1.873675911317036480e-01
-7.968851846917385240e-01
-3.473926743317100052e-01
-7.954769130277647982e-01
4.252921695540783920e-01
9.566539932817690328e-01
-1.465026586537532260e-02
-8.253500138585589951e-01
1.830474997445841190e-01
7.696368591679234594e-01
-5.891339503726804594e-01
3.066293815657813449e-01
3.334565072471962210e-01
1.193360108357166549e-01
-8.130101053364244823e-01
5.576474808373810266e-02
1.000000000000000000e+00
5.465565225214387146e-01
-9.016205706393901065e-02
-8.631172967466242962e-01
-7.073794350780555629e-01
-3.036599540774680417e-01
-9.734998757267003811e-01
8.498044099118221562e-01
-6.004625558246905470e-01
-5.713721317321300841e-01
-1.093528967564876275e-01
2.172254559465922052e-01
8.316610016719723497e-02
1.147110441116134805e-01
-4.741644819300872005e-01
5.405664118675612695e-01
3.898153952702099190e-02
-3.113416020701363363e-01
-6.162582929802113973e-01
3.645171179472541656e-01
8.015408317592472853e-01
-3.764721764451670616e-01
3.349216130126649871e-01
2.163832285025831526e-01
-7.572104183268011379e-01
-4.049536543953486389e-01
-5.547048732944115379e-01
-9.798180976652082208e-01
9.199252681535128318e-01
4.192233295563316808e-01
-8.289670971278928491e-01
1.183968438987508531e-01
6.576265701408415820e-01
7.466764547106916616e-01
-7.531580479438352294e-01
-5.977274127829967920e-01
-3.228234276682676041e-01
8.897006786749966922e-01
4.267207922259532715e-01
3.341373560566611722e-01
6.396511603341337171e-02
8.693918628809524929e-01
-8.255159220407892740e-02
4.036894361919252106e-02
-3.432462849561938034e-01
8.542676217799849425e-01
-3.253281096796331040e-01
-7.077474382674540099e-01
1.079602055291524199e-01
6.970825235850933721e-01
-6.098017090738783175e-02
-2.263290482790330238e-01
-6.627340186914297826e-01
4.355400360150420425e-01
1.080308709731676309e-01
-5.088165922339688008e-01
8.744228076810141026e-01
8.820680128424611688e-01
8.446355194775404529e-01
3.533684812615861537e-01
6.202480434486292715e-01
9.021075872935137019e-01
-3.719365485157725693e-01
6.632770624254424874e-02
7.417473886242849090e-01
3.975137936072805633e-01
-4.812849827987721318e-01
-7.747379512313746774e-01
-9.405307987846622808e-02
1.000000000000000000e+00
-8.323015180189751172e-01
1.611649737767225921e-01
-8.525657933031167701e-01
8.088126110285256409e-01
8.766649411117758417e-01
6.413157161526830685e-02
-6.895977761945123463e-01
2.162217088636615991e-01
-9.915781360237853059e-01
4.514450233573643612e-01
-1.000000000000000000e+00
-7.724744281908375587e-01
-5.736670240599153203e-01
1.323745517560760421e-01
-3.158242376006925589e-02
2.316300166634791546e-01
-6.991167589274307481e-01
-5.260075225515521424e-01
-4.908548912402795894e-01
-5.363563452652202468e-01
8.889857705193555670e-01
1.660036242537437090e-01
6.661679729111587012e-01
5.390904543160519591e-01
7.672481537342965563e-01
-3.783917470983684528e-02
-4.395591357570827196e-01
1.114529264578669743e-01
6.477063600149993716e-01
8.007660800009708257e-01
7.321100074081754450e-01
1.873416756781908776e-01
-8.046841265802944232e-01
-1.304043853845169854e-01
-5.827661618645798569e-01
8.536736538655311790e-01
3.157152412086514093e-01
8.107129854354828691e-01
5.135366869208418672e-01
-8.307418911991318877e-01
2.366418683733251815e-01
6.041037881275561627e-01
5.234165115878397501e-01
8.264756659001428751e-01
4.795138651998585855e-02
6.530721768323036747e-01
-4.014584083988412821e-01
-4.726760423180158543e-01
-8.227687564122965203e-01
4.945714317272455474e-01
-4.734611723915870263e-01
-8.184769805154823441e-01
-8.601870403382264607e-01
-7.664646926748048816e-01
-1.532101266116599469e-01
-8.205471592210815679e-01
9.641044682226166396e-01
8.455971818148506625e-01
3.111127818162170433e-01
1.290381389094699127e-01
1.407581584104342642e-01
