-8.463257717068231045e-01
6.591717616937695645e-01
4.304102998578933637e-01
5.301339026106237640e-01
-5.181806203429222268e-01
8.554671106987730145e-01
-6.472293457322865207e-01
-2.787125963661851169e-01
-5.404501411403633826e-01
7.877500120574675024e-02
1.048092575158399986e-01
4.584758290037308504e-01
-8.430458353463405885e-01
-7.986636517281107128e-01
1.375817670329852749e-01
2.583674301055500222e-01
-9.806292336249766706e-01
-5.010045909321891866e-01
8.237090959035673343e-01
6.310147620048602857e-01
1.935207071138016210e-01
-3.980761378725718447e-01
-3.997086001109586006e-01
3.398706498963542377e-01
5.520552885006517752e-01
-6.534520253276033808e-01
7.933690660144874229e-01
6.596941369786244458e-01
4.643872013528691500e-01
-1.000000000000000000e+00
4.383186228984570221e-02
5.095104884357273267e-01
9.622788750718344053e-01
-1.744476997184755407e-01
-5.443784112318701407e-01
4.261515864695075706e-02
3.094941043421257088e-01
2.663023662927689328e-01
2.172175919257357535e-01
-2.708846685803620868e-01
1.916019800371460136e-02
-2.040659615849001740e-01
5.932494394097079793e-01
-4.102061827255387011e-02
-3.184218338342748728e-02
-5.655271259480049162e-01
-7.882952682836263936e-01
-4.768661656201657606e-01
3.940582689243402603e-01
1.627046793115353995e-01
1.914828709521418648e-01
9.099239774098641931e-01
-8.983460815132243704e-01
-1.000000000000000000e+00
6.759833218601849492e-01
-2.506938041386357896e-01
-6.942939917891894908e-01
4.306423370740584955e-02
9.364844604856403798e-02
9.004592045805678291e-01
3.902564072199188328e-03
-7.022346224075894927e-01
9.742398935710627761e-02
2.381593058072976610e-01
-7.152033120228237784e-02
-3.520879584247867955e-01
-1.000000000000000000e+00
-1.925398131310361860e-01
9.501545146345879989e-01
1.566532875965411242e-01
5.706681701900468973e-01
7.147335494461123928e-02
1.000000000000000000e+00
-2.186746805077082190e-01
5.474168834207403522e-01
-7.379748297140219515e-01
3.805841612307211408e-01
-9.513273262618444637e-01
-1.683172529744489665e-01
3.032062997040509134e-02
-6.082049077254114700e-02
8.108591864296796903e-01
-9.514172753640262048e-01
2.097941500817904759e-01
-1.950918527682188319e-01
-4.997157052375509889e-01
-5.378854568123668800e-01
1.188091737345484677e-01
-6.245480275576105189e-01
7.098141435264353483e-01
-3.343541802598122281e-01
-5.766638936440127150e-01
5.697548874382898365e-01
2.443056948204858636e-01
-2.102589976434331154e-01
-4.708886909117313557e-01
1.074233282381122506e-01
-9.758160069761590005e-01
2.702903470661658369e-01
-6.718615252758364242e-01
1.485845593227195227e-01
-9.206355642863470745e-01
2.931184965949164278e-02
2.894918187186747982e-01
-6.023413369251662264e-01
-1.000000000000000000e+00
-1.239483866564862480e-02
7.786461263602233451e-01
-6.137432373619507997e-01
5.682512270209870431e-02
-5.314737181746709282e-01
8.749187693886156802e-01
-6.882697846501617533e-01
1.813164014789828138e-01
7.569062159507139453e-01
-3.804477686422869098e-01
-1.697428279311152810e-01
-6.287899723486646275e-01
8.644960704707780330e-01
7.599938650921130856e-01
-1.713462128112623883e-01
-5.953380114859115890e-01
4.038632845120826431e-02
1.409989478739138158e-01
7.671893408417272964e-01
-1.373849642505211022e-01
-9.476560309374097990e-01
-9.292178123078490559e-01
-6.864913797055220979e-01
1.000000000000000000e+00
-5.174068994741391064e-02
6.277313865301761275e-01
6.088773346797797803e-01
1.016304350565994385e-01
-9.673943726792384457e-01
3.578916042650525653e-01
-9.327253314646515303e-01
3.873888289198498258e-01
6.690073805863634426e-01
3.543898503702260783e-01
-8.199747404374160276e-01
7.311735596852828589e-01
5.313157129802685841e-01
-9.257256276544900686e-02
-4.438846311189140192e-01
-3.592077176115800186e-02
-9.961616786679416968e-01
9.181567305080039487e-01
-7.236073213993159392e-01
1.026137826946645903e-01
-7.054552835996856786e-01
-3.834158598272373042e-01
-8.403203273136178320e-03
-6.316655409576756863e-01
2.785672856008131193e-01
9.264551423833119470e-01
-5.497223856492060579e-01
5.288802904538060234e-01
8.916937770558999166e-01
-2.433922244386892697e-01
-1.000000000000000000e+00
-4.618543597612768670e-01
-6.679668107620614359e-01
3.983318864465479892e-01
-3.474118260277871961e-01
9.821405753898544422e-01
3.803068253298549917e-01
9.570695641798203646e-01
4.906194111090955712e-01
-8.057833067689246231e-01
1.000000000000000000e+00
-1.000000000000000000e+00
-7.771184491569178565e-01
-7.502499299116954790e-01
7.239661553232709101e-01
8.953610258155542123e-01
-7.978173005781922233e-01
1.000000000000000000e+00
7.788858563867707696e-01
-9.010763101395584673e-01
1.315435975186207140e-01
-6.617095645977099094e-01
5.634640616434666294e-01
2.023117428520815331e-02
-2.976516700682689809e-01
-7.314627837222569262e-01
-1.000000000000000000e+00
9.930615612558018057e-01
-3.517729872702608507e-01
-6.061041803603987033e-01
1.000000000000000000e+00
3.696197838927606227e-01
-7.972449394366908360e-01
-8.767235716030266079e-01
1.433875410617791724e-01
-8.699230761902501108e-01
6.075447391915183015e-01
1.889085697807679765e-02
1.477740578857267839e-01
2.617532764565462522e-02
-3.129384293341810341e-01
6.341413670631457222e-01
-6.746522098791738475e-01
-1.136090892328434077e-01
6.783585486239608331e-01
-3.227542305333901962e-01
1.443305790384573906e-01
2.684456888356234749e-01
3.188887132963134086e-01
-4.393301961589335392e-01
-4.182442993570234524e-01
6.650607398509946755e-01
9.995596756431579522e-03
-7.647686929342835116e-01
3.122692169496852910e-01
9.456672313609844061e-01
3.478800229448060777e-01
-3.568016838561110515e-01
1.666799707600875591e-01
-5.221880489836622230e-01
1.067663205310159652e-01
4.583605725453657742e-01
2.252507176117937715e-01
-4.020478889545281431e-01
-1.933167533462709087e-01
2.400314644010248522e-02
-2.655954592997550878e-01
6.208511097483656593e-01
-4.938208728481607857e-02
9.774132937154742518e-01
-7.194995586113965835e-01
-1.836743075310222073e-01
-4.888807144749662825e-01
9.737002199756924492e-01
4.399239142328473795e-01
-7.793019577496176353e-01
7.011128011085693279e-01
-1.396939583312883926e-03
7.708731211261860006e-01
-2.687434696369904175e-01
6.585110653946695258e-01
7.643398037351477603e-01
-2.367094585466923140e-01
5.102963675061491511e-01
-5.235001144986183297e-01
-7.233463051365840446e-01
-5.630516447324147578e-01
-5.890715800214749720e-01
1.000000000000000000e+00
6.430524655317675364e-01
1.597852244635485364e-01
1.737266377363716474e-02
-2.684777846697175008e-01
3.865176583598296522e-01
6.767466336786210901e-01
-6.461930293996619445e-01
2.467867541630807127e-01
3.707158065054354523e-01
2.887556250161581461e-01
-1.361614643057158791e-01
2.121845685473233711e-01
1.293781625224093290e-01
1.829416744463717714e-01
3.490535546447754989e-01
-6.234021701356118328e-01
