6.140949927662324725e-01
-6.124696361889817586e-01
9.502545157347288551e-01
1.051131916138333816e-01
8.214294858958389733e-01
-5.699039939477361649e-01
9.277506482993334025e-01
5.894530794370578253e-01
-2.571902781381056324e-01
2.201180893209084832e-01
9.455874973103323144e-01
-5.541425385901139339e-02
1.088793474382860449e+00
1.365991689784370022e+00
-2.412186210957288912e-01
-1.581938752370478207e+00
8.997928526143678107e-02
-1.986061132274249685e-01
-1.619808237466803802e-01
7.054990983692336348e-01
-5.220488121557422811e-01
3.754095313481105034e-01
7.125679535964384304e-01
-3.178507037607969377e-02
-4.810043181547594138e-01
-1.021529142242890931e+00
-2.179067881754718217e-01
2.650618521541244221e-01
-4.863015865780460911e-02
1.209270641834353510e+00
-5.559414806708913304e-01
-1.928236060763399706e-02
-5.020994264590187273e-01
-1.516333259592336224e-01
-3.808650393002986911e-01
7.084712759392777226e-01
-7.427737409921986167e-02
-1.188845186086710637e+00
-6.677495132339410500e-01
-4.974526459639766474e-01
-8.799267968619389757e-01
1.658433880255657245e-01
1.646169493698556863e-01
-5.756636109676818158e-01
-7.559165467746729039e-01
2.703510471693436612e-01
-1.082815849158022425e+00
9.216892474613332942e-01
5.205643533758445018e-01
3.659168730799506331e-01
-9.049251327810012846e-01
-4.501123676096141502e-01
-8.988542105007377159e-02
8.028149353295006563e-01
7.027401120896581421e-01
-2.343074213308562470e-01
2.219096749799043533e-01
-5.023896007037076394e-01
1.215004294440856225e-01
1.299986750362049026e+00
2.529266106524124536e-01
2.775226572670966979e-02
-6.411782966877869194e-01
5.260258174373700912e-01
-9.454118908417631362e-01
-9.108268381997964847e-01
5.348086299241399111e-01
9.636547185104478164e-01
-6.583961989204831222e-02
1.416759114802646380e+00
1.003409525858943052e+00
-2.284287091265855829e-01
6.192159219054136354e-01
7.505556968046144251e-01
4.485793468729860900e-02
-1.240548289787461789e+00
-4.382691218886850537e-01
-2.243863667031045506e-01
4.072115703433495937e-02
-2.300787464799914916e-01
-1.158089379457343471e+00
6.707879744128268928e-01
4.771836155704766158e-01
5.647894680358150898e-02
-6.470588067724689640e-01
-1.204141247975149209e+00
-7.205000569516301079e-01
-1.169749196506870148e-01
6.441462078291497750e-01
3.845993248074679460e-01
1.365340431966649559e-03
-5.102032223310153380e-01
5.178076790287873266e-01
-5.300426344114602673e-01
1.039616030572573235e+00
1.301396931364933396e+00
8.543134252634966286e-01
5.680053893233290019e-01
-7.540745480651431798e-01
-7.933346579530200504e-01
-8.358537888124227822e-01
4.644799781757630308e-01
3.415741945570719418e-01
8.397439456785962819e-02
-1.254045491893396314e-02
-1.999533925548632740e-01
-8.274189859602005814e-01
6.320037050974587622e-02
8.140405217974576724e-01
1.863775375708833226e-01
2.373263456464186905e-01
-6.060620030211293363e-01
6.600856633928012251e-02
8.148690611339172163e-01
4.547186995602550130e-01
1.388425410968688656e+00
-7.181764648658459649e-01
-4.715471307513447452e-01
-4.857669545898357644e-02
-5.657392109342281872e-01
-9.418856427422148681e-01
7.554614242950791203e-02
-7.475979127761291920e-01
-5.633264075648092284e-01
7.445963773430742672e-01
6.977616285271728280e-01
-1.218369123750747907e+00
-4.407441218406421002e-01
5.972511071904191837e-01
2.737366116760043822e-01
-4.790814665225585633e-01
-6.318166101310785931e-01
9.967715123853576609e-01
-3.165112290863523747e-01
-5.110182388762849470e-01
-1.543891508995277329e-01
1.669395576140070836e-01
-8.354906841592213418e-02
-1.160902035178590919e-01
-1.063912467503294046e+00
-6.234529516986117015e-01
-1.025679306401081181e+00
-5.373611092639544173e-01
-6.672466026209913359e-01
-3.055197178712690254e-01
-9.724008457972934671e-01
3.254836531711759462e-01
-9.354376941338040652e-01
-1.258668080289540581e-01
7.399687154831005031e-01
-4.348983313894129177e-01
5.228124132178402217e-01
5.229495618889563602e-01
-4.780583458308064193e-01
-3.561724132887519878e-01
-8.978995348527268883e-01
-1.006509394447545391e+00
1.236596883996456064e+00
6.809423746852594217e-02
-2.417007261417347674e-02
1.476145969218640164e-01
2.787812492613488402e-01
-8.304764039778225193e-01
8.331625881353943441e-03
8.780573281545330788e-01
5.301679485920014478e-01
5.336500465995062115e-01
6.904572633443266660e-01
2.358377618016497812e-01
-3.981656406380089663e-01
-9.516172430195302123e-02
-4.393163324258879676e-01
-1.117604366852638531e+00
-2.228088941619214558e-01
1.724190517827760560e-01
6.282386885972299773e-01
-1.060726565492060125e+00
1.923444749534886089e-02
-2.926205568852364713e-01
-9.327725353473445002e-01
-6.430223827268689851e-03
4.015653363311947333e-01
-1.214905443030165122e+00
-6.792728595220951515e-01
1.108391197986082544e+00
-5.373944600307151501e-03
9.354380743650932972e-01
1.062916970346348799e+00
-1.852588243076641050e-01
6.472877348966751265e-01
1.045613979349278910e+00
5.160386677872681460e-01
-9.997648985774606478e-01
5.336526004074891860e-01
1.194760097818742262e+00
-6.736364776985224179e-01
1.497517017862035615e+00
3.132313975922355054e-01
2.519099622968038465e-01
-9.309191025092819483e-02
-4.642038885918760571e-01
1.228029582754306404e+00
4.498729753307893764e-02
-5.778604323979101842e-01
2.906098037380651089e-01
1.259463343179551886e+00
3.477698260972243993e-01
9.392658962965155789e-01
-1.062814644935849984e+00
1.198398926204958581e+00
-5.159853079968557132e-01
7.455285927018063807e-01
-7.343997929744880415e-02
1.115893298060411709e+00
-4.156673620039341155e-01
-2.579544154656359667e-01
1.604019134197180563e+00
4.592056621246414227e-01
6.496425975840838252e-01
1.296983206674336975e+00
-7.588584926122284857e-01
1.309534896795002679e+00
6.584133452337703751e-01
-2.885311560221939242e-01
-3.713033783898776474e-01
3.574988877236761065e-01
-4.417439308923788999e-01
-5.694873908656452599e-01
-4.395324085406647763e-01
1.197594409671293159e-01
8.384454455222273284e-01
-4.356805631850034777e-01
6.276530482192251015e-02
1.008096819808907085e+00
3.203975312773343354e-01
9.812357299664519195e-01
1.732485231756914490e-01
-9.034726409848514717e-01
4.527872081028784246e-01
5.971271001778206688e-01
9.721969781651800258e-01
4.346472479268648770e-01
5.740046794574961142e-01
2.335046673894725089e-02
2.433336669369895733e-01
7.181816033796948329e-01
2.075030381027860860e-01
3.134912457477340153e-01
6.445845941765067089e-01
5.452213190504768825e-01
-6.231160058249932687e-01
-5.413686494807942173e-01
-4.028041010649722198e-01
-2.603848172477667977e-01
9.604310987385411558e-01
-1.017786426839553782e+00
-2.047392744818987698e-01
7.392929682941741520e-02
-1.080578415244707186e-01
-3.666348418268412512e-01
-5.244444556485688969e-01
2.888571167772294168e-01
-2.288129499935357414e-01
-1.268460151637980926e-01
7.055517697849144065e-01
