3.095058793808780351e-01
5.946076014222965167e-01
-8.753394577907906982e-01
1.097351236223136489e-01
-7.269586057708761206e-01
-2.284876645513989057e-01
-4.465773629507502895e-01
7.848419233554615460e-03
-4.950918917240372252e-01
8.866632205960622848e-02
7.157612169604194996e-01
-3.309879043836995161e-01
5.149349415030413102e-01
3.124725144127278309e-01
2.020270814552678207e-01
-3.720388440676550279e-01
1.553212105585999314e-01
1.858983458050087467e-01
-2.166005089528222349e-01
5.562173657357509515e-02
-2.572418931265656461e-01
1.057812989501419887e-01
9.612286943065551093e-01
-9.080785482526554375e-02
-1.596085220463847598e-01
-2.447807933065337949e-01
-2.484301320195574370e-01
-8.963511846203713329e-01
-4.579891975713887842e-01
6.140949599929768077e-01
5.873385049473349717e-01
-8.438128733667469294e-01
1.338731274458253573e-01
-1.871552553407671127e+00
9.667439019848815818e-01
-4.503016278640903369e-01
-9.827912698798213498e-01
2.311899109818331688e-01
-2.449486103394016290e-01
-8.387295634488944884e-02
-2.658169854619643058e-01
-8.737812116876884083e-01
7.192539583160957317e-01
2.132044522732527980e-01
-4.326948495187115107e-01
-8.104092128801705375e-01
4.719045150834320634e-01
-4.686185921653036601e-01
2.336244219143546186e-01
4.174081561455917910e-01
-9.215987237481189087e-01
-8.044612358419700460e-01
5.796526914433195454e-01
-2.202352986125208911e-01
-9.411589720412851801e-01
3.419070005657403044e-01
3.450090413211799323e-01
9.108363072504408464e-01
-4.027912758304221796e-01
-3.880444843318275883e-01
2.290932917560533078e-01
-6.414485919532715297e-01
-4.906362737474743163e-01
-8.424571631958137630e-01
-7.950546522576495967e-02
5.218026684257475178e-01
8.555156338198970367e-01
8.225376977405143286e-01
4.366010788766159223e-01
-1.049330000250978667e-01
-1.410576111550585487e-01
7.797417594913986783e-01
2.102248638469494946e-01
2.559027009092875726e-01
1.093512228074676462e-01
-6.700541982004537545e-01
-6.940685420728494037e-01
9.676766710606248267e-01
-3.366917499492005916e-01
-5.370009291478876623e-01
6.711315495192047287e-01
7.092524149691494806e-01
-1.838709197259746908e-02
8.747688644044845363e-01
-8.546709151158558004e-01
6.107454472226891973e-02
-1.603751439420115554e+00
4.826638444526779592e-01
-5.752271379993656453e-02
1.505009956044016661e-01
7.865926503824236526e-01
8.571344371526409267e-01
-5.771950989669494270e-01
-1.696858609729149814e+00
4.753778471485634594e-01
-8.694183813082754231e-01
9.285142794848415537e-01
2.292557346348560010e+00
-4.572353654975549464e-01
-8.713917983433836500e-01
-7.029822101216616215e-01
6.917978003940927767e-01
8.484990773335625569e-01
7.455532351161546778e-01
-3.497562729804835069e-01
4.436836059026867396e-01
1.591663957755220737e+00
-1.651165301766241988e-01
-1.337736903932072119e+00
-3.448386098298963365e-01
-9.202653652815804275e-01
1.096663906815265266e+00
-7.719357133580688757e-01
7.203221985985233111e-01
-9.407709176349030589e-01
-3.695059324027103465e-01
5.157022697713193882e-01
-5.973449460143063217e-01
-3.939042624689135241e-01
-2.631234426523936243e-01
-8.169849816508150120e-01
-6.202653047080664006e-01
6.561433156816443013e-01
-7.509567401602206260e-01
-8.701029221940403957e-01
6.247228993739875058e-01
-1.787947302828725160e-01
4.728277714452804315e-01
8.532787339734673182e-01
4.278709843936767676e-01
-9.695004151258324043e-02
-8.333576482641276151e-01
9.100350280627196309e-01
6.124853095688289617e-01
-5.817616605645596906e-01
-5.764171866738989625e-01
-9.034484270990539301e-01
3.902854396551254101e-01
4.447719229882559633e-01
1.785604702351568651e-01
-2.401226421864203431e+00
1.285557712377319861e+00
-3.492765507227608701e-01
-4.882701475347763775e-01
6.421053659133497682e-01
-1.636190830690060771e-01
-9.007463567535707316e-01
-1.725436823166288380e-01
-6.109124708660125247e-01
9.430039217526140494e-01
5.195016474629834402e-01
3.511662299458495617e-02
-9.691636607807847525e-01
4.054380929894674246e-01
-6.135623064320345765e-01
6.585868932336784720e-01
9.771862399349429129e-01
4.469605043216212659e-01
-1.185511076899244287e+00
3.555023204643887880e-01
9.125136335601313764e-01
1.082746465359103460e-01
9.770185867124545620e-01
5.812282983121297431e-01
1.858308118315251667e-01
1.221234800608335558e+00
1.598036406338807502e-01
-2.173757277760284268e-01
4.628766346273449628e-01
8.304793973232791338e-01
2.413056888992752835e-01
8.514121831280863084e-02
1.220653295450506715e-01
5.173905421997037068e-01
2.784067963846712512e-01
-4.351126433837182450e-01
-9.885386359005494672e-01
1.893914873426712830e+00
-1.634300842197087267e-01
-1.696465915178063666e-02
-8.500971226293032590e-01
-7.285507570269338373e-01
-5.544986962729381297e-02
-5.861414481266540299e-01
3.364360307275910955e-01
-3.113796090072336042e-01
-7.991054655720388755e-01
-1.383132271078639786e-01
4.078863693307566152e-03
-7.922697467563166729e-01
-8.970266110920455116e-01
5.428667271636795633e-01
9.319145937986025308e-01
6.811695412059333155e-01
-8.009692868657973808e-01
-4.906362737474743163e-01
-8.424571631958137630e-01
-7.950546522576495967e-02
5.218026684257475178e-01
8.555156338198970367e-01
8.225376977405143286e-01
4.366010788766159223e-01
-1.049330000250978667e-01
-1.410576111550585487e-01
7.797417594913986783e-01
2.102248638469494946e-01
2.559027009092875726e-01
1.427619916977909353e+00
-6.700541982004537545e-01
-6.940685420728494037e-01
9.676766710606248267e-01
-3.366917499492005916e-01
-5.370009291478876623e-01
6.711315495192047287e-01
7.092524149691494806e-01
-1.838709197259746908e-02
1.040433282875036447e+00
-8.546709151158558004e-01
6.107454472226891973e-02
-1.603751439420115554e+00
-8.674088754447799587e-01
-5.752271379993656453e-02
1.505009956044016661e-01
7.865926503824236526e-01
-3.821429906734907789e-02
-5.771950989669494270e-01
-1.020131740630874084e-01
-2.447772015364506615e-01
-8.694183813082754231e-01
9.285142794848415537e-01
2.292557346348560010e+00
-4.572353654975549464e-01
-8.197299983058852213e-01
-7.029822101216616215e-01
6.917978003940927767e-01
8.484990773335625569e-01
-8.070473163121927307e-01
-3.497562729804835069e-01
4.436836059026867396e-01
1.591663957755220737e+00
-1.496007457938254959e+00
-5.670067811468006980e-01
1.369794863133568130e+00
5.664534160403227325e-01
7.913609798089475955e-01
6.176824809291736607e-02
6.026410160525192961e-01
1.038383188323183770e+00
4.112798324304947073e-01
-1.362253102078814226e-01
-1.832184563042311254e+00
2.735883456155183691e-01
-9.245973569713461515e-03
8.553667314906692187e-01
-1.752294498106696796e-01
3.400178498110517644e-02
6.658421418203783748e-01
-8.481701559782481858e-01
6.443953966114048804e-01
-3.232875878081387100e-02
-7.942646076050570159e-01
-2.825256682703631395e+00
8.632714186439600645e-01
3.913305421997683720e-01
-4.908228982808737761e-02
