-4.551223647634620728e-01
2.228368587307983095e-01
6.225969319044030170e-01
8.867167959065032079e-01
-7.701413236858005440e-02
-1.948385296355481522e-01
-1.388876195510215794e-01
-2.831917155151582044e-01
-7.982020519457451169e-01
-7.406299049403997081e-02
8.836045923002444624e-02
6.486143849700778397e-01
4.595066998692383664e-01
3.785070703019099980e-02
-5.141449388985712687e-01
9.473073617072695907e-01
1.876440038312714442e-01
2.552868262932538324e-01
-6.244933932848732994e-01
-8.555686728277842601e-01
4.700161308404947058e-01
-7.701100508070182205e-01
4.649046175295736827e-01
-2.384938621119947477e-02
-8.732445809781885782e-02
8.884418556155833091e-01
9.464341743890596348e-01
-7.299582778925390869e-01
-3.998650651520953003e-01
1.000000000000000000e+00
8.089718482097225660e-01
4.033130670305762888e-01
9.069042695648736885e-01
-6.978810332989879850e-01
8.137527409268388023e-01
-7.401081635158024419e-01
1.000000000000000000e+00
5.099512821426914755e-01
3.577284677573038252e-01
-7.571947309785409530e-01
9.991895633996239479e-01
5.362581627028562004e-02
-3.662927258677741715e-01
-7.342111909385539148e-01
1.219078996974513052e-01
3.271530766084222996e-01
-4.354170577487310179e-01
-6.450988475736685324e-02
-3.440712128017002769e-01
-9.267198961880058761e-01
1.158284359742798308e-01
-8.172637807793967646e-01
-4.395932031660547690e-01
9.636938683085259916e-01
3.962459761451564422e-01
3.135458533472108567e-01
-9.650057394276290168e-01
-6.299294737984086900e-01
9.011604311758651953e-01
-4.317525035505667130e-01
-6.745551270170657698e-01
-4.589510576921830287e-01
-1.502389171606361984e-01
6.536298925568359008e-01
-5.548211886732925535e-01
1.409591547022893687e-01
5.162003411787019491e-01
7.775238960275874245e-01
3.913581369150093137e-01
-6.621756419734936561e-01
1.671219128677044474e-01
1.403052169935542492e-01
-9.504719733975411367e-02
1.547683065149899062e-01
5.694488702296163218e-02
1.000000000000000000e+00
-4.948161510135006824e-01
5.894925438760210135e-01
-6.675884845994255468e-01
6.970361257286443735e-01
-5.307606928062129636e-01
-7.742154150889475339e-01
4.940084818997412253e-01
-2.574620885981926399e-01
3.407831946652235544e-01
-1.538432237519419266e-01
1.379289587973473452e-01
-7.187154454050588281e-01
-2.900781476694862526e-01
6.636471981650171603e-01
-3.111364209684883142e-01
-1.020883784767954161e-01
-1.720870409816448454e-01
7.346996608804139406e-01
5.704428103915251125e-01
-9.762686662417090488e-01
7.843732479600953322e-01
-7.920447282734948136e-01
4.318486370040118816e-01
8.045643687845590586e-01
-3.264489227613340816e-01
4.612015417131982986e-02
-1.075860507025680202e-01
1.333827570898311055e-01
-7.918301694174334493e-02
7.875876409074655804e-01
7.193605300476488273e-02
1.000000000000000000e+00
-9.775919504207031263e-01
5.056915605937258862e-01
-1.987558965418127488e-01
9.317739573736127934e-01
-6.719732221842170672e-01
5.042417039791147193e-01
-4.633618305083099242e-01
-7.967004917789348717e-01
9.014587983266196813e-01
-3.327517972984737060e-01
3.648693588451766834e-01
6.249855872829406245e-01
4.503208604336016163e-02
8.823266217905336717e-01
7.475469507826278948e-01
-2.587942753687945685e-01
-9.299439573563391681e-01
8.354804774665114397e-01
-8.058251506325055935e-01
-7.589888694792186197e-01
-5.754717823411396038e-01
7.599194681302484655e-01
4.082449235614946104e-03
-6.563918432499473710e-01
-8.657274638595355842e-01
-3.419774073020552807e-01
5.598604260236619279e-01
-7.661211798481543100e-01
4.729184923825551778e-01
-6.765497664923002530e-01
-7.266343024004916495e-01
-6.574478983926333731e-02
-5.400145074350246599e-01
2.363534296908322840e-01
-9.776425190119515385e-01
-5.714440537075037296e-01
3.826001105380111844e-01
-3.009397519705770963e-01
-2.188561433952488505e-02
4.950571203559835376e-01
-8.838301863482493914e-01
4.506819266279549208e-03
9.581715483238686382e-01
-4.877019639465467460e-01
-5.548090921197883496e-01
-4.874172449491687154e-02
1.573144470189129507e-01
1.812785139415346025e-01
-1.194036646137389135e-01
-6.344840693787183739e-01
1.960305557968259615e-01
7.626291861159189001e-01
9.512630572329675571e-01
7.959890808148954999e-01
5.208063318433860944e-01
4.873919827917704839e-01
-8.276609851751863811e-01
3.864798821962438513e-01
6.014420825389228398e-01
3.726212602508394145e-01
6.505901390581984023e-01
9.473122226629994147e-01
1.976177489738984994e-01
-5.632510709379017211e-01
5.231331482916845577e-01
6.261394141730731722e-01
-8.995676551486038175e-01
-6.755117555778048510e-01
6.689431859211061315e-01
-3.518853024908545901e-01
-8.997071620459221597e-01
-9.737560679183352441e-01
-1.271295751690451059e-01
1.945095598572287032e-02
-1.074695990266520962e-01
-6.701463278335229035e-01
3.393711089762725397e-01
3.430164033925464651e-01
3.259310122459366799e-01
7.391590451263319039e-01
-8.764711534425627393e-02
-2.407938953326938247e-01
-4.608397054366114576e-02
-9.473528076535120412e-01
3.762083765992796369e-03
-6.212963414174977883e-01
3.927017194197752192e-01
-5.998685151290853584e-02
2.331472389629146713e-01
-9.834718799096373587e-01
6.822531232824320391e-01
-2.585374310237837925e-01
-6.808232892246224299e-01
-4.895659417088987220e-01
1.186402265629731279e-01
-7.349390135969937621e-01
-7.200405977579575900e-01
-3.533177050284636578e-01
-7.933661868384755955e-02
-1.612042115474809911e-01
-9.747410231478497167e-01
-1.000000000000000000e+00
-3.783331362119082830e-01
-1.784647719581577974e-02
-1.381600624640439978e-01
6.434402036432678162e-01
6.000833795995481612e-01
3.152972506231921379e-02
9.181349781215614181e-01
-7.584613200482270834e-01
-5.363954136984506738e-01
-6.523758194056803461e-01
-8.740314391567932661e-01
-3.701335521140070028e-01
4.652412217160732943e-01
-7.323207778679170499e-01
7.778599101866533472e-01
-8.246239890335615996e-02
-5.068362915804205393e-01
3.130899311759143266e-01
-2.664123418359702899e-01
2.486070710424756747e-01
5.339146312656084525e-01
-7.546014613498370771e-01
-6.104715804424479808e-01
-2.411235291743354936e-02
-7.439616020815056352e-01
-2.112775782332443342e-02
5.626272478926065690e-02
8.485270847791168691e-01
7.374566165159331943e-01
-4.110535680451208318e-01
-8.431876016870605284e-01
-8.325036036927572214e-01
6.699850827024296240e-01
-5.980795682997279705e-01
-3.510506872930717059e-01
5.892356245922489855e-01
-6.653300482358530665e-01
6.624579586959621347e-01
5.788508175905069386e-01
7.381039120139992749e-01
-5.929498013334577600e-02
9.075102593581534371e-01
-3.693054651274236821e-01
1.000000000000000000e+00
8.367087666053296680e-01
-6.265597785338364867e-01
-3.069378121693321360e-01
1.000000000000000000e+00
3.889797537499584679e-01
9.964300358027262661e-01
-9.701229020022590355e-01
3.618855403581250352e-01
8.664439687043457017e-01
-3.596044956949793203e-01
-8.055315390559256716e-01
