

gen best mean std
0 93.392828 10.358373 30.197341
1 93.392828 31.112142 40.254573
2 93.936796 60.366062 38.319093
3 93.936796 71.78516 36.591209
4 94.305064 86.601272 16.02769
5 94.305064 89.025588 10.053702
6 94.305064 70.88519 38.733878
7 94.305064 90.024518 12.099119
8 94.305064 90.462939 8.913753
9 94.305064 71.278767 38.795351
10 94.305064 90.0929 10.357987
11 94.305064 90.851536 7.385796
12 94.305064 73.303565 36.907595
13 94.305064 90.396677 11.290413
14 94.305064 89.535237 11.458929
15 94.305064 69.745433 40.388681
16 94.504202 88.620863 16.059693
17 94.504202 91.316179 4.609912
18 94.504202 70.295947 40.197663
19 94.576054 86.044204 21.478381
20 94.675993 90.882931 8.332614
21 94.675993 90.202776 11.453025
22 94.675993 90.768447 8.02086
23 94.675993 90.099019 9.674333
24 94.675993 73.118597 37.634866
25 94.675993 88.544461 14.405383
26 94.675993 91.178904 5.836904
27 94.675993 70.387904 39.142361
28 94.675993 89.920095 12.111206
29 94.675993 91.801411 4.408996

gen best mean std
29 94.675993 91.801411 4.408996

gen best mean std
29 94.675993 91.801411 4.408996

gen best mean std
29 94.675993 91.801411 4.408996

gen best mean std
29 94.675993 91.801411 4.408996

gen best mean std
29 94.675993 91.801411 4.408996