-8.640695206596038513e-01
2.698255603066059827e-01
6.819388471744175506e-02
-6.454841592622635460e-01
4.273731491590770926e-01
9.036922105643503400e-01
4.555360165368346759e-01
-7.266476963942418710e-01
8.114646879177396244e-01
2.382783146867117896e-01
-3.215105149001984408e-01
6.896253186964161896e-01
-7.405436182590983130e-01
-1.000000000000000000e+00
7.638244100594557828e-01
1.396420465063972216e-01
-2.965201743434981996e-01
-1.488071986084260612e-01
-1.000000000000000000e+00
-4.010214398894591525e-01
1.000000000000000000e+00
-1.538267903589494723e-01
1.495218717787305529e-02
5.261212087653331926e-01
4.443877577316872607e-01
5.227660208512949769e-01
7.160339439952385643e-01
-1.841482733471629940e-01
8.617515052923248042e-01
4.205724225420772733e-01
-5.731224232610077074e-01
1.000000000000000000e+00
-1.000000000000000000e+00
-2.791501800970470626e-01
-1.000000000000000000e+00
-5.885694986948382113e-01
1.000000000000000000e+00
-6.305341140448107451e-01
1.000000000000000000e+00
-2.474031661513553804e-03
8.783441266508706935e-01
-1.000000000000000000e+00
-9.329037700118850696e-01
1.000000000000000000e+00
3.751097271954171308e-01
2.939490334598267030e-01
-6.203808614224045614e-01
2.658804291219074578e-02
6.697220744663854308e-01
-1.000000000000000000e+00
-4.795638202224410396e-01
-1.000000000000000000e+00
-8.110777337009800192e-01
6.482236061442094854e-01
-4.080228906309137926e-01
-1.000000000000000000e+00
-4.871346730092074306e-01
1.115437599703210658e-01
-7.680746371377966675e-02
-1.930002581426659702e-02
9.798453213685347496e-01
5.208563638598731060e-01
5.940279623790232222e-01
2.711746649528927744e-01
-8.566418399443624931e-01
1.000000000000000000e+00
9.750314464823071070e-01
-1.000000000000000000e+00
-4.652051199305253792e-01
6.808587460229067467e-01
2.763428554431675011e-01
3.673385573927114844e-01
-1.000000000000000000e+00
3.638923221283485443e-01
-9.737304197468723554e-01
-1.000000000000000000e+00
-4.772598340782094883e-01
9.726472195112023655e-02
8.184635977131589080e-01
1.000000000000000000e+00
-7.135702950679051471e-02
-2.127484599842479618e-01
1.000000000000000000e+00
1.000000000000000000e+00
-1.000000000000000000e+00
1.976271435863916626e-01
2.149526078889312242e-01
-8.428268265407496962e-01
-7.030994528311438341e-01
-7.340442181128166155e-01
-1.483911452034978873e-01
-7.231002752024340285e-01
4.234203283412836250e-01
6.650763708085382087e-01
3.711671013253767804e-01
8.968164024482578878e-01
-7.647732604505443899e-01
-3.483848068878119264e-01
1.701393024920101193e-01
1.000000000000000000e+00
-6.507669842617590517e-01
1.774554442985854519e-01
1.000000000000000000e+00
8.692752712790352554e-01
-1.000000000000000000e+00
2.923807988317841389e-01
1.000000000000000000e+00
7.614264244236590429e-01
6.995127160879617279e-01
-5.277343103560188098e-01
3.253752584230988898e-01
1.201123353111318015e-01
1.000000000000000000e+00
1.000000000000000000e+00
2.547728686481485205e-01
-9.865604876944960022e-01
5.533460643957273106e-01
1.665749373012402057e-01
-3.423357481803022129e-01
2.122564230348746861e-01
3.945824785543367019e-01
-5.196623984843431465e-01
-5.317187361487691888e-01
7.466563409144245655e-01
1.000000000000000000e+00
1.000000000000000000e+00
8.090831483639875366e-01
-7.239691356177346826e-01
-1.000000000000000000e+00
2.384270903751229964e-01
9.487492429816597461e-01
-4.499628409442152366e-01
2.759418446134653813e-01
-1.000000000000000000e+00
-6.397204087905403735e-01
-9.513932779774318949e-01
9.931948071268033029e-01
-6.416948907963968551e-01
-1.000000000000000000e+00
1.000000000000000000e+00
-5.431510262688437063e-01
3.032479893670083637e-01
-6.128160102487936189e-01
-9.910066315615755350e-01
-2.738292325142819283e-01
2.181595418698394351e-01
8.528792391317649990e-01
-8.709543975879547872e-01
-1.761005045435831695e-01
-1.000000000000000000e+00
4.237189752276127042e-01
-3.252293309055911408e-01
1.000000000000000000e+00
1.000000000000000000e+00
-1.000000000000000000e+00
-4.857784343172232844e-01
-9.580681094553092914e-01
9.751111112170427475e-01
5.840374594036923384e-01
7.729437866430459714e-01
5.648856498107783786e-01
1.357829155785870157e-01
7.115162981795952746e-01
-1.561149326788657810e-01
-1.636343676934128855e-01
-9.929435273157716235e-01
9.968878936087222087e-03
2.020043826718274094e-01
7.982961132736674514e-01
-1.000000000000000000e+00
1.000000000000000000e+00
-1.000000000000000000e+00
1.000000000000000000e+00
3.923024339717950948e-02
-1.000000000000000000e+00
-1.000000000000000000e+00
1.000000000000000000e+00
7.397089506108724954e-01
5.339169279570723514e-01
-2.123911498627097938e-01
-7.992169402885105356e-01
5.620318557227554912e-01
-1.000000000000000000e+00
5.378136114315901217e-01
4.292909244079696762e-01
3.627083850761649853e-01
1.000000000000000000e+00
7.832500148981527133e-01
5.399591452935503799e-01
4.549012371115895847e-01
-1.000000000000000000e+00
-5.669759804487362054e-01
-8.964683301442573082e-01
-2.748904326601662174e-01
-4.312989957220415560e-01
-6.496856360215321757e-01
6.173429463893409519e-01
-4.645576476584061254e-01
6.760320981035692345e-01
6.640849624426430342e-01
8.454839333380339550e-01
4.116854672244840696e-01
1.730734150257242643e-01
-1.436027841124700721e-01
2.958680221425246115e-01
-7.882944005385523756e-01
8.086770613313278844e-01
8.309423443106256357e-01
4.290806151536827873e-01
-1.000000000000000000e+00
1.442511923005374008e-02
-1.001176341845673168e-01
1.731254664476176153e-01
-1.000000000000000000e+00
-6.048256743717046469e-01
-3.865028553891689533e-01
-2.067845463775317416e-01
-6.735404600775463102e-01
1.000000000000000000e+00
5.445539456774146636e-01
-2.623341671044192580e-01
6.641162364789769956e-01
6.059568251198110822e-01
-9.393121340893473281e-01
5.990457824562174238e-01
-1.437142682978485020e-01
4.408449156307907568e-01
2.755329385433056277e-01
1.320876840683000708e-01
1.586728791165601393e-01
-5.372442846923213278e-01
-7.187059975389902267e-01
6.442536451648435136e-01
7.652937277140077210e-01
2.754712210765646319e-01
2.141598307268133272e-01
3.960481482660658248e-01
-8.826433430820344039e-01
-6.264576375824952859e-01
3.127355121500727808e-01
9.847840180584241931e-01
3.691235010537643468e-01
5.105928929876093481e-01
-1.177482052891261066e-01
1.086425936432056094e-01
-7.413372589359228382e-01
1.927253056993516456e-01
1.899955334896508141e-02
2.706250953970763540e-01
-7.586926883250357800e-01
5.347815568118161611e-01
-9.105538889156239435e-01
-3.203964692304148709e-01
-5.018444814556204392e-01
5.771085605587982226e-01
-5.705966851092680869e-02
-7.293183316116660375e-01
-6.637794720558858330e-01
9.108660591437813814e-01
2.373065821540194520e-01
-4.174660062455146647e-01
4.513437156562007946e-01
-2.312348263711490048e-01
-8.674385284795915751e-02
-5.344407439715068708e-01
