

gen best mean std
0 66.200907 2.480144 17.257057
1 84.228738 25.76758 26.633746
2 87.624051 44.680189 22.876819
3 87.624051 53.51547 23.224613
4 87.624051 58.62622 22.01138
5 87.624051 61.705017 23.107692
6 87.624051 62.630873 23.588005
7 87.624051 58.756205 24.541889
8 87.647427 64.066094 23.197825
9 87.647427 63.893706 23.799233
10 88.897367 64.504177 24.904389
11 88.897367 60.156487 26.697592
12 88.897367 58.601 28.694217
13 88.897367 66.394865 25.162224
14 88.897367 68.434967 20.998719
15 88.897367 70.490101 20.981613
16 88.897367 70.012995 20.483306
17 88.897367 69.581271 22.335853
NOT IMPROVING !!!
18 74.991187 62.932672 26.280654
19 88.897367 63.907206 23.45777
20 91.522358 68.061359 20.296408
NOT IMPROVING !!!
21 48.168118 68.382257 21.777126
22 90.722358 63.737993 23.120491
23 90.722358 68.849147 19.507625
NOT IMPROVING !!!
24 84.228738 70.040166 19.870248
25 91.383229 65.063802 21.189253
26 91.522358 69.457695 20.847447
NOT IMPROVING !!!
27 87.624051 66.144483 25.348987
28 91.616064 69.721539 22.245832
29 91.616064 70.8986 20.338523