5.828070183074669508e-01
-8.113685036112037174e-01
1.835329698171506152e-01
6.268269864462350238e-01
-1.000000000000000000e+00
1.479007787474586055e-01
-6.993859282917989084e-01
9.480003427776012570e-01
5.416048280763113842e-01
2.599960219946118034e-01
-9.449855936192618211e-01
1.324416366819118895e-01
1.194858357230928203e-01
-3.987949842172438530e-01
5.331458036321532479e-01
8.617255029321166937e-01
5.686729977984499307e-01
-1.603280454246171771e-01
1.367989687392568154e-01
-9.731234169475500018e-01
8.013675136786585496e-01
-8.475980095031846462e-01
-5.358740718720615970e-01
8.568804641615752615e-01
5.738339816095224810e-01
7.143185035406607319e-01
-1.000000000000000000e+00
-4.082409782725618941e-01
3.961347591306812466e-01
-7.346102271633658809e-01
-4.708245556680837329e-01
-6.124357379115106248e-01
-1.009366461615459204e-01
4.934475304225447445e-01
-2.149345073677548790e-01
-2.692848255583172867e-01
-6.299989160945541622e-01
7.728822335034498670e-01
9.169055646767915180e-01
-3.115119537555761237e-02
-8.209640302598472661e-02
-5.325104058572355248e-01
3.101417804659885591e-01
-6.133994027776161762e-01
1.340754547025891086e-01
-8.337568410720659351e-01
-4.768019459108683855e-01
-1.374401211461724337e-01
8.543671413434067441e-02
5.875998296649402874e-01
-7.989417282735613579e-01
-1.000000000000000000e+00
9.208469554126301748e-01
-6.022483302317955811e-01
7.787758671228747209e-01
-8.658706465736535351e-01
-9.474973509679122108e-01
5.448032415942634099e-01
-5.602791954226026272e-01
1.000000000000000000e+00
1.476671475959713264e-01
-6.955660609977654119e-02
-2.000966104535479850e-01
2.656568225776828607e-01
3.440872551385510958e-01
-8.949834838877723797e-01
1.295622155917866003e-01
-3.711943236568640558e-01
2.403070270561403765e-01
3.907341416545631052e-01
-3.530524285340488344e-01
-3.213953757589151916e-01
1.511874952535321448e-01
-1.046926049245537338e-01
-8.958532098020096646e-01
-6.239875029313808330e-01
3.120025133364524583e-01
-7.184429590654798359e-01
1.000000000000000000e+00
4.311486398881548276e-01
-3.210077028678797739e-01
-6.287578693466916446e-01
-1.486717919057913284e-01
1.000000000000000000e+00
-7.175970088151022441e-01
-6.676047595948960689e-01
1.661013875342874091e-01
8.223419098208453182e-01
8.616420266465782962e-01
-2.608445615628298686e-01
-1.780648229402674587e-01
4.918955897812753442e-01
1.195104465973291230e-01
5.357013464913481515e-01
-3.358954438589507874e-02
8.929613326758004677e-01
-6.207129362187810973e-01
-1.961424207862375590e-01
-8.069517634144469653e-01
-1.888696108262759576e-01
-7.901443414443552749e-02
7.936450511321114787e-01
3.178844947298983814e-01
-2.881380750303763616e-01
-5.763366939818750367e-01
-8.964749489849719311e-01
-3.723524933220310196e-01
-7.578365146079790726e-01
6.467913739308239762e-01
-5.793278597694936360e-01
-4.180577871311177418e-01
-6.157673509627197284e-01
-4.076137715230320202e-01
-5.424242038151766421e-01
-4.220595837996872213e-01
-1.000000000000000000e+00
-6.003005971168303700e-01
6.344581204655892481e-01
1.128108458168443629e-01
-1.756659297741851311e-01
8.593736924204995464e-01
4.464122499234700059e-01
3.689460400221743486e-01
2.924990230370129729e-01
3.828216007881666272e-01
7.764315798084296671e-02
-4.335863679191542808e-02
-1.855651328645300524e-01
-9.642539793387118197e-01
-7.816138711406053208e-01
-7.100664372622528253e-01
3.441953453291887732e-01
2.041397458844160795e-01
7.607002166094504192e-01
1.000000000000000000e+00
1.420041471468218297e-02
8.991874950380460696e-01
-1.808569979765016211e-01
9.678750963677391628e-01
6.305173449735942404e-01
-4.227354588436820215e-01
1.000000000000000000e+00
-6.913645190816155583e-01
-1.830609094199562581e-01
4.107292991344275723e-01
8.559434578305546992e-03
-4.264326079424278770e-01
7.526478760054767791e-01
5.958115155900296500e-01
3.691475019103831468e-01
9.394995065832296710e-01
2.310206821576852032e-01
8.074732686720410557e-01
8.779438217424954116e-01
-7.950652203294802378e-01
-3.315140550331178160e-01
-8.306734360286438523e-01
8.069815586773179117e-01
-4.778198017861277624e-01
-7.713731651815816104e-01
7.665476582351086199e-01
6.190629645347360821e-01
1.892938027075098117e-01
-7.948196035134502679e-01
6.619227349109996217e-01
6.825467243586011978e-01
-1.332640873428183048e-01
-7.116698475003230273e-01
-1.000000000000000000e+00
9.369987648984465789e-01
1.722035351257636959e-01
8.936998230782372543e-02
5.801829657279958252e-02
-2.379090818092010479e-02
3.969590845505219234e-01
-6.218492757349834976e-01
8.131138469555253545e-01
7.465274380404169907e-01
6.950024983690965552e-01
8.814606743733819361e-01
-3.346956683475727501e-01
8.848101374607886260e-01
2.936822690777722844e-01
4.158773941910122729e-01
-3.179910179315166840e-01
-1.729183917717505292e-01
3.790859098646979786e-01
8.078105903312844394e-01
2.384333027273887184e-01
8.357796602490554783e-01
5.391927433289582794e-01
-3.848476798602368243e-01
-3.323142954563909068e-01
6.665700148162425620e-01
2.953676784334968164e-01
-1.420053872477306522e-01
2.051717961167446869e-01
-5.268673995635311247e-01
-1.865032232755780006e-01
8.991671283286937211e-01
5.621110100885132743e-01
5.088788709731930648e-01
-9.609267708806220609e-01
1.180492736031646672e-01
7.063733226881496741e-01
9.527575657058514613e-01
3.352528054125013535e-01
-7.069662717187809031e-01
3.244557839404434985e-01
4.179512505783491427e-01
-1.187278335319072453e-02
-4.416738241222565864e-01
-4.354705658848933014e-01
-2.670902457511636907e-01
-8.173118260157021808e-01
-8.339482119861869602e-01
-5.841535106640320940e-01
-1.144171481827965797e-02
4.916901325360933939e-01
6.261941480182406927e-01
5.161302880061604537e-01
-1.000000000000000000e+00
-2.586011125804152933e-01
9.466245693233175107e-01
1.607342459829492753e-01
-4.639293916155845521e-01
-4.478046538472792437e-01
-8.562703654978716106e-01
8.841507950541184213e-01
6.249861638193457969e-01
-5.545320316527525134e-02
-3.019589025492963597e-01
8.798326172694516112e-01
-6.081553287416765485e-01
-2.218294644856479980e-01
-8.531742354622616764e-01
-9.816402993623543072e-01
9.101211871948670096e-01
-1.848634369909221975e-01
6.059123004591222550e-01
6.396910079040714070e-01
5.864399105679347635e-01
7.855752249483142213e-01
7.784068483962248708e-01
-4.032689466914120002e-01
5.192006940427044276e-03
-6.723288339639291178e-02
-3.209485326896890367e-01
9.702799791034459886e-01
-9.272720683270130326e-01
-1.000000000000000000e+00
-3.533149740391876570e-01
5.609937565085878486e-01
-2.321151726082751332e-01
-4.773948980685295274e-01
1.214953712396868724e-01
-7.424231250364952128e-01
3.834214036886886001e-01
-2.858696748047960257e-01
7.287642591398760250e-02
1.890506173961669090e-01
-5.062105647687240584e-01
7.565662083948070382e-01
5.372415945439036333e-01
-6.283734443277708137e-02
