3.414607310075570834e-01
-1.000000000000000000e+00
-4.017933998660057071e-01
-5.265777924474939198e-01
3.622131651683818121e-01
-9.855593475271346993e-01
1.884638557503102163e-01
5.373732107944787506e-01
7.568514597215909578e-01
9.100550482968534638e-01
4.642972685190016047e-01
-6.801650838785187059e-01
-8.112877153982351874e-01
3.139606190338855018e-01
3.243354181907765477e-01
-8.956172202981453889e-01
9.371788855875622382e-01
-6.898804901186748051e-01
-8.110816092991432469e-02
4.861443815598038287e-01
6.111698269766313585e-01
1.246280376443287263e-01
-3.759537819865360064e-01
-1.080728750327995119e-01
5.603400816291100872e-01
9.771334207096120661e-01
8.408660390850455357e-01
-8.668467305684026680e-01
3.150721542600019021e-01
-7.205194772205308906e-01
-8.649963282414283583e-01
-3.245887357492360792e-01
-7.618531606218128527e-01
8.782956701224733376e-01
-4.181882946661841238e-01
8.260130310131885700e-02
-4.612877744262361412e-01
5.448940697751872841e-01
2.172705808988587561e-01
6.130611074671913352e-01
6.315017916928946651e-01
-5.426402568099022439e-01
-4.285174962130902654e-02
4.552074523764574332e-01
2.499497936122858643e-01
6.799575959759784904e-01
-3.517551597453010270e-01
-5.294261717830803793e-01
-1.194779556546594623e-01
8.455818637529057824e-01
-6.457950545906677720e-01
1.000000000000000000e+00
-3.638786523933095207e-01
7.216266613990846013e-01
6.475609087669340624e-01
-3.046618359162310274e-01
-4.738901528769342564e-01
4.068008395660743792e-02
-5.731362836479667600e-01
-5.973527076553227788e-01
4.303774788541097074e-01
7.479378294957728102e-02
-7.111621422677405491e-01
-9.759259514658958912e-01
8.040054618823473387e-01
-5.542703693363022488e-01
4.786515199607756510e-01
3.421339929760617293e-01
5.124589242571718772e-01
7.433830495057098808e-01
-4.059166925067100307e-01
-4.501828100653919584e-01
5.514632645692019164e-01
-1.560803291759714218e-01
-3.770766221467246604e-01
-9.713797079580750449e-01
-2.062758181219595255e-01
3.957801745353752287e-01
-3.662379973347534290e-01
7.463168969591917890e-01
2.185573465606248933e-01
1.054065519397585637e-01
4.223017425114183876e-01
2.071780470152669862e-01
-2.323079393095182910e-01
7.758723985416544622e-01
5.167072725696409963e-01
-2.268406439216250348e-01
-6.275015910542237618e-01
-4.384607937018776269e-01
5.277402144665492845e-01
-1.694168553824915158e-01
2.870483959731263690e-01
7.085020479610080191e-01
-9.219670524621796925e-01
-2.527494025630664387e-01
-8.931023741652496239e-01
-1.988388291693715670e-01
-1.777888223183079486e-01
8.706924090576519948e-01
-3.087771397796112982e-02
-6.226655032910901610e-01
2.503702432198847694e-01
9.705293365091361979e-01
2.512159914718717357e-01
3.869143949237972002e-01
8.384468126648736419e-01
5.335129330349743793e-01
7.066697194067648180e-01
-8.514241982349385340e-01
-5.525711057776507840e-01
-7.470078267834266983e-01
2.019573298142312290e-01
-1.000000000000000000e+00
1.672624688327817646e-02
-1.897210129812381962e-01
5.796347289606571529e-01
-2.184963724267308671e-01
3.108932631134684321e-01
1.000000000000000000e+00
-3.218212446876034249e-04
-5.787708034445433469e-01
-9.611229782280590328e-01
1.000000000000000000e+00
-4.267461156494760655e-01
1.376253999883193246e-01
1.000000000000000000e+00
-4.071847808381217071e-01
3.071480422997818760e-01
1.086799144168897335e-01
-9.927844954095061958e-01
-3.271034121298708186e-01
-6.849276349249271423e-01
1.799918514262682789e-01
4.527351305428362616e-01
-4.751044838991653196e-01
-8.663423620684798099e-01
-8.040141501032060933e-01
7.933987676346179185e-01
-7.115346807368649884e-02
-6.203195059557679025e-01
7.428543038075290372e-01
7.683529601516114749e-01
-8.880277413492679850e-01
7.539780689877534359e-01
6.249931179042491625e-01
-1.435257899418079242e-01
-6.067213305332253004e-01
1.708925061975004045e-01
6.778263524967462761e-01
8.519089408031246258e-01
2.087895003533418170e-01
-6.679695704236905396e-01
-8.537017879073791615e-01
9.044096895032338601e-01
4.412247889066541751e-01
3.045913891980983612e-01
5.655685777974918116e-01
-6.887467427879889748e-01
2.548971137953919344e-02
-3.643976456860631430e-01
-4.096417664060654773e-01
-3.317771325356295709e-01
-4.235357541207767085e-01
-1.570713891047562094e-01
1.441886630901560717e-01
-5.446252510219585785e-01
-1.000000000000000000e+00
8.312779043102995757e-01
6.437845185080264265e-01
4.891805927968645995e-01
4.139394987290392347e-01
7.923712565063318891e-01
-8.995317688384383281e-01
-1.830724967430816807e-01
8.339178956770205986e-02
5.216557230875079609e-01
-7.710518483330381923e-01
2.671165059183298052e-01
-4.799229893675922565e-01
-2.385086734212998327e-01
-2.511678851585679162e-01
3.933948575108011658e-01
-7.620916654005684965e-01
3.374307412206127843e-01
7.665563493514561122e-01
6.286756776303620287e-02
-1.738569244500834388e-01
-2.276785854371422280e-01
-2.349373006480210413e-01
4.672426520583846110e-01
6.516042347396313605e-01
-9.103226838239433794e-02
6.278589044536839747e-01
-1.000000000000000000e+00
-3.234096020494179324e-01
-6.686771980312341546e-01
3.470536921300312883e-01
2.488402180511097850e-01
3.933242604167913048e-01
-1.000000000000000000e+00
-5.431408898683449671e-01
-3.918723496488976110e-01
9.054249091351488365e-01
3.431208170485390840e-01
-1.512630879885392687e-01
-8.964136377213480777e-01
1.289161589895972959e-01
-3.516242193785055203e-01
-1.000000000000000000e+00
-1.636561480278226621e-01
-3.964688497051407912e-01
7.149183361119959557e-01
8.438183979007518598e-01
9.054355465001737713e-01
7.340042730186842335e-02
-5.745427434739888151e-01
-4.869461030427676973e-01
3.497230802078639122e-01
8.068364868148514280e-01
7.477483311147636869e-02
6.227175905176247916e-02
-6.344626388952654406e-01
-8.447252356672785290e-01
3.529230408386443973e-01
4.704711111521361899e-01
-6.503460791921779061e-01
1.000000000000000000e+00
-3.723101121125874657e-01
3.458729263202103832e-01
-9.424489296753946199e-01
-2.387876209913595282e-01
-9.322246761183602404e-01
1.000000000000000000e+00
3.211274753489138378e-01
-1.943549530609946785e-01
1.000000000000000000e+00
-4.000199413144516214e-01
-7.231525743824983588e-01
4.077474606909561317e-01
-8.312198417420104679e-01
6.692668356452652345e-01
-7.979825931418554896e-02
9.992479418291320137e-01
-5.559978632550359734e-01
-2.199452695876387975e-01
6.817201396100383004e-01
-4.829139201893580813e-01
-6.024872084159417218e-01
-4.772544601250481300e-01
1.000000000000000000e+00
4.758837289998734121e-01
-1.189412628288613050e-01
1.389828866310176547e-01
2.475415692059030337e-01
2.301784342778575854e-01
7.442544567496385266e-01
1.000000000000000000e+00
-4.808524769823759731e-02
-3.283663557802340982e-02
5.933174785737180823e-01
2.444947390291996314e-01
1.819346294450352453e-02
2.886008961084894908e-01
3.846933992378965828e-01
