1.104808496471647583e-01
-1.693378342457895203e-01
1.748971401290211336e-02
-7.692656108145132787e-01
-1.000000000000000000e+00
3.316342696498104647e-01
-5.020646662246951442e-01
-1.000000000000000000e+00
5.038684078722558413e-01
-1.075657551680150315e-01
-3.913173395310928782e-01
5.041858034859121318e-01
4.665471075701772552e-01
-6.022623681796457351e-01
-2.352126750690275159e-01
1.000000000000000000e+00
5.137105788248976790e-01
3.628444150051290951e-01
-6.034370174105400109e-01
-1.000000000000000000e+00
-7.121766368008566328e-01
1.000000000000000000e+00
1.000000000000000000e+00
-3.186017219559113545e-01
1.020633578992100887e-01
1.000000000000000000e+00
-1.000000000000000000e+00
-1.000000000000000000e+00
5.074059816800200462e-01
-7.822560056046927723e-01
-7.044492481128141748e-01
-9.953837363424062890e-01
5.975913129707874916e-01
-1.000000000000000000e+00
4.985867550083834532e-01
-7.919765466239451213e-01
-3.053879514411173002e-02
-2.633127868207729705e-02
1.000000000000000000e+00
2.831862921156662605e-01
-3.743509739041807061e-01
-1.949631952055066453e-01
-1.079172451940447752e-01
5.788498387236460374e-01
2.161494710356270943e-02
-4.904473852009960666e-02
-7.366375978981872796e-01
2.044598597673403795e-01
-1.000000000000000000e+00
-7.638517473873378538e-01
4.078739529102790584e-01
1.000000000000000000e+00
-6.592247594547755440e-01
5.592048403458024231e-01
1.000000000000000000e+00
7.716593088148244739e-01
3.209759056811151146e-01
-5.807177820589692896e-01
-9.537361706672966566e-01
-9.456664066896358634e-01
-4.501708317740575893e-01
-1.814298885266583117e-01
-8.628831439510428192e-01
-7.256655202835269325e-01
2.476809303364552739e-01
-4.711073187517353933e-01
-1.623122461577254094e-01
-2.763877455591567944e-02
-2.304208791114196186e-01
-1.000000000000000000e+00
2.936748956698425062e-01
-7.167821549086637045e-01
3.540420080463289043e-01
-3.020305919652606086e-01
-1.153850329315708745e-01
-1.000000000000000000e+00
6.669986451275848882e-01
-9.914449431193775863e-01
-5.236036420905321176e-01
-2.129737337055606083e-01
-4.987554683189494020e-01
-9.054342783711446518e-01
-1.694082936261198657e-01
1.993888487547164079e-01
-9.741022375268344469e-01
-4.922830485536370260e-01
-9.046874028174389792e-02
-5.351161881219179683e-01
-6.647893842602818903e-01
-2.980052999900213440e-01
4.214113282612804712e-01
-1.256005091679567309e-01
1.706114181114123940e-02
7.605122534836746828e-01
4.432483514656289092e-01
4.173993767338197713e-01
7.856580365939516142e-01
5.835986179703336330e-01
-8.107981573419773547e-01
-7.285730142586558378e-01
1.845406864238263722e-01
3.975781696833324830e-03
-9.867283592940250259e-01
-4.986226395779284615e-01
1.310995132951857656e-01
-3.429176064501868737e-01
-5.251712362818194979e-01
-1.000000000000000000e+00
-2.089982221706110366e-02
1.000000000000000000e+00
4.340326937106702698e-01
-4.424032091834081415e-01
-1.626408244375979750e-01
9.248133180453343982e-02
-2.366651896173406211e-01
-7.795779290054660748e-02
-1.118229332249787156e-02
1.000000000000000000e+00
1.000000000000000000e+00
7.914725755620821701e-02
-5.269381598991917937e-01
5.234824919574859736e-01
-1.705152051702954752e-01
-1.000000000000000000e+00
-2.963697400991785469e-01
8.200701259074858473e-01
-4.878616289619744917e-01
9.649731326162893641e-01
-8.215873520713322664e-01
-7.856184751058996607e-01
6.960011742344336394e-01
-1.479977855353747929e-02
-1.000000000000000000e+00
6.001266598158822019e-01
-3.847254263189101575e-01
1.467383198116867238e-01
3.503785793833371631e-01
2.035528764683687264e-01
-6.459738336488632937e-01
2.662267838846185120e-01
-9.964933774844886294e-02
-5.944315459848468208e-01
-7.399028419463165029e-01
5.505235798355455623e-01
5.087976688412807480e-01
-4.602448610708607946e-02
9.103429212980351792e-01
-5.313709640757257047e-01
3.995179109411646223e-01
8.687224155841324347e-01
-4.415277070422780614e-01
-7.601308239460395910e-01
-6.618634401455040228e-01
1.000000000000000000e+00
-4.780145985178900769e-01
-5.708799892916673890e-01
2.673038450902880392e-01
-2.663761192534069844e-02
-6.157595270895632744e-01
-2.852858944805279351e-01
-6.768452210506225031e-01
-9.301620315174190523e-01
-2.227232371078269324e-01
-1.000000000000000000e+00
-1.109112714367392893e-01
1.040054966512129475e-01
5.642687847689399350e-01
6.453354592142388491e-01
9.035619501282581290e-01
3.807270694722244553e-01
9.983821487885145007e-01
1.806839044628325008e-01
1.929895411017723827e-01
-7.069511571458297894e-02
2.481090657106299613e-02
1.000000000000000000e+00
-7.931062036500846624e-02
6.326783877205444107e-01
-1.000000000000000000e+00
8.123990279067343501e-01
-7.789039504523862512e-01
1.000000000000000000e+00
6.464764710074534237e-01
6.434516856987693156e-01
1.194071240707814119e-01
5.509727148800668273e-01
-3.264674633150075334e-01
1.000000000000000000e+00
-3.086610692393559896e-01
-3.135843475029301275e-01
1.000000000000000000e+00
-1.070462028306876645e-01
-4.830192441820124749e-02
1.000000000000000000e+00
9.361017559732061066e-01
-7.401175076451927959e-01
-9.144555788110020345e-01
6.125309649556008873e-01
-3.870817788536499160e-01
5.573234002747297078e-01
9.778870040753587789e-01
-7.161976544032595537e-01
6.009177818093258683e-01
-3.029688919027172522e-01
2.193295727251794447e-01
1.717810532529708833e-01
-6.847647852301503857e-01
-8.689136717826655421e-01
4.408864621743054935e-01
3.824039025291831040e-01
-2.973521046647682742e-02
7.487180918206823854e-01
1.000000000000000000e+00
-3.613099548518294291e-01
1.000000000000000000e+00
1.000000000000000000e+00
-1.000000000000000000e+00
7.785237465429067916e-01
3.010971347355525518e-01
-6.530709544182735637e-01
-2.500324772971709852e-02
1.319938576599527513e-01
-3.054133727430723422e-01
6.021387583481621064e-01
4.958356769439574707e-01
-4.379036825852139492e-02
4.455182190481209448e-01
-7.933668901655215322e-01
1.000000000000000000e+00
3.438380323878729161e-01
-1.000000000000000000e+00
-8.787204745090361202e-01
9.870947183745691911e-01
1.000000000000000000e+00
5.271894154793358434e-01
-4.922502588276178592e-01
1.000000000000000000e+00
7.934973406556913300e-01
2.030105855525243808e-01
-3.597725725723131540e-01
-5.170329062082357208e-01
4.757622559395233708e-01
-1.000000000000000000e+00
3.749805586072029184e-01
6.538037703618670982e-01
1.000000000000000000e+00
5.586837065943008052e-02
4.543308813339806962e-01
6.734883666526174650e-01
5.912037986301904580e-02
-2.809855764315063453e-01
4.659749872780839519e-01
-1.000000000000000000e+00
-2.009264766125687940e-01
2.040449738593471674e-01
3.412695522205796972e-02
8.960649996644313164e-01
1.000000000000000000e+00
3.028051896595429504e-02
-3.855587054831466909e-01
5.303403885639509374e-01
1.000000000000000000e+00
4.796507586254381561e-01
3.644980245577283950e-01
4.465744597667213878e-01
