-9.592702454295736203e-01
-6.315876500799348925e-01
9.885177404335112605e-01
-3.882427313259377288e-01
-3.222902548051351235e-01
-5.745690950443903960e-02
8.117173274407255557e-01
-9.296128795195590655e-02
6.332258511664012879e-01
-8.095153149708818052e-01
-3.639061579982387218e-01
3.390564065025771789e-01
-2.164390956862527471e-01
6.091300695048882385e-01
-2.933425402807663396e-01
-4.619302384746508672e-01
-9.911461564561141468e-01
5.116689090303803145e-01
-8.068520362038114069e-01
-1.986654444680890919e-01
7.491205460962038210e-01
7.038519879595007689e-01
-9.600010838422905202e-02
-8.506568487123438160e-01
2.592856006859749485e-01
1.000000000000000000e+00
-6.099734219322083817e-01
7.782334869673568356e-02
7.299199383234920013e-01
6.352382054036411763e-01
-9.777027384158574197e-01
-5.658795838130363798e-01
-8.575868089685527718e-01
7.864210190850169369e-01
6.102476559741305540e-01
-2.073820198443631635e-01
2.979514690382365494e-01
8.899683282453599853e-01
-2.458879708926333119e-01
-9.969293378380925663e-01
-8.549744268817682791e-01
6.826030180402656855e-01
2.863319276201894970e-02
1.000000000000000000e+00
-3.693040677307819486e-01
1.459225921691671979e-01
-4.364650473671800590e-01
-6.770997015384305762e-01
8.167893366641962860e-01
-3.019550574276108623e-01
-3.165003470901121552e-01
7.437610613992211572e-01
8.214570145756676656e-01
2.473522548087545569e-01
-2.058562010762963190e-01
1.342214786864475706e-01
-5.459920087031219782e-02
2.686662776684658471e-01
6.587745308344241657e-01
-5.365579448307287169e-01
-4.930774614016273372e-01
7.196127886115060157e-01
7.303134222926871422e-01
-7.348679542726581637e-01
3.514297017068785389e-01
-9.584259660238620970e-01
-4.724579615183384096e-01
-3.160976214441379994e-02
8.744439550370677328e-01
-1.794039183338380639e-01
-7.068255057823291665e-01
5.559063832079590428e-01
-3.722467538789890895e-01
1.208752116762299433e-01
3.836100919104878937e-01
-1.138983052516084893e-01
-8.977971744730683934e-01
8.996966090117053394e-01
4.859839492792847881e-01
4.490233642435559336e-01
9.490337198521394679e-01
-9.610914264208498814e-01
7.351708835906072270e-01
-8.637789076981369218e-01
-6.367463171922772558e-01
8.833951202838878913e-01
-8.850404786297036974e-01
-4.302354864332911255e-01
4.481096509408182271e-01
5.113453586197113099e-01
5.114090939041220363e-01
8.670357313210264039e-01
2.688335128736145663e-01
-6.207574930626443832e-01
4.700437622605981858e-01
-1.722994038953836182e-01
-9.044386843714100621e-01
7.948367707262344872e-01
-6.043291832662145424e-02
4.148211484277435357e-01
5.205698641124978376e-01
-7.205408596144760036e-01
1.076204479064224451e-01
4.555919737834182026e-01
2.064569410893830614e-01
-1.776436535835437258e-01
6.784734060795827304e-02
-3.977033786684689431e-01
7.216240560984956698e-01
1.282042185376932597e-01
-9.834319858633723266e-01
6.942634450523348377e-01
2.095474136077637439e-01
-5.475592974287506465e-01
7.210353626302985486e-01
4.905630331806566380e-01
3.827596939772637263e-01
9.669953289403884211e-01
-2.479416974936251017e-01
-8.258747848293181981e-01
-3.511837392524839174e-01
-3.464946452711774594e-01
4.166189905268633531e-01
4.698365927416237042e-03
8.863151754011537875e-01
-6.567041325944824592e-01
-6.781206222205373724e-01
-1.333848382675380251e-01
8.885612142307617312e-01
1.920347460729449618e-01
-5.199379984129520738e-01
8.724144109371168021e-02
-1.320020938519335107e-01
-6.150696258716343845e-01
-5.536935222142518320e-01
8.324436068954810253e-02
7.086869878679288304e-01
-7.331871947971987380e-01
2.151973759788039509e-04
-9.309033866667217882e-01
-7.503157878674178161e-01
-1.691914911873979577e-01
-7.113300393127066634e-01
1.840395519738232122e-01
2.553900914228370844e-01
-4.698548614943967583e-01
2.420267368903854521e-01
3.684022000682194431e-01
-1.677774113763818853e-01
1.354960816016597125e-01
3.861848290176441711e-01
7.079835792718186527e-01
3.696973476654110691e-01
-9.771470214089916784e-03
8.807110681721574963e-01
1.795911049347762578e-01
4.859207488042271983e-01
-9.568497019114814428e-01
-4.485260111514463022e-01
1.851314304054546556e-01
2.287505116445198716e-02
-9.193399573570348871e-01
-1.069675624794519386e-02
8.747349550556586806e-01
2.228132560708171450e-01
-5.025442426331980794e-01
-3.476651536734522985e-01
3.673719562146045003e-01
2.244754651095564046e-01
-9.224349644305833706e-01
5.851229344492212547e-01
-9.044727932755691757e-01
3.470194782147530965e-01
2.126952106240864171e-01
-6.961649159542313559e-01
9.913091484040221779e-01
-4.718266193802965192e-01
6.161120349606605817e-01
-5.570333432052545497e-01
-8.855944101208429453e-01
-6.291210587225279927e-01
3.704082931688328362e-01
-7.482316865605636025e-01
-1.381715769720001097e-01
-2.536793492773947722e-01
-8.538315658376312012e-01
-7.753506300299108922e-01
-7.886412821477822854e-01
9.402422393504903386e-01
4.829793414076688496e-01
2.953149421777350736e-01
-7.587830174261658289e-01
1.308073280461835922e-02
5.970686293463560723e-01
-7.695071243220685808e-01
-4.060250751478085007e-01
-2.998542873774698858e-01
-9.944903329012171334e-01
-3.745402523050156418e-01
-1.820030782361152788e-01
1.001156367507164413e-01
-4.060142213872794947e-01
-1.609081826610014865e-01
9.870727914840755624e-01
2.153896526742831163e-01
3.075472241852556521e-01
2.777726607062879216e-01
3.003708806903959694e-01
8.085512220469617262e-01
-3.784461661682159139e-02
-1.172900307978743673e-01
8.978602740447756414e-01
-2.174251576477947978e-02
-1.608141995959282422e-01
4.589102627835666137e-01
-1.790191077495264516e-01
-2.090446082843746556e-01
-2.545805869707240543e-01
-8.194315280534258950e-01
-7.347513960783628173e-01
8.662763924534664373e-01
-5.174083787203724860e-01
6.127765085519277788e-01
5.291310255983090460e-01
7.058292299591619745e-01
7.776640246860160310e-01
2.712835078782014353e-01
-6.785980183357105400e-01
4.813315166625660169e-01
-1.768958490699330532e-01
-8.258859023618925210e-01
8.780384864340382567e-01
7.691393760835644189e-01
-2.816224869637109496e-01
4.773601264070161942e-01
5.821955289402067635e-01
-9.228068031648095637e-01
7.765833857016163355e-01
7.468108545265035314e-01
-8.602308345029570091e-01
4.094584114067978398e-02
7.621004888752502815e-02
3.342335510897511686e-01
7.815687881991619790e-01
-7.214609951185947390e-01
-1.629973695056678995e-01
-9.564962317944736281e-01
-3.648969738691459908e-02
1.396561212047119915e-01
-4.162138245530264680e-01
-9.715753860594308344e-01
6.528072221043449419e-01
-1.440834431550136463e-01
1.679923884307887583e-01
5.614167004177672560e-02
-8.368712791300829679e-01
4.587769547956250804e-01
-8.765406124762378237e-01
-6.761102372900671398e-01
-8.211466086698249178e-02
7.597811904882696421e-01
-5.660563113429775139e-01
-6.498374577600756208e-01
-6.160303614556497109e-01
3.621598968097589633e-01
