-4.619167391454433447e-01
-5.484911534629556551e-02
-6.465142032078863288e-01
5.011005303996669547e-01
-2.371139494819031746e-01
-6.112982901928848412e-01
1.792830311507725705e-01
1.932589229657147301e-01
-6.458755311440579350e-01
6.488148728297082890e-02
8.613950531554892542e-01
4.657726933985273376e-01
-2.641434540346041526e-01
-4.186506087921457731e-01
-6.893271599535934213e-03
-6.099027224001538627e-01
2.502491694123290533e-01
9.427131501533807523e-01
-5.896016600033976429e-01
1.193832700955983483e-01
-9.372665366061384562e-01
-5.909625102422668697e-01
-4.057853229434566500e-01
-6.098310508424343857e-01
1.605059241752271326e-01
-7.863292361409981446e-01
-6.102660417515060054e-01
-4.815806656299745914e-01
4.921492276043932801e-01
1.995063900524853273e-01
5.829398236275822320e-01
-8.872162695922686249e-01
3.113704726646255860e-01
-1.000000000000000000e+00
6.275262190048547239e-01
-7.194743321037335715e-01
-6.302961460784007874e-01
7.429290936999530803e-01
7.645701821919927976e-01
3.922610186661690257e-01
5.414853742985268337e-01
9.573627366059656030e-01
-9.049586350336713547e-02
2.588639670549952587e-01
8.473901495404267958e-01
7.035221755094405172e-01
-1.633960217282763305e-01
2.679884024581391522e-01
-6.690457508513227847e-01
4.276817710134258044e-01
2.852527932288506651e-01
-3.863947372374862965e-01
-2.749822723843617922e-01
4.452608500110690759e-01
-5.535674813006128403e-01
-5.672748596371273155e-01
-7.439304067094881789e-01
-5.033615041281034319e-01
-6.046071855445456222e-01
1.549861386932185892e-01
2.746611039944455435e-01
8.538575888382406998e-01
7.014635500456251060e-01
-6.311526132868903183e-01
-8.755462611703601628e-01
-2.873002238583972634e-01
8.425360058370805483e-01
-7.245827414668576383e-01
8.030663280922242242e-01
-1.363018263434001842e-01
4.379891583700643021e-01
-6.353564196092939542e-02
-2.649665167563566293e-01
1.868227427487778591e-01
-5.292830390384883898e-01
-9.935114116035609344e-01
-8.865848236996360932e-01
4.571169993448842561e-02
4.097391254066992672e-01
-1.000000000000000000e+00
-9.415980837024056083e-01
-3.174849048584125200e-01
-4.323349108720319078e-01
6.265687603293761399e-01
3.070463932066632706e-01
-6.079104089610865014e-01
-3.861608600878045916e-01
2.391194283727174907e-01
2.866405823214033255e-01
-8.421280658739367375e-01
5.814351139699279747e-01
-5.454421384852699006e-01
-9.445078633414956126e-01
2.073182237744089496e-01
-5.838550083516789169e-01
8.751442766631245540e-01
7.521148397781892703e-01
7.850574141776613946e-01
-4.593425560714445854e-01
4.409446551658233737e-01
3.914369673837168884e-02
-1.405023738170645686e-01
5.923774656884535361e-02
-1.444474206626063517e-01
-2.875231322446096804e-01
2.434236682658065254e-01
7.709304969029168175e-01
4.777657118495003963e-01
1.817420325326875863e-01
3.899988608836842952e-01
1.170912545530069515e-01
-7.458551827089635600e-01
-4.123268029748016761e-01
-1.238726220408885859e-01
8.406774830555899247e-02
8.897858805056775289e-01
-4.157313626100717086e-01
-3.750914160694255317e-01
2.831155371155100187e-01
4.804760610755414163e-01
5.779077984167448889e-01
-7.360226955563535789e-01
7.352471209762982962e-01
4.612299828541585045e-01
2.566176935417395777e-01
9.338249855152602752e-01
-7.740113251280553719e-01
-9.537187102105756931e-03
1.572756767415582901e-01
8.989071803251121873e-01
4.596458752965963956e-01
-8.679577804381771733e-01
-3.547357626152544130e-01
-1.069177018807383056e-02
-4.647800772532404423e-01
5.280777588540721545e-01
6.289268461397752308e-01
-6.364068113286447392e-01
-4.472186284951229496e-01
-5.265766471757632461e-01
-2.990302514609443629e-01
8.258634692732118587e-01
-3.735393560886222097e-01
3.723645418156193987e-01
7.676495058343205669e-01
8.996074678784187206e-01
6.317474414647236136e-01
5.961916631199515315e-01
3.476037151847646278e-01
8.711981521664091677e-01
-5.388446658064365291e-01
4.878617391964270578e-01
6.157887818039502470e-01
-6.869146332153913681e-01
-8.320473298593797917e-01
-7.549732348869955256e-01
-2.040588568065659913e-03
-8.659895451610666317e-04
1.000000000000000000e+00
4.675539471575739237e-01
-4.779065038942611476e-01
2.936924842273666569e-01
-2.822854432739130282e-01
7.956263525975743045e-01
-4.101787773188356190e-01
-9.131384119266234833e-01
8.416154552774199882e-01
-6.758686797326329820e-01
-9.561910380577960389e-01
-4.752792124994338341e-01
-3.003279306883267497e-01
-8.672884474488488094e-01
7.797660485860767876e-01
-1.000000000000000000e+00
7.072816421162502198e-01
7.418788491923250517e-01
9.942837366332866189e-01
-5.704439754306387389e-01
-3.081203547808581966e-01
4.747228617115859528e-01
-5.749940937402158170e-01
5.321554902521052899e-01
3.828565435403802342e-02
2.651773295887145387e-01
-2.288331667076798637e-01
-8.122535553223377836e-01
4.474383800679755385e-01
1.874702756229735534e-01
-1.309468898026462935e-01
6.756214169348436771e-01
-6.205877936255674299e-02
2.825224857031434222e-01
8.756866239394329732e-01
6.324917264894418245e-02
-4.008565070328085067e-01
-6.993963281157752343e-01
9.764960203555091978e-01
-4.348498535569430001e-01
8.170084084419906301e-01
9.407610873854157507e-01
-5.987051669025897915e-01
-8.664316858914855590e-01
3.268484288403852300e-01
8.352215218921469342e-01
-1.570228005063820653e-01
4.715487574676817117e-01
8.331934319821923118e-01
-2.441566251384668929e-01
-8.168966995397343167e-01
8.433049639232936823e-01
-4.421772057635137143e-01
-8.259610602454947603e-01
9.494118107367655046e-01
9.018981607342213547e-01
6.227793543756507955e-01
-3.029898624597717749e-01
-8.239485927839386159e-01
-1.564706024453077493e-01
2.567468855031120878e-01
8.904305890492003606e-02
1.519066635678734123e-02
-8.232918785792529004e-01
-8.968315239475734835e-01
-5.407691750634500139e-01
5.607896230624078715e-01
4.744873524719360192e-01
-4.814663302019368540e-01
9.013197008334165039e-01
1.934018535326935684e-01
-8.994668605659570382e-01
-2.109899162426226160e-01
-1.528319204532456732e-01
2.265975211963751901e-01
-3.439129531184437205e-02
-2.697845340012350324e-01
2.565285912174684047e-01
-8.885833107725870095e-01
-4.310516092352375539e-01
3.194298446087230625e-02
-3.740191756533957634e-01
-7.142875929449140626e-01
-9.524206682893560094e-02
-9.503537147436618149e-01
1.743086177122475378e-01
1.728840899124091113e-01
-6.981066020039745634e-01
-5.871662317720401925e-01
8.549336782316610539e-02
3.191500414467706159e-01
-8.743852551722925970e-01
-2.349495550285781442e-01
7.351095175847148777e-01
-9.545063274499345773e-01
1.932929253347110410e-01
9.828526670866227777e-01
4.175941409106057045e-01
-6.968381018333525967e-01
-9.749605537912734432e-01
-3.493818533188254305e-01
-4.666004366650153834e-01
-4.858117053856787493e-01
6.904617218245157062e-01
6.402952250166314974e-01
8.192615611346422133e-01
4.431982742655242724e-01
