

gen best mean std
0 93.936796 12.89755 32.073957
1 93.936796 40.19683 41.688871
2 93.936796 73.52716 32.840714
NOT IMPROVING !!!
3 93.936796 70.752201 38.259109
4 93.936796 85.123116 21.807395
5 93.936796 88.8299 11.384114
NOT IMPROVING !!!
6 94.277198 74.711053 35.369726
7 94.277198 88.303828 16.976
8 94.277198 90.609616 10.063267
NOT IMPROVING !!!
9 94.277198 72.486623 37.905482
10 94.277198 81.494828 27.549817
11 94.277198 86.632368 18.217197
NOT IMPROVING !!!
12 94.277198 73.642644 37.201025
13 94.277198 87.697778 15.9664
14 94.277198 90.930459 5.67611
NOT IMPROVING !!!
15 94.277198 70.547577 39.456777
16 94.277198 90.500055 9.42733
17 94.277198 90.322121 9.678573
NOT IMPROVING !!!
18 94.277198 73.578746 37.797146
19 94.277198 88.008674 17.986722
20 94.277198 90.561396 7.056194
NOT IMPROVING !!!
21 94.277198 71.823831 38.661719
22 94.277198 89.075127 14.026528
23 94.277198 90.820206 8.851174
NOT IMPROVING !!!
24 94.277198 68.965083 41.56515
25 94.277198 90.386685 11.326175
26 94.584803 91.253716 6.471446
27 94.584803 91.415631 2.138517
28 94.584803 91.183042 4.759627
29 94.584803 91.857755 1.788381