4.438347049177303050e-01
2.412298280795122096e-02
8.357050072136770202e-01
-3.792738592092742556e-01
-9.829162459853422185e-01
-8.300344475258886190e-01
-9.038557672857836511e-01
5.920395145674808290e-01
-1.427527949828417408e-01
5.709577408392980669e-01
1.667588692582616106e-01
-6.894001964088107837e-01
8.326280337639955231e-01
-8.296642383059271708e-01
-3.916068183321634866e-01
-2.881405853173391596e-01
-9.683072185177863389e-01
1.291797382974648745e-01
1.511248393689831604e-01
-6.811322829203142470e-01
-3.371306265621071829e-01
-2.929755006571632681e-01
-9.388266442439923143e-01
4.927055913060116032e-02
8.240601359163642892e-01
3.387951469153412803e-02
-3.613046055334275253e-01
-4.411508595908282815e-01
8.196452655445877200e-01
3.754758762468797251e-01
7.778215048950676280e-02
-5.527886405638576806e-02
3.143751008052310114e-01
-7.094016851662827694e-01
6.853179606005841418e-01
4.986398291731971577e-01
5.417047583337594174e-01
-6.663026545304793213e-01
8.504520757646484297e-01
5.052324419255817267e-02
-7.760012291902219639e-01
-1.109290709860941138e-01
-9.274440246758883788e-01
2.025295210389370104e-01
-5.393128329761336381e-01
9.677287873920785710e-01
-6.252406641182995939e-01
7.178894097723655943e-01
5.299695383645782742e-01
-7.951039602603485745e-01
-2.288302177277262983e-01
-1.331794163747278270e-01
-6.322797945055889102e-01
3.245633506943972346e-01
1.465154982898664304e-01
-5.690264318082185468e-01
-3.107883404100011959e-01
-6.279276930982151672e-01
5.356569043343849257e-02
8.149637041927738634e-01
4.886267460891956516e-01
2.592088450821721790e-01
-3.188820256281748033e-01
3.812870335355027507e-01
-2.214396371790887663e-01
9.286961602217702616e-01
-5.348378697260172121e-01
5.303790923991170692e-01
3.441007233547608846e-01
-9.906081463428696443e-01
2.092162989885719693e-01
4.821556198069248955e-02
-8.341399933678366185e-01
-9.538499714941794938e-02
2.750119370919743567e-01
-5.771680169839733532e-01
-5.550481405778473487e-01
1.637235561146860585e-01
-7.594838753751698146e-01
-5.686443174536118805e-01
6.485146835427597622e-01
5.332095534926020175e-01
6.550188812633406243e-01
3.935690870166891342e-02
-2.493489616216630345e-01
1.707301436807073525e-01
6.703901267582663692e-01
-7.949504362609456365e-01
1.622237990500757232e-01
7.468533082851867011e-01
-1.192686851076905086e-01
-9.346928892964907476e-01
-2.353149941550918556e-01
1.528805965774273634e-01
5.884034432312492680e-01
-7.723294353257865730e-01
3.193464094325986213e-01
8.609006898889060011e-01
-8.764740016279503054e-01
-7.539169566963150881e-01
4.017774328359076108e-01
-4.501489358826651910e-01
-7.947379598826757041e-01
6.110635148239262904e-01
8.835201346256817967e-01
-9.341864916903421800e-01
1.000000000000000000e+00
8.776189231070119501e-01
-9.785204957182069840e-01
-4.976873584959561336e-01
-7.001981896632921698e-01
-9.748595811077402917e-01
6.710260894163327938e-01
-4.009425579217253954e-01
-2.368152233134761808e-01
7.009327900754208640e-01
6.151418430094673928e-01
-6.564623715606499044e-01
-5.997471784531707151e-01
-5.455409167323836961e-01
-8.921001131919049643e-01
4.978200755205456352e-01
2.924792022395640290e-01
8.259441966301898086e-01
-7.611687926530502635e-01
9.368059042850752638e-01
3.651847907492209444e-01
-7.319511650064251806e-02
-5.142372219834985270e-01
7.270278113666016617e-01
-7.805166854762483064e-01
9.679449696703082417e-02
3.574718333197900999e-01
-7.581907454076289854e-01
9.057643066687476319e-01
7.768083960907027352e-01
7.723896313872669062e-01
1.027029094045318891e-01
3.454815756035334307e-01
-5.437671862725843575e-01
7.071570958731230316e-01
3.720015232891735746e-01
1.923200360057458758e-02
2.835852563285354636e-02
3.736495596934825691e-01
2.850852922094249120e-01
-2.271674965357352305e-01
-2.000456546239056665e-01
-5.378825304503109805e-02
-1.737700616002066378e-01
-6.224361754536547053e-01
-5.737287376712274511e-01
-4.537978488212222050e-01
1.441676949742466962e-01
8.243080728077514796e-02
7.801839031928744506e-01
7.414642180681916273e-01
3.780933517045328429e-01
3.382575512012666458e-02
2.122717745076467821e-01
3.420036673636183688e-01
-5.912621895328592503e-01
-6.455290746267035029e-01
-8.551696132935187045e-01
-3.605757317401956374e-01
-3.324343130251110057e-01
5.309685026618480297e-01
2.374840723349209981e-01
7.555931237329285288e-01
2.228121093928769891e-02
1.000000000000000000e+00
3.243778179753574742e-01
2.247419110643747997e-01
5.860145304563540991e-01
1.481193424029896288e-01
-3.929489517936470833e-01
-1.868935013612170182e-01
6.205793956581772131e-01
4.148376670034953917e-01
-5.973071414119608402e-01
9.249987378950303984e-01
4.756729482188469804e-01
-3.036093383345647712e-02
-8.791089469674621126e-01
-9.223661066880619597e-01
2.202464984290224415e-01
1.819021356622517183e-01
-2.066661491572554799e-01
4.497427332202554862e-01
-8.171858217279421854e-01
2.941727917701061346e-01
8.711596365539437947e-01
-2.452671665671557755e-01
-4.360389217470717060e-01
-2.156791177408421412e-01
-6.292779720366864504e-01
-6.610399019792537745e-01
3.362446793581795879e-01
1.000000000000000000e+00
-5.429346343632235339e-01
8.738857011879527237e-01
2.945691912365241971e-01
-1.523654868404971108e-01
7.576076809785582400e-01
1.267058678011779849e-01
1.000000000000000000e+00
4.055211928250113118e-02
-6.839754432541541584e-01
-4.731736388314384811e-01
2.652837830939818176e-01
1.137431164159242447e-01
1.298623831655871808e-01
-6.784443401826945053e-01
1.684543490392075848e-01
3.132791392462471181e-01
3.354157227571373801e-01
9.906098046984479488e-01
6.903044519183672012e-01
9.031510486178446762e-01
-6.159803785258437525e-01
2.402333846466227774e-01
2.587435654592105116e-01
5.793096972983056148e-01
4.955934122716831869e-01
9.522314013918140585e-01
-5.689187808210788289e-01
-1.822933013090956011e-01
2.329115149023985865e-01
9.651698242767013936e-01
-7.877216259413430954e-01
-9.095827189220428988e-02
7.591237610832425320e-01
6.169142735852222170e-01
-7.462995524179261153e-02
8.543299462962954394e-01
-8.325306604636647512e-01
4.466980125286801329e-02
1.127802153866271362e-01
-1.945631621277926770e-01
2.250715901565976118e-01
-5.364528795844674125e-01
-1.948269663008364017e-01
1.157731862273595619e-02
8.867876234749643150e-01
8.284283819921541836e-01
-5.286254653437839623e-01
-7.825345688770990460e-02
3.157335943538718270e-01
-6.838862509884052754e-02
2.361798335808721894e-01
9.566798085083503267e-01
8.452149051291335535e-01
7.132477714011207226e-01
-6.743547423189897305e-01
9.218862007823468430e-01
-6.750820737074069156e-01
-3.102715938976729482e-01
3.240365554567139483e-01
-8.093168456897389396e-01
5.792417632026049951e-02
5.907234684868685193e-01
6.540791291677711117e-01
1.421362780928716596e-01
6.168306930730540483e-01
2.455758875195312996e-01
