-9.565214160020653056e-01
-1.410153972662955280e-01
7.632334812896767184e-01
-8.034947779742696028e-02
8.380830778477318388e-01
5.472732458329413463e-01
-8.260440296749937961e-01
-8.841957391799197818e-01
-2.630153569870868902e-01
-2.511412551555556316e-01
-7.096191408305760895e-01
-7.980145028076607305e-01
-1.000000000000000000e+00
-9.248162305170359865e-01
9.130271085299467293e-01
8.211914132568940428e-01
4.250742228914095588e-01
3.747439241504996188e-01
3.848554786842915965e-01
-8.909404886477969576e-01
-6.411421827573973165e-01
7.470824843681742600e-01
-2.699224035123947152e-01
-7.465315819329234603e-01
-3.982086259303668219e-01
3.235305074908332440e-02
2.416990380309937958e-01
5.748894758157244711e-01
4.251190712228956059e-01
-6.977455937889211202e-03
-2.097340415640788769e-02
5.126140346777996459e-01
2.585548685173204575e-01
2.713579949983133677e-01
4.128737591576782107e-01
2.258299452244466043e-01
-6.184257338987015906e-01
-7.605089425427884464e-01
1.537133779014032697e-01
-9.154830161813586331e-01
9.739737338845033676e-02
6.120621487335569100e-01
-1.262907446485694862e-01
-2.886794887930035358e-01
2.206742718173551332e-01
-4.984023346006390409e-01
-9.657710781563921820e-02
8.546034039798650062e-01
1.666544220407435994e-01
-9.425204900519005280e-01
3.766521798963013978e-01
-4.169402701158125280e-01
-3.117025122996286424e-01
-6.773433870428480219e-01
-4.186454883161920826e-01
3.134888557416701804e-01
-4.671512305909628626e-01
-9.682390995756464669e-01
-8.095991903614223606e-01
-5.795416311645653629e-01
-4.005635460865100139e-01
-7.403721205950530848e-01
-7.700546215111374604e-01
-1.643122756317717814e-01
-8.506427762880701682e-01
8.844420187880608353e-01
2.204486539132552991e-01
-5.525971497425219425e-02
1.911679312806244813e-01
3.046609811344647145e-01
-6.514450631629555843e-01
-2.577734631362004203e-01
-2.395152703875906564e-01
-2.265327116142104025e-01
-2.828136471828055498e-01
3.761856145930631556e-01
-5.259793048109649982e-01
8.830741917643258887e-01
9.214196083627957945e-01
-2.125714140122282325e-01
-6.797299090987785064e-01
9.511238792018430477e-01
9.293833812785892157e-01
-8.274288435831236299e-01
3.495573878208102503e-01
-5.822403876903071707e-01
2.887349316183607240e-01
-4.303951259437315824e-01
6.535988862095889473e-01
-8.742266463001604482e-01
-4.567922007169928911e-01
1.000000000000000000e+00
-7.534821039859118663e-01
-1.475214329272047653e-01
-3.493712627322409503e-01
6.520903871258121320e-01
-7.115032575452202579e-01
4.302175059287745018e-01
-9.130841240330466180e-01
7.211281524186863301e-01
-3.372306345026501173e-01
2.767943137584403246e-01
1.293823306927471828e-01
3.405268316009995022e-01
-1.000000000000000000e+00
1.332256015189130505e-01
1.658183809366724493e-01
5.530581518017219089e-02
5.097141901205206604e-01
-4.389158518736617776e-01
-5.455281911702908326e-01
2.972427236963679498e-01
-2.961887271124588050e-01
4.445249110146745064e-01
9.021311188904741485e-01
6.139142939444436342e-01
-2.130768313408220038e-01
2.565496592901690409e-01
-6.506453552839532861e-01
1.529890196304768413e-01
1.000000000000000000e+00
-6.157777140686937489e-01
-3.293211940814390615e-01
-3.725520629355300040e-01
-1.000000000000000000e+00
1.703507040995494992e-01
-1.403759064570770376e-01
6.602346749425695993e-01
9.440991776395655233e-01
-1.984622741592027284e-01
3.991066785596357747e-01
2.305217900532725850e-01
-9.915422115344497689e-01
-9.000296231082886012e-01
-9.245365736661946832e-01
-2.286261855883797711e-01
-2.564703934997633050e-01
5.064127637894306755e-01
-4.609211332645335446e-01
-6.197661133703337155e-01
-6.209727654210600578e-03
-6.511782387520931303e-01
-7.365701085354503519e-02
-1.000000000000000000e+00
-7.192581769481650733e-01
1.895500676269730178e-01
5.344338950141536149e-02
5.711575880039838210e-02
6.330884217166536931e-01
-6.020167372339413348e-02
-8.392957255305614206e-01
-2.216667879358006632e-01
7.095383291047976382e-01
-7.227069033032536005e-01
5.980581310594756950e-01
-2.057879761328848534e-02
1.844883794407708999e-01
-3.742310582256296314e-01
2.230596330722784404e-01
-6.783897376177265848e-01
-1.000000000000000000e+00
6.949796427555804401e-01
8.091744586589710853e-01
-7.053057733079288738e-01
4.982408562204518887e-01
6.482722804452236698e-01
-1.264566488851744108e-02
7.031803957654960691e-01
6.463463771516907430e-01
-5.300308316047768198e-01
2.531245368636425574e-02
-4.051025324637730907e-01
-1.000000000000000000e+00
4.050276868129073504e-01
-6.142284795785821760e-01
-1.000000000000000000e+00
-8.899887885542894228e-01
-7.450168856144473439e-01
7.254644241551124750e-01
-1.107468375504446489e-01
-8.808517463454674790e-01
1.000000000000000000e+00
7.937583199722931804e-01
4.386331650113870495e-01
4.854491118583423859e-01
-9.569107906279974429e-01
-1.411271325335983207e-02
1.621174887812542598e-01
2.440444452231606554e-01
3.274706909705424884e-01
-6.778962189853299236e-01
1.539948715212590691e-01
-6.879295632829248719e-01
-9.132167161989057647e-01
-6.579259809586849306e-01
-2.940432336181804107e-01
-1.579578436023380827e-01
-7.977829911143162755e-01
8.114965940102724096e-01
4.032700909783821785e-01
-2.107625243774498003e-01
-1.000000000000000000e+00
-2.522685180860506637e-01
-5.934606431903549639e-01
-6.463132262223318936e-01
1.109583824431830401e-01
-3.638346595790836191e-01
-5.057968318002776797e-01
1.908607756974129988e-01
1.602318537511748797e-01
-3.815164307990466241e-01
2.745835979968309082e-01
7.292205126612196775e-01
7.015403920668225601e-02
9.236542631914532731e-01
-6.562450016516532258e-01
-6.162991352273598789e-02
8.216224867295806034e-01
1.875527683305981963e-01
8.271684811496649026e-02
8.281236764208188550e-01
1.000000000000000000e+00
1.000000000000000000e+00
-1.566672983734914981e-01
-4.904951164187095203e-01
-3.215339916452460978e-01
-9.481729849860558446e-01
1.000000000000000000e+00
6.720465146201095585e-01
2.521525650635146887e-01
-6.456804866551880684e-01
-7.304831083629004240e-02
4.866961801473825844e-01
-7.641242191910853077e-01
-6.746398152487924349e-02
1.069685335330403664e-01
-5.623232369939472619e-01
1.000000000000000000e+00
3.682455314825222037e-01
-2.202986303526400513e-01
-1.223044282534360983e-01
-2.365412053459259312e-01
-8.999152033398440942e-01
2.641406228964029435e-01
-7.006038812894217482e-01
-6.963179346985293172e-02
8.985215760297824428e-01
1.301827117617608276e-01
9.380946043802453893e-01
2.656000428602718344e-01
-5.499271893855193216e-01
4.506435954038088276e-01
-4.907332209558993297e-01
1.763323054820941094e-01
-3.014638598823417004e-01
-2.889675474310081094e-01
-7.030584533510086942e-01
-8.777634952610511299e-01
-3.431587012308456863e-01
6.822836133922576263e-01
-5.641583662337794625e-01
-6.154047929498362990e-01
-2.737895094535471863e-01
4.154656609072002738e-01
-2.812147393765394021e-01
