

gen best mean std
0 91.843172 12.98717 33.189672
1 92.568788 38.920287 37.385532
2 92.643172 63.276903 27.880749
3 92.643172 60.799842 38.951659
4 92.643172 81.780398 15.616096
5 92.686571 77.870888 22.081195
6 92.686571 77.452231 22.038648
7 93.98272 80.100368 18.230218
8 93.98272 70.20518 38.835661
9 93.98272 84.503518 16.421249
10 93.98272 82.987523 17.251728
11 93.98272 68.905117 39.701893
12 93.98272 88.503494 9.620097
13 93.98272 86.455078 12.311147
14 93.98272 72.960659 37.805833
15 93.98272 88.645723 11.029747
16 93.98272 85.996686 14.236317
17 93.98272 69.404588 39.874924
18 93.98272 88.121738 15.754763
19 93.98272 88.992991 11.281989
20 93.98272 71.535606 38.189969
21 93.98272 88.717269 10.970862
22 93.98272 90.504185 7.419745
23 93.98272 72.940084 37.473586
24 93.98272 82.509776 19.699287
25 93.98272 86.895054 15.332086
26 93.98272 71.269338 38.436146
27 93.98272 90.181472 7.642789
28 93.98272 88.177567 12.009198
29 93.98272 72.520779 37.823603

gen best mean std
29 93.98272 72.520779 37.823603

gen best mean std
29 93.98272 72.520779 37.823603

gen best mean std
29 93.98272 72.520779 37.823603

gen best mean std
29 93.98272 72.520779 37.823603

gen best mean std
29 93.98272 72.520779 37.823603

gen best mean std
29 93.98272 72.520779 37.823603

gen best mean std
29 93.98272 72.520779 37.823603

gen best mean std
29 93.98272 72.520779 37.823603

gen best mean std
29 93.98272 72.520779 37.823603

gen best mean std
29 93.98272 72.520779 37.823603

gen best mean std
29 93.98272 72.520779 37.823603