2.849832863659125803e-01
-4.924320332515393361e-01
-4.383768203022819776e-01
7.500166664748149081e-01
5.927300156717498769e-01
3.275927083953692476e-01
4.482664175952694174e-01
-1.363430538242466628e-01
7.612096843273424840e-01
-5.629481303595322839e-01
4.986102096686581553e-01
5.079110589652462426e-01
-2.920518356157547069e-01
8.187368656397926436e-01
-5.549206740459021736e-01
2.985499498065607993e-02
-6.196949320001565731e-01
8.933466866752556301e-01
2.844783246937681032e-01
-5.602307093646455294e-02
3.882091986381757120e-01
3.493681499723220174e-01
3.066243686114352163e-01
1.821592923266647235e-01
-4.289585075586208607e-01
-6.842220986855254150e-01
8.585408801785843202e-01
-5.705258660786566294e-01
-3.736018953425115363e-01
8.666705606840373610e-01
9.312650038288813326e-01
-8.314289291999990006e-01
9.959875239284823323e-01
-4.081535869185319854e-01
-6.371123433138095038e-01
8.787776723611183671e-01
1.561241068870780624e-02
-4.159406546267250815e-01
9.049105253663836113e-01
4.157955487349775936e-01
-6.082708304124540000e-02
7.215448350351099105e-01
6.974342586413567746e-02
-4.805833443481404288e-01
-2.770273586506941665e-01
-5.127853692847721412e-01
-3.867470909353081243e-01
2.914028867129977440e-01
8.359241946258020306e-01
6.694459781675283772e-01
5.626036674942029858e-01
-9.272502461727705203e-02
1.039857406438609022e-01
3.020525093546662099e-01
4.572004237276897642e-01
3.823200301020484582e-01
9.917645254223115270e-01
-3.024759668491459608e-01
-4.867082020395953612e-01
7.241993041047203317e-01
-5.201199722085101396e-01
-6.210229599251195776e-01
3.704761233227124029e-01
-9.912951658506705677e-01
-5.340851134853163984e-02
9.106158665957645448e-01
-2.774360764148671166e-01
3.604319771077826307e-01
-4.983994115027892691e-02
6.113627638658836183e-01
2.422128819547058887e-01
-8.069656688645204801e-01
1.000000000000000000e+00
-7.309585682289786446e-01
4.717456168947173900e-01
1.000000000000000000e+00
-6.571497246923250213e-01
8.327558024570840267e-01
6.185163163557831911e-01
-5.608625829101225868e-01
-2.018697871533883803e-01
2.062923766143234250e-01
-2.833132289268283643e-01
7.580104237569510461e-01
-9.346106369771425282e-01
-8.980011019234415137e-01
-1.286769573208912387e-01
-8.164583192952066248e-01
-1.000000000000000000e+00
5.356904358883869399e-01
8.564293494357722025e-01
3.727180396695668474e-01
8.080819626591355664e-01
4.049511387096407233e-01
-5.798342518459248529e-01
9.458934093699966628e-01
-5.701595649739248373e-01
1.887476263948198452e-02
4.001603081623748004e-01
-2.920654879028030670e-01
2.571911377547851929e-01
6.520706557635205236e-01
3.190297187301321946e-01
-6.612655036384402774e-01
3.213460951859879455e-01
1.358669128782084290e-01
4.613676870666398866e-01
9.147665599861544150e-01
-8.885232164940309874e-01
2.106152628394331039e-01
-4.576724764784710908e-01
2.296112588570445312e-01
-8.098825538866945006e-01
-7.990331822325126288e-01
8.674578559918022513e-02
7.725372354128376973e-01
3.426815132774927442e-01
-7.441831179523293871e-01
6.835148249632643225e-01
3.533789682517139014e-02
-3.218211876350249301e-01
2.110970214440086035e-01
6.807215378650225412e-01
6.650832701418869508e-01
8.242964571872890556e-01
-8.601208359696801420e-01
-8.847161604290372239e-01
-1.001351194818730500e-01
-7.673926236769295084e-01
-8.595926995380986924e-01
7.699172684109992781e-01
7.065186038457785811e-01
-6.638162088690784390e-01
-6.611997228182697750e-01
-9.291001589073930589e-01
-4.211975961422551595e-01
3.869283205806579584e-01
6.036856718656494758e-01
7.045155219081481457e-01
6.935478208841550085e-01
2.810962324491061981e-01
1.084540927803786525e-01
-4.370337347545040774e-01
-5.829012249698523052e-01
-6.198792372564158049e-01
3.758579206435719300e-01
-2.036662581256942772e-02
-7.746982302672595910e-01
-1.000000000000000000e+00
-7.273753588557707594e-01
5.455054788514879238e-01
-3.370721283136046131e-01
5.393831420419998857e-01
2.045886283573004061e-01
-3.917051113260830442e-02
-7.157295169500538234e-02
-4.797318141063595665e-01
3.316150220155711370e-01
1.687331725897299739e-01
-8.307392035366452099e-01
-7.719035075314313321e-01
3.679633492000130568e-01
8.651319276712297057e-01
-8.090785536584346183e-01
-3.609397875867733085e-01
4.645116699264019156e-01
-3.131655802478952033e-01
-5.890953832719003636e-01
-4.823947331823356111e-01
8.829354538789873086e-01
1.920143188335960982e-01
8.526683972709091508e-01
-2.018804353879923852e-01
-6.234865798912686552e-01
-5.242918217927581281e-01
7.113601365169028856e-01
-8.162640358632897719e-01
-3.699936610090884259e-01
-4.687102840348471994e-02
-6.212579497096858416e-01
4.829830913440158469e-02
-9.598941828045312041e-01
9.744297057608204415e-01
3.802513832769250923e-01
-1.859960357437920875e-01
3.133174816945588637e-01
3.469872308926268412e-01
1.528722080233666236e-01
2.733323024181104621e-01
6.529128159034532919e-01
-8.138399093945462015e-01
3.778654505944750719e-01
8.573053540704647091e-01
-3.127358566650788596e-01
-6.741988220142025590e-01
5.009832317067295371e-01
-1.223816390009875299e-01
-5.151244297809391970e-01
4.495681753101443690e-01
9.713149895687738233e-01
2.973080062156094883e-01
5.734943464042673023e-02
-5.296016830287803012e-02
1.303487028601739706e-01
6.720508848603578000e-01
-1.691306583034235533e-01
-9.687291829331765580e-01
1.000000000000000000e+00
-1.847121131341815381e-02
6.357558372694495363e-02
-2.646795011069476011e-01
8.590515793499520214e-02
3.053889119663506513e-01
5.570674971461060387e-01
5.168237463633993389e-01
1.000000000000000000e+00
9.168700827102278517e-01
5.237788241291511104e-01
6.340471948578572103e-01
7.607621585142325671e-01
-3.796279354969022690e-01
-1.384840417101109722e-01
2.278419803094730578e-01
-6.073473193579781437e-02
1.252245193052480554e-01
2.453571429773875046e-01
5.637374552240588255e-01
4.561710841737073863e-01
-7.144169737297457745e-01
3.150667407366889439e-01
1.817247764047060787e-01
-1.068780605791551791e-01
-1.101867111597753524e-01
9.419817490904522916e-01
-7.828626299839190894e-01
8.890799407611114091e-01
-9.071605835399082496e-02
3.811379414939351506e-01
1.121126982227679536e-01
3.770620929854888725e-01
-1.816147825488415579e-01
-2.669642820524265048e-01
-1.427370032188686189e-01
7.789305874327354662e-01
3.954790978244095423e-01
-4.275258088841699111e-01
4.053495825679925280e-01
8.229865799646196578e-01
-1.067080358615251634e-01
-6.069626032167114715e-01
5.140875937972566589e-01
5.944231290489777608e-01
7.664296537187081926e-01
6.008837484195771461e-01
-7.432557217951646367e-02
-9.020023932498142383e-01
-4.723304723728241616e-01
-1.826671734349308018e-01
6.947053160632097324e-01
2.367227072808887334e-01
-4.441058799291281445e-01
3.222979381954926836e-03
-4.096903975452259594e-02
-5.991272947269230542e-01
4.939810325980678596e-02
