1.000000000000000000e+00
1.000000000000000000e+00
-4.171524509924527946e-01
-3.936422603404414189e-01
1.583479589670614973e-01
3.397487970869603746e-01
2.175955957401016216e-01
-4.485030096833978464e-01
9.013400017468620185e-02
-5.365558906238077075e-01
-8.086029993097625379e-01
-8.279747018801782987e-01
6.750698786248735539e-01
-1.594909611424881746e-01
1.017041100581877744e-01
3.562939165453376522e-01
2.886883210368201835e-01
-5.169275815098148819e-01
-4.208235242811989574e-01
4.223752561228624747e-01
-6.973524698259799814e-01
-1.483187885894644842e-02
6.626907469925714667e-01
4.377493820139793934e-01
6.558846604748437281e-01
-3.763045719463753991e-01
9.058253145565023368e-02
-1.000000000000000000e+00
-1.083124609405593380e-01
-6.095791429460060140e-01
7.866090958952254297e-01
-7.610071049219572226e-01
5.580226527647368095e-02
-3.426286941783279194e-01
-3.813272723549587795e-02
-2.185382326596728431e-01
-1.000000000000000000e+00
6.934458165076168301e-01
-4.569216713680318565e-01
-8.575830707931012542e-01
9.427878537631828593e-02
8.131154912577933658e-01
2.418438344390990979e-01
7.394767151995327303e-01
1.567457611233273040e-01
-4.335426947609738457e-01
-7.551189152798394311e-01
-4.741453517869815837e-01
-1.509482158681072494e-01
9.844038074618945977e-01
-7.452754532053046388e-03
-1.993082159376324547e-01
1.121281156984537120e-01
9.027506220521748226e-01
3.998317891833758075e-02
9.456453598304859209e-01
-1.258848760930742772e-01
7.468891870801682709e-01
-2.623985128246992399e-02
-9.381219271307901508e-02
-1.000000000000000000e+00
9.255628269793675367e-01
-2.504781543792566900e-01
8.808268646302234162e-01
5.790964883484712722e-01
-2.822257734159147047e-01
3.436344306583861696e-01
3.634336439467881208e-01
7.622114016729468755e-01
-6.150494585636849532e-02
4.672815552043442788e-01
4.459404408399271214e-01
3.369965606770803368e-01
4.569442763839003940e-01
9.636409389527200720e-01
5.248966911019249393e-01
-7.327082735056817953e-01
-5.853544207535026356e-01
-7.405395446088343103e-01
6.458716893124578640e-01
-6.509720230753093251e-01
-1.885174753704066952e-01
6.893445087042431307e-01
4.307152966737341493e-01
-3.765550671814044126e-01
2.796885567204927536e-01
9.500871954140059916e-01
7.701978506072301167e-01
-9.468550040277770030e-01
-3.580840327535493861e-01
4.158783843375973288e-01
7.374047055680476026e-01
-9.756219097751195335e-01
7.557558681694909186e-02
-2.096115765654494867e-01
-9.089951983881900954e-01
8.206951925260875802e-01
3.095866696236362348e-01
8.436245704524193423e-01
3.868183043136890209e-01
-8.580875928909491579e-01
1.000000000000000000e+00
-1.000000000000000000e+00
1.108941588729462635e-01
7.463528977182742885e-01
3.481997148517992358e-01
-1.551487253324152493e-01
-2.781559922031060506e-01
-1.644001886297725146e-01
3.656528480933470271e-01
-8.567254777113875175e-01
-2.671323655375983930e-01
-4.426443102806454366e-01
2.291234462422571394e-02
1.000000000000000000e+00
-3.540525785726210684e-01
7.414208411581033609e-01
2.573868708186145549e-01
6.589077742299311036e-02
1.000000000000000000e+00
1.727636127177814840e-01
-1.277541436716352896e-01
3.498605537207390981e-01
-3.808083507117371869e-01
-2.140116651972948369e-01
2.143242655581268641e-01
-5.369457797801231447e-01
3.761716784337724717e-01
-1.000000000000000000e+00
-8.155539037436350114e-01
-4.371356082578623514e-01
-7.826961375429657419e-01
4.815352174706884480e-01
7.127482588567607413e-01
3.397598373937868454e-01
-4.456527876256700105e-01
-9.419780194983377042e-01
3.075217429567890237e-01
-3.841855756573214764e-02
9.191545037203185942e-01
1.091655222235015793e-01
5.104802970891230141e-01
-9.970991756278635432e-01
-5.128618110202154412e-03
3.350663211880481884e-01
-1.000000000000000000e+00
3.284922082193663662e-01
3.849112843626777414e-01
-6.630351887661480870e-01
-2.237946997241194169e-02
-6.495195025193697402e-01
8.706793172987685736e-01
-8.645918123967930580e-01
3.167617030183369486e-01
-3.180171865491635552e-01
-9.111534811010667534e-01
-3.241747930796334831e-02
2.886377787710305287e-01
8.749223760980819886e-01
4.834734408595478539e-02
3.514870546702953957e-01
-9.980266535012008444e-02
2.279031195936634668e-01
1.000000000000000000e+00
3.928128335775736280e-01
5.535887889521053928e-01
4.958992472474746394e-01
9.926805584139910543e-01
-4.262384873137985419e-01
3.366338469151662904e-01
2.940337394244941227e-01
-7.105039739270344601e-01
2.197347282811940028e-01
1.000000000000000000e+00
-2.245525882851128752e-01
1.000000000000000000e+00
-9.066494347896746353e-01
-7.650582208907901194e-01
-1.000000000000000000e+00
-9.188155984446752522e-02
6.647543475900321575e-01
-4.151337587628615711e-01
-5.861844587930737926e-01
7.384518116228798723e-01
7.527860229297549388e-01
-5.247637448029293661e-03
6.551974478904697419e-01
-2.902463404623751297e-01
3.619135941766252196e-01
2.201104903833389081e-01
5.238989878528684807e-01
-2.002697017736698726e-04
2.969483574771407119e-01
6.675806201809229012e-01
-5.552349303381307055e-02
-5.697604611626146953e-01
2.444904317416625172e-01
9.917265570664759444e-01
1.000000000000000000e+00
4.708268810809639882e-01
1.187089243313900200e-01
7.379222142343828672e-01
1.428829895583947351e-01
-8.638168377580803803e-01
1.000000000000000000e+00
1.049985525560217514e-01
7.399087268230415404e-01
6.145184581914323596e-01
5.348937393113424310e-01
-3.273418769985830257e-01
1.663942571068359744e-01
1.065155483911212619e-01
3.573269928369215975e-01
7.514758188544234940e-01
3.963302369955906124e-01
9.497613256174534113e-01
1.000000000000000000e+00
-1.832899868950479683e-01
1.000000000000000000e+00
-2.868849014099417172e-01
-7.347756155666280709e-01
-9.559055821266906339e-01
-1.675744994785752506e-01
1.000000000000000000e+00
-3.171270179330426542e-01
-9.013746924484806744e-01
3.026808703548188317e-01
-4.116692448947102401e-01
5.279689905520926207e-02
4.118814025036388604e-01
4.819869623059267472e-01
4.542958826691215757e-01
1.000000000000000000e+00
-4.940059723378484868e-01
-9.703053828513852341e-01
-2.449669773970271636e-01
8.845291294224996159e-01
-6.063699768476555896e-01
-3.578933551292742821e-02
3.951088622466922828e-01
1.000000000000000000e+00
6.274282878225012627e-02
-4.041858731059055909e-01
1.000000000000000000e+00
9.605134811818042406e-01
-1.128654937729512975e-01
-7.378306326822123840e-01
2.698392913551646566e-01
3.633502556345421519e-01
-3.670913217480624158e-01
-1.000000000000000000e+00
1.000000000000000000e+00
-7.619088805830260824e-01
5.624740545808103176e-02
-4.300278354970237249e-01
-2.899116817924151102e-01
3.253814631339586039e-01
-1.000000000000000000e+00
2.216868174761441046e-01
-8.436264777337295628e-01
3.904553065876039120e-01
1.617255893139641076e-01
5.756109712893031638e-03
1.867913959093169818e-01
-2.531818021067568925e-01
