-2.476318791507321482e-01
-9.646939449046401105e-01
3.344339562998073223e-01
1.849101024098029900e-01
1.346214614697802681e-01
-5.207969038223676517e-01
9.927156373393954958e-01
-3.632273156323491126e-01
3.624571611836411300e-01
-7.466621766712362440e-01
-4.242158480407016707e-01
1.100765259067770785e-04
7.386905033424167044e-01
-9.252779053784510044e-01
3.844568580852536499e-01
8.330689342687136456e-01
-7.961669971530269674e-01
3.133233290638259838e-02
-4.313637908822884892e-01
8.888022568096418663e-01
-2.032587940962016226e-01
-3.721905934447036213e-01
-6.324679637614780692e-01
-8.037252910808223572e-01
8.904551586889564163e-02
4.214290910578744054e-01
-5.002110226462463949e-01
-8.955734431052928546e-01
-2.609995507875211285e-01
-4.192476934784350462e-01
-9.696339401186018225e-01
3.537352312861297143e-01
7.792787948612158733e-01
3.847601815534695824e-01
-3.152494941373560344e-01
5.887040537498482440e-01
9.250730918903986577e-01
-4.737763679623610003e-01
6.970980379452376141e-01
-4.950402635073127833e-01
3.595630387110673176e-01
8.080423825966569495e-01
-1.849231555216901413e-01
-2.333471368605739560e-01
1.099530232027288168e-01
-8.102367628470890093e-01
3.336242884998255054e-01
3.477092540630575268e-01
4.588077315664695899e-01
1.676485114827208633e-03
-9.268908452152690991e-01
1.231112355926584634e-01
5.415550281591452464e-01
8.674624916119366702e-02
8.408809644463215438e-01
-9.125683540907507663e-01
3.726891115159041146e-01
-7.009316571889054881e-01
6.547147357193419115e-01
-2.852841728419903689e-01
8.496839573529393341e-01
-8.967452677570921793e-01
-5.130543368680413607e-01
7.369810278413146953e-02
-9.136144246034467731e-01
-9.836152011306649179e-01
-6.979439830034910308e-01
9.426552051299803558e-01
-7.683348940254790538e-01
-9.757151012732101503e-01
-9.065092368849529958e-01
9.544136410171550899e-01
6.968211390981204900e-02
-3.791616236706778498e-01
2.957992374441398287e-01
-7.185089318342952058e-01
3.047274251793052890e-02
-7.462562670784846919e-01
-7.396134510608922685e-01
8.792763104767467031e-01
-8.709933030247707375e-01
7.426651919772646604e-01
-7.682276082678822782e-01
2.378401420157050250e-01
-1.846525921633304090e-01
-5.837059180278623138e-01
-7.788087376541301676e-01
-6.025827624248647485e-01
-7.664761154408701316e-01
-2.041258042152265251e-01
-2.642840937282540104e-01
-6.287524554112100539e-02
-1.673602952355783824e-01
6.057798620118777233e-01
-7.579776369203830022e-01
-6.291709071774123085e-01
1.617633642494904489e-01
-6.248012049417603908e-01
-4.898024733443850920e-02
8.899657293312657202e-03
4.063079391490493908e-01
-8.098295752702471262e-01
-6.084202978564938746e-01
7.147530587835631000e-01
4.541666362318652617e-01
1.884870771946094425e-01
9.362024324787840968e-01
-3.876582224917484165e-01
1.675870144843116805e-02
-6.878934280214825669e-01
-2.278312738683849759e-01
-9.302761980298799305e-01
2.781643094619739021e-01
5.809077842481438214e-01
4.814138606483713279e-01
-5.141512301200019674e-01
7.251855934530915260e-01
-1.014426752732375814e-01
-7.980352870745628380e-01
-7.062257047319775438e-03
2.608150596972325097e-01
3.062215093906608399e-01
1.509511170149677728e-01
4.262956318700257263e-01
-5.381711663360988496e-03
7.054674147547679297e-01
9.946460480091818823e-01
-7.135397930168840830e-02
-3.063464705808136568e-01
7.659982046254609767e-01
8.172049846785882643e-01
-8.993717914709200567e-01
-7.975796903243470570e-01
-4.467894256107223239e-01
9.969025470397614441e-01
7.458823051153378181e-01
-3.029402401869665251e-01
3.538722578313457934e-01
1.176923889048613336e-01
-3.800470904371415770e-01
-7.389368885475762205e-01
-2.480369058572795549e-01
9.986261213572673601e-01
8.970539997092974449e-01
8.602446228518063620e-01
-4.399719670508737135e-01
-3.069128324933021457e-01
3.246800330811479007e-01
-1.697121810534150121e-01
-7.736861991021066753e-01
-2.170973127689599380e-01
2.278968751414489624e-02
5.858281697618206163e-01
4.274552607257888770e-01
-3.949530668936349631e-01
9.348261856675175174e-01
-7.496376508176381126e-01
1.788448193178444612e-01
-4.440075451362299752e-01
-6.451291397824252538e-01
6.931266782141964899e-01
-1.612414228484320144e-01
2.771942986699016398e-01
8.031838680078544623e-01
-4.268144492185110828e-02
8.001460908637456626e-01
3.478992833952432306e-02
-3.170042875571033036e-01
-9.504090680408656677e-01
-1.184674991292322677e-01
4.819535611998488900e-01
-9.356927868903621714e-01
-1.338227337953632468e-01
2.900326334314105026e-01
-7.937389884852490418e-01
-7.136328661638959847e-01
7.894657369463919938e-01
3.176255216894519062e-01
7.663443428300829030e-01
9.923454727266105557e-01
8.663739775559986533e-02
9.804000511457910960e-03
7.974607719374520176e-01
3.416242907736968260e-01
-5.347020634060406508e-02
-6.067995660676908098e-01
-3.822129812260470771e-01
-9.357248849360557674e-01
-9.996223956812504419e-01
-5.189579068144514196e-01
3.548850230948312756e-01
-1.017390645062143939e-01
9.822822272507449881e-01
3.894174409404360659e-01
4.091818978460386447e-01
-8.091823953938739322e-01
4.508187007624528952e-01
-3.977985617273516183e-02
-1.809862987959867109e-01
-5.633402021483127076e-01
-2.406828906105105137e-01
1.137670286199836678e-01
-1.067041024977946062e-01
7.213332159665304388e-01
-3.051511642313420314e-01
-6.116451279324575108e-01
-8.113454075410386768e-01
-5.447322940944983038e-01
-5.052968117191931618e-01
-1.923779345955767273e-01
-4.696741531788486412e-01
3.971516440321958274e-01
9.660131048429985157e-01
8.977292964490433125e-01
-7.804257306794457616e-01
-5.393343048584713362e-01
-8.879806074014116035e-01
7.893637427640041171e-01
-7.712287914715705295e-01
1.444890802081546521e-01
-9.197158401997918009e-01
-8.600246986284643125e-01
-4.311661376017190683e-01
-3.638222054790181126e-01
1.810181340582528442e-02
9.162159776540694800e-01
-1.557166831393455020e-01
1.479730197879347564e-02
-5.229387011013393316e-01
4.927116919201306455e-01
-5.535028534129757816e-01
8.265184466055774948e-02
4.348153052895131765e-02
3.296432521361039036e-01
-4.416801726405177320e-01
6.774769389402230946e-01
-2.157000263512323102e-01
9.687443657339787073e-01
2.434720460971837586e-01
9.579239250717248577e-01
-2.544051333934547188e-01
-2.257679512255976739e-01
-2.155793526385054726e-01
7.875660817607836872e-01
6.649486715237284962e-01
-5.247025301940904107e-01
4.382458206563479841e-01
-6.737339058731350860e-01
2.651862975006444856e-01
3.780347838140925010e-01
3.059724258829914501e-01
-6.420182253082340473e-02
-2.531891584139911444e-03
7.579918112323482671e-01
9.540098354236679068e-01
-1.458024773938662033e-01
-6.621986229131404667e-01
3.210746939462392202e-01
3.808588468785794046e-01
6.098312438999551333e-01
8.322836549905847647e-01
1.327265440826765897e-01
-9.061614012445147193e-01
-7.732300484917140615e-01
9.922433995566408704e-01
