-3.963358062085393096e-01
3.314741585528607759e-03
-3.174599350533939268e-01
1.558527900959658652e-01
-8.756382811853602455e-02
4.259055636673850787e-01
5.338849848433742107e-01
-7.813815449488912268e-01
6.720686747495888125e-02
-5.302994675354661958e-01
-7.758387629861627222e-01
-6.056702864938932063e-01
-1.000000000000000000e+00
-9.963068977881555099e-01
3.664825242749013001e-01
3.871698833759984471e-01
-8.126389437380461267e-01
-3.943507990573155153e-01
-4.215344340634591402e-01
5.611259182537613466e-01
-4.921435029098362168e-01
4.508163113848659975e-01
-5.772652678286620542e-01
-1.559240836729403057e-01
8.239703574465504499e-01
8.281297723004230615e-01
-8.228514667502757618e-01
1.000000000000000000e+00
3.383496990607370858e-01
-3.951907078396719175e-01
3.878755802568734090e-01
-4.695816841844595579e-01
7.232038719229815227e-01
-9.614836548273254513e-01
-4.165133499090818980e-01
-9.249287951839793021e-01
-3.108710841969242189e-01
-5.760248004624846097e-01
3.388673616203977668e-01
6.091397466767289881e-02
-9.399617501510111328e-01
-5.970140887135695351e-01
4.646153060365723064e-01
-6.879814476519735544e-01
-9.589096430193513321e-01
-1.701584685346653192e-01
7.791851197430861298e-01
-7.791590585183805207e-01
-2.655626749995260161e-01
8.502917541970591575e-01
9.640534604716322065e-02
-8.817186638538576648e-01
-7.621578356007259192e-01
8.471721441852642087e-01
5.650523620254823687e-01
-6.887324304400999075e-01
9.454095145420575719e-01
-7.961606373620516708e-02
6.270065398760449327e-02
4.367572992756922901e-01
4.334258879241572604e-01
-4.345267836907475978e-01
-9.101376952858717395e-01
6.030133855788784025e-01
9.530945084213973129e-01
3.147923545781499133e-01
-3.582045031071499075e-01
-6.454296237999314068e-01
7.002533628428200263e-01
-1.013416380111880066e-01
8.745571101611895326e-01
-8.854915892846457748e-01
2.614391088731049528e-02
6.426617386265198739e-01
4.909353771749098705e-01
7.758071107094949292e-01
-6.255579672987878759e-01
-2.411750644155309098e-01
5.849955239444588617e-01
-2.431799866211603600e-02
6.954357488590601211e-01
3.654713064917752829e-02
6.977072564033568458e-01
-7.648609216989071813e-02
-1.503440941326341651e-01
9.205448324627532042e-01
9.331411941375840069e-01
7.755092656177975385e-01
3.891942113028361572e-01
-9.498895349390645837e-01
-8.873610719668837410e-01
4.368057817961907840e-01
2.394209039706205466e-01
1.192724294360045789e-01
-2.099332617048370597e-01
2.029259745513321000e-01
-1.844061686700344538e-01
6.470359565181329486e-01
-1.406175415765449355e-01
-5.497769609050167094e-01
1.898710324247542269e-01
1.974177077229118393e-01
-1.752961704515156316e-01
-8.579435538328150646e-01
-1.459114375419911513e-01
-9.621379969150993805e-01
6.972692409536414004e-01
9.110236950671057876e-01
1.834240772119923868e-01
-5.832920872041134075e-01
1.810396735808990076e-01
5.450493558647342418e-01
-5.600191531340859008e-02
-3.960094766831541158e-01
-3.233500193678335854e-01
3.347094318714756156e-01
4.582703447857945367e-01
-3.300986306119842451e-01
9.549313892577129259e-01
-3.227257884781691288e-01
-4.051844327680738100e-01
-8.991482490062204791e-01
1.001016042448461402e-01
-3.415387345575413569e-01
-3.360763343354753463e-01
-6.572929133622547049e-01
3.017255081891314639e-01
-1.332875628681261804e-01
-9.907098805784068096e-01
5.293197266146563162e-01
9.790104117222238056e-01
-3.951332571896402079e-01
1.164463955351254659e-01
5.865587010314149419e-01
8.942808887929237782e-01
8.765975675476884721e-01
1.159527563370643666e-02
-8.223282444241211131e-01
1.270322171920914567e-01
5.252620839978676681e-01
-4.346083931144124612e-01
2.335511825636315542e-01
4.936261000626532836e-01
-1.121625650079006442e-01
-4.989991863550302664e-01
-6.878509432613013619e-01
3.173227982494514904e-02
-9.650680301832568198e-01
-4.206049736220027202e-01
-2.558760953300927010e-01
7.804083873229094026e-01
-5.569754176875045815e-01
-9.571195630680044975e-01
-4.071366810162944105e-01
-1.387434635853783960e-01
1.000000000000000000e+00
4.422983000164941725e-01
-6.669575105751693878e-01
2.588674897809974951e-01
3.851801567222817857e-02
-6.318668748618593289e-01
5.942235474919459193e-02
-5.494782921588649005e-01
2.450213846781172933e-01
5.417838057906063653e-01
-5.305513040346572229e-01
-9.014052097270285335e-01
-7.919602403047204531e-01
2.394655342769966833e-01
-8.474199195856875200e-01
-8.779973403762275641e-01
-6.684288430316103202e-01
-7.435376208717416890e-01
-2.252614281177409694e-01
-5.143990835697160868e-01
-9.047728025484855774e-01
5.183801115653053904e-01
3.616211029717941727e-02
-7.968908861870203919e-02
1.244244514537415081e-01
-6.311679801716966187e-01
8.186093045926254863e-01
-6.360094594891738673e-01
-4.684324323169030690e-01
-8.786840916501488241e-01
-8.463804644715678949e-01
-2.082882925560121112e-01
8.727422868902702247e-01
9.459807746157858910e-01
8.943014419294856854e-01
3.281736277120506640e-01
-7.477152396668556023e-01
-3.596198657918784347e-01
-4.372907001681328176e-01
-1.635567825900545724e-01
7.425642483411774020e-01
-5.219916114766383064e-01
-3.003675574524447001e-01
-5.795953497319319414e-01
-3.269330535517472880e-01
8.569139645605070577e-01
6.858326832247638727e-01
5.675499733080753284e-01
-7.839428610478746950e-01
4.082650943007504196e-01
-1.208224970931321973e-01
-5.882692931874579090e-01
6.098658670025172146e-01
1.081199754022450499e-01
-3.164712426369242770e-02
-6.778392592036341924e-01
-7.202630360641346652e-01
2.425750672225279736e-01
7.004734225789891466e-01
-2.459609634090083041e-01
-8.187595245870104010e-01
-5.780945171423259588e-01
-2.911344474125969750e-01
-6.697189206258582495e-01
5.040914185094192979e-01
-2.873695884624007935e-01
-5.854682788996361520e-01
-6.440967671701915975e-01
-5.716201025953593362e-01
7.206823596498528328e-01
-8.392744732409775921e-01
-2.063419623612321452e-01
3.666815574145727563e-01
-9.523117353206382862e-01
1.000000000000000000e+00
5.347300332122391087e-01
8.109249879781872394e-01
5.146999635706295262e-01
-3.229253329654260263e-01
-5.092778477736406018e-01
-5.546416010185242218e-01
1.772472265537410330e-01
7.421671191692078562e-01
-7.430835121568033497e-01
-7.592456753556445226e-02
3.241056218308573378e-01
9.624799875467275889e-01
4.946491477810086579e-01
4.087764496030833472e-01
-7.624614460228901214e-01
-7.157431238932723261e-01
-4.372000061838474672e-01
8.268668641342411529e-01
3.730353265763385329e-01
-3.076412118517546368e-01
-7.169308851200679733e-01
8.100358434228104310e-01
5.105759567243155495e-01
1.075044397883897773e-01
2.193270632616561855e-02
1.480961100801287955e-01
2.089444907812370300e-01
5.656768224581931737e-02
3.039018378728837178e-01
9.871150536422745869e-01
-8.604951417808065495e-01
-4.227002193930313734e-01
-6.538653646655803175e-01
-6.156804487512448354e-01
-4.954199909721583861e-01
