-4.931285028408984861e-01
-4.369450590683124913e-01
1.000000000000000000e+00
9.584520044726716481e-01
-2.118622302326225171e-01
-5.374662766589350937e-01
3.526061755093894412e-01
-8.178914250214468495e-01
-7.144222275010823076e-01
1.125429584401051036e-01
-4.571542134824718717e-01
7.750498030406534067e-01
2.427676710053191522e-01
3.040614179547292406e-01
-6.696418552143086345e-01
-5.872045045271606645e-01
4.299330013324822453e-01
-2.491522272608997501e-01
-4.102295697826756626e-01
5.810963422635495590e-01
6.042069809849394124e-01
9.458470645051905157e-01
-9.184851138499705581e-01
8.330451956604788544e-01
-8.026688060735187591e-02
2.325604900588769397e-01
-3.020450007295578665e-01
4.840724520350893623e-01
-9.719552655086413084e-01
1.870559486680588301e-01
-2.342950648952078080e-02
4.045339426899932089e-01
-1.000000000000000000e+00
4.298185963045120239e-01
7.105729829206226533e-01
-3.002383300996978033e-01
9.483412756804583399e-01
7.782982201756349916e-02
1.285855955269714079e-01
1.512253967079483230e-01
7.102812758488354916e-01
6.325153250726223142e-02
-6.245536952402271913e-01
3.446790039794678240e-01
-3.474964681697630953e-01
-1.560358647157240597e-01
4.648273477910866980e-01
-9.872040179700912743e-01
2.461778030960973529e-01
4.715385357355952878e-01
4.647538067411985940e-01
-8.874734972939859468e-01
-4.289912588958837425e-01
7.161584851711322308e-01
1.042054150751071939e-02
-5.664000326012517128e-01
8.165245576381381376e-01
2.133397533033185856e-01
-7.930015133013440520e-01
5.724022520364792088e-01
5.355937555357876967e-01
3.248652121661173009e-01
-5.225588398776934151e-02
-5.169019965857133414e-01
-8.069768373515520121e-01
9.260922726288255413e-01
8.251405130061127968e-01
5.597756377076974488e-01
5.549608918257657730e-02
6.641950292634852815e-01
-8.970456524085985706e-01
3.257485114467363330e-01
7.680063702079700239e-01
-7.599655266183634739e-01
2.265491019379488047e-01
-9.076112289433427849e-01
2.954694768778071134e-01
-5.438965787485576797e-01
8.437751951113198201e-01
1.767519546763727523e-01
6.913174101368414481e-01
-8.071592851033740912e-01
-3.733258961750728910e-01
2.259159016617684479e-01
5.012015092617871925e-01
-1.000000000000000000e+00
-6.995978123009568561e-01
-8.898699607888098662e-01
2.185630726190673223e-01
9.858144124058451085e-01
-5.328133358510533935e-01
4.135957111873855840e-01
-5.659264591202107786e-01
6.544338542470714559e-01
4.122777827869344991e-01
-3.133748291842574640e-01
-5.801526995365194894e-01
-6.204633513809573175e-01
-9.063093354028135540e-01
5.217894818831906312e-01
-8.675635425444039317e-01
-6.602967664916966628e-01
-1.923950460657115058e-01
-3.009129442889713069e-01
9.564243561306011721e-01
-4.960225477611966416e-01
4.290002490175851002e-01
-5.543433673278224116e-01
-3.110143961599966256e-02
9.380740474135793039e-02
3.143469463062025793e-01
-4.699857847189511384e-01
5.507352038249156978e-01
1.000000000000000000e+00
1.000000000000000000e+00
7.044057884921656187e-01
-4.366132885109991757e-01
1.636446514582602096e-01
-1.000000000000000000e+00
-3.302769682836855791e-01
5.277049093733134910e-01
8.110702032380187054e-01
-4.174292033495900778e-02
-6.078464858760328493e-01
-1.000000000000000000e+00
-2.033853050457030964e-01
9.764148481017839165e-01
-5.899769563271926032e-01
4.862089956228867749e-01
-9.004989990301914826e-01
-7.781738696811291156e-02
-4.760514119651501064e-01
-3.903104443152161096e-01
1.385337935454348246e-01
1.356845028739124548e-03
-6.644012645690597907e-01
6.342948244544635017e-01
-5.703260392304210225e-01
5.282498496850278613e-01
-6.744719450405911587e-01
8.535591139168563490e-01
4.574807127041013999e-02
-9.630682669852002054e-01
-6.488713999549514666e-01
-9.857187372993724273e-01
-1.638643828189185192e-01
9.357733515481293507e-01
3.124097852497770278e-01
-4.577377163774589697e-01
-2.464500090470993221e-01
-1.404347755871479253e-01
-4.368066045200673653e-01
4.687955012302825741e-01
1.000000000000000000e+00
-9.545833288376951442e-01
-2.092081435303644321e-02
6.979845669714772605e-01
5.993266954230664911e-01
8.971139562502237208e-01
2.636764314502739182e-01
1.665424236825820414e-01
-5.950116954804677283e-01
-3.001988011317605065e-01
4.339498776929247015e-01
-4.400057840336639714e-01
1.451169376076917317e-01
-8.038753992426685979e-01
-3.539619863529925303e-01
-1.974679420848058087e-01
5.946983607631545210e-01
-2.847021585080883321e-01
8.717205432969074019e-01
-2.444353290384891908e-01
7.088815912597830060e-01
-8.402973792614888415e-01
9.037477369313668962e-01
9.006533624899162871e-02
1.431396854586166612e-01
1.462635922793023013e-01
-4.689463742503663379e-01
-6.093266218697559466e-01
-3.492513265705211034e-01
-3.618612597347228843e-01
2.948852355582600726e-01
-9.066530101750307491e-01
1.995384690344649270e-01
-3.152912168618071664e-01
-6.825172563985621998e-01
-2.222357163387636003e-01
1.856712938132892288e-01
3.778436822551205498e-01
-4.731214826763424641e-01
-5.888357267925333760e-01
-7.192743269114616478e-01
1.669296542239556702e-01
7.033239251357051858e-01
6.265898833018148650e-01
-8.578932154332882254e-01
8.479177039064293986e-01
3.472875156850110390e-01
-1.000000000000000000e+00
-6.523013204601892934e-01
-5.186291423352721308e-01
6.400008535446782831e-01
1.688726866033839480e-01
-2.011103188902786942e-01
3.796229797716859089e-01
7.420068735837903606e-01
6.575984810941118974e-01
5.436824816147609596e-01
-2.652918155862283855e-01
3.438558567084994966e-01
6.325258843143460874e-01
7.565963799370822862e-01
9.939279453078475601e-01
-9.150031797653629395e-01
4.220089585946960042e-01
-6.548805087354255816e-01
1.425453272076091793e-01
-3.957129677599337536e-01
6.695383519739501743e-01
-1.323093584408308598e-01
-1.020723454296550425e-01
-9.166794249541067030e-01
6.775907575221229440e-01
3.985490742621635163e-01
2.384285862911730280e-01
-7.251781008806204021e-01
1.000000000000000000e+00
-7.681873416314616287e-01
-6.124569657494841057e-02
-3.325032244780480872e-01
-7.026898154406008290e-01
5.864201442411791643e-01
-8.819743190202203875e-01
-7.695678782527157757e-01
-3.630464299288255203e-02
8.803976002818747482e-01
3.593453118302762928e-01
5.063118168016078613e-03
-8.301398161603927850e-01
-1.897074273016322865e-01
7.899787406550295987e-01
-7.574447252407392472e-01
-4.171916962153605080e-01
-9.505311332846694272e-01
-5.716707464512303938e-01
1.385628895396175952e-01
-7.877707235562346755e-01
7.949369624049207328e-01
7.105873225017718120e-01
4.913793889709152651e-01
-9.083913152903968502e-01
-3.832049067939534148e-01
9.664805753303117308e-01
4.306591982661839291e-02
-6.671339993698450765e-01
1.389353534685890401e-01
7.039629332461562194e-01
-7.573633323149551178e-01
-8.950014245568459204e-02
-3.537211841289954473e-01
1.000000000000000000e+00
-4.700260410286194457e-02
-3.053002653639560471e-01
