

gen best mean std
0 93.936796 10.263852 28.371246
1 93.936796 30.99065 38.33727
2 93.936796 56.85231 36.545485
NOT IMPROVING !!!
3 93.936796 69.148695 37.512391
4 93.936796 83.25013 19.096748
5 93.939644 83.495218 18.403758
NOT IMPROVING !!!
6 93.939644 72.414657 37.424316
7 93.939644 88.122437 15.628928
8 93.939644 87.563272 15.634035
NOT IMPROVING !!!
9 94.044803 72.496537 38.128958
10 94.044803 88.658573 13.87616
11 94.044803 91.080818 3.320588
NOT IMPROVING !!!
12 94.044803 69.978723 39.428351
13 94.044803 90.07175 12.270211
14 94.044803 89.943862 8.984639
15 94.242462 91.226306 5.436879
16 94.242462 89.847165 9.544246
17 94.242462 89.801373 8.804826
NOT IMPROVING !!!
18 94.242462 71.951858 38.388281
19 94.242462 89.980966 11.091788
20 94.242462 89.033462 12.840227
NOT IMPROVING !!!
21 94.242462 71.621763 38.71534
22 94.242462 88.725898 12.834306
23 94.242462 89.926406 8.363355
NOT IMPROVING !!!
24 94.242462 73.310824 36.986262
25 94.242462 90.15356 12.267484
26 94.242462 90.334866 10.555873
NOT IMPROVING !!!
27 94.242462 75.480862 35.605009
28 94.242462 88.900087 16.575537
29 94.242462 89.253343 12.934773