1.814584896012942927e-01
7.436415419006798810e-01
-3.430710278065329799e-01
5.858674696932621995e-01
-8.505516191326090158e-01
-7.495819408753492397e-01
6.508762456899853666e-01
7.620984755859538939e-01
1.039838559786723238e-01
-2.699351089008222848e-01
9.547223705657654769e-01
9.965724072753763263e-01
-2.575117401325379141e-01
4.267049516123296027e-02
-4.973649647896936088e-01
-9.116066456832019327e-01
-4.554539407349759705e-01
-8.212083203090408956e-01
-8.110895450162690645e-01
3.428683987224683261e-01
-6.141484742273196629e-01
-1.406575584359192055e-01
-3.232415284883357609e-01
-1.572116959120856416e-01
-6.877596588496182051e-01
9.293754920943420039e-01
5.654392393645352177e-02
-8.294317461049371953e-01
7.101188211167885900e-01
7.991869094572707777e-01
-5.161097462836461425e-02
2.440915716178583272e-01
3.551784426186688215e-01
5.059135399507270758e-01
5.240912203886278764e-01
9.748598011325626533e-01
-4.358865546031634453e-01
7.732683230965397003e-01
3.818932059870463469e-01
2.889212755131369548e-01
9.319670976514874416e-01
-3.476535696425411825e-01
-8.610071481848736719e-01
-3.402821838373133456e-01
4.871412464838102974e-01
-5.559380601766745755e-01
2.094507316085705562e-01
3.189754655217742485e-01
-7.660727212418010357e-01
6.734608841901772447e-01
5.738805464362383146e-01
3.539712756774791025e-01
5.118981903672723544e-01
4.488573986294049356e-01
2.098295158400285132e-01
-4.504821256688120723e-01
-7.822711237571848830e-01
5.184041152239281525e-01
3.601684165456056630e-02
1.863242389925325038e-01
3.601801674905302786e-02
7.599390496047899735e-01
-1.647369389227045511e-01
-7.613575084796249115e-01
1.867527258037346982e-01
-3.587044148411590305e-02
-3.786119641038981909e-01
-8.031418391426045078e-01
-7.988381013903897987e-01
1.353905057688742364e-01
1.552759353663348829e-01
4.858126685943808809e-02
6.546498806981432272e-02
-6.094791132952024348e-01
-8.786912451220088016e-01
-6.107416116498655123e-01
8.727628233904751731e-01
-5.644165093929952581e-01
-6.394869283130013571e-01
9.531658822142556886e-01
6.284084746585743009e-01
7.749287972426631699e-01
-8.798495136092980839e-01
-6.460697635188622501e-02
8.806627691540666603e-02
6.723496695317706662e-01
3.269617604852255166e-01
-4.858609073739283413e-01
3.111431410931837505e-01
-6.516137967904243045e-01
-6.718762556611989067e-01
7.344015624948654342e-01
1.749245352379791285e-01
-5.368758816992729166e-01
-9.141482624012677860e-01
-6.393123047758697552e-01
8.939264896719628650e-01
5.598295228539955648e-01
-2.071266610995847746e-01
-1.172433969104877821e-01
3.914425969071738121e-01
-4.228756154302976689e-01
8.157348672184403515e-01
3.963626674653490389e-01
4.894253958800942605e-02
2.952912582743950631e-01
6.172456841388229698e-01
-9.344790465217374109e-01
-8.190741740859275311e-01
4.855252118335984246e-01
-5.578128190818352206e-01
-9.833305088864031651e-01
-7.216775211441575077e-01
-5.848309350357652203e-01
3.072119377673204754e-01
-4.728441956352633646e-01
3.101536093866588684e-01
-2.165660993718734328e-01
2.796280758714153603e-01
7.501069621909048912e-01
-8.039833604814634604e-01
1.505054198708698499e-01
-2.684618612555034201e-01
4.722289337892519034e-01
-2.108199358425835168e-01
-1.862426163168990900e-01
-3.739527650844021167e-02
3.686243151184755984e-01
8.339217811248602619e-01
-3.565591084640529207e-01
1.883342693875751372e-01
2.598974873274380037e-01
-9.230196960439605025e-01
-8.080980050759452027e-01
5.363432743221032695e-01
-2.244424443150809800e-01
-3.909457077098357214e-01
-5.853525220253663619e-02
5.341838169062008701e-01
-2.055489624148220951e-01
5.373007879160018874e-01
2.067159582970017340e-01
-2.852814997386956541e-01
3.750514199002836224e-01
-1.085866624389352358e-01
7.129866025550513076e-01
1.733375162765793398e-01
-1.088048353093401255e-01
-7.214904111728388525e-01
-5.743209417959147522e-01
-1.515712903883642548e-01
-8.758855660760942463e-01
9.235467230196097166e-01
7.146383689205040302e-01
6.126691700723201350e-01
-1.481944341576646451e-02
-5.807467776663457482e-01
6.287114356023636441e-01
5.837488518461180220e-01
9.324634969183663580e-02
1.681288843176600434e-01
-6.137736885862113967e-01
4.337778700122521536e-02
-7.698671334270514865e-01
6.521503872321881001e-01
2.872408211849599713e-01
3.777709189579665505e-01
6.023122128636083650e-01
-2.176442826037032763e-01
-3.347906633780740604e-01
1.000000000000000000e+00
4.951431540573291157e-01
7.951121545316547357e-03
1.000000000000000000e+00
7.122333027737395295e-01
8.620482465550161066e-02
2.028753789144226716e-01
-9.115409878104487884e-01
-2.301025411149708044e-01
-9.997661339988666018e-01
7.764700483401983933e-01
9.023451748913580150e-02
4.792108738011620628e-01
7.508782781954903562e-01
5.118088240880114270e-03
-7.404430254776988019e-01
9.381109403203979902e-01
-1.323176955465308335e-01
-9.594753104513786823e-01
5.023132133026017021e-01
-6.984845521391140899e-01
7.190968261590274802e-01
-9.848693655542888337e-01
-1.000000000000000000e+00
8.415259573394116011e-01
-3.615746113315116972e-01
-2.444187310946238090e-01
-7.418115638393782407e-02
-6.163711439321672980e-01
-1.504780551215054718e-01
2.161789345202058676e-02
9.590505187741813486e-01
4.819702940847429007e-01
1.061317583825136524e-01
-8.953313777877913715e-02
-5.326292070677236534e-01
-9.668382379761156220e-02
9.240168263293646600e-01
2.480214426993996302e-01
-4.723373669112953532e-01
-8.615996677864445896e-01
-6.118108051225352728e-01
4.423487866662785262e-01
8.243629874430404847e-01
1.000000000000000000e+00
-9.044618999128497538e-01
1.409816550990408424e-01
-4.145467723348481570e-01
9.725284378867252721e-01
-8.381860591339953537e-01
5.521801652887809997e-01
-4.417566309288932791e-01
1.217475481959597178e-01
3.522960268539154782e-01
-9.247474679774136952e-02
6.471611457239812015e-01
7.139978715812277110e-02
1.585481195686231359e-01
-7.318751644766607889e-02
3.880288379710977731e-01
-1.968136190242495420e-01
7.411204236565178682e-01
4.258646016792794198e-03
4.064907703550566520e-01
7.525641003121308348e-01
-1.600915280518659944e-01
-4.644945881437363422e-01
7.736572660297915682e-01
-4.755116429797192623e-01
2.571591309674348125e-01
-1.645119493669815469e-01
-5.394017717246220034e-01
7.154010885221063765e-01
-3.471628462133727888e-01
-4.672519659987023344e-01
-6.861350567241647491e-01
-7.410048781050053712e-01
7.516682193495854980e-01
-1.502635626035460081e-01
-8.871994903332782734e-01
-8.008259379073683348e-01
-1.000000000000000000e+00
9.688037758235212848e-02
9.324081861732846921e-01
8.166903389175106387e-01
-6.694736824324420965e-03
7.311969394890456553e-02
4.053498529487113977e-01
5.516913878316100917e-01
-3.348406361904407991e-01
-9.382636372003020364e-01
-8.639168104986669761e-01
8.158287305817912838e-03
2.029163302268546243e-01
3.686711125414962043e-01
