7.190899836762321140e-01
4.309135025891810411e-01
5.087022917679113743e-01
8.532525934846413307e-02
-8.234833752486272473e-01
4.141478297623728544e-01
-9.775138566112973049e-01
-4.041284371537239295e-01
-1.766077404650583382e-01
2.793629506719046418e-01
1.450976650820958724e-01
-8.638027072309699683e-01
6.521909521136048937e-01
1.000000000000000000e+00
7.513766645265540500e-01
-4.409801659785004269e-01
2.252614812315332227e-01
4.528807187966925607e-01
-1.175685035192575167e-01
-2.604144692038212749e-01
4.581421727313532699e-01
-2.710868684022087471e-01
5.394680054237310785e-01
-4.411509374793292082e-01
-2.749364816860295768e-01
6.398569803033249404e-01
-2.897819157577801175e-01
-1.000000000000000000e+00
5.014075433435434270e-01
-1.820054013154781547e-01
-1.702877643058031687e-02
9.256334668147891964e-01
-8.855798146100919421e-01
-9.950910065135496474e-01
-2.513639831690781534e-01
1.481395751345599976e-01
-8.207106512230977202e-02
-2.316245848144284913e-01
-4.752778375758099916e-01
-7.417464924072945109e-01
1.905858088333214351e-01
-4.122417737183439179e-01
-2.544542237629598969e-01
-1.317140586768941191e-01
-2.877254457277527155e-01
-3.216876821139540432e-01
4.215880092115469324e-01
-4.263975291082431340e-01
7.566637197087744404e-02
1.626067878664290145e-01
-9.885575864553606262e-01
1.912807246790280136e-01
-5.012837096384130664e-01
-4.655352476460443700e-01
-7.893871598017383473e-01
8.898003846379798354e-01
-4.654091584227599832e-01
8.536599835715397155e-01
2.079200580406448395e-01
2.341658207466044139e-01
7.460795367351757967e-01
2.513534245863302541e-01
1.319987635746464605e-01
-1.079467678917134243e-01
-8.363835999890751882e-01
9.931587082624100393e-01
7.157143207914533622e-01
6.452926470517326152e-01
-3.507583845014714541e-01
4.323372534316425320e-01
1.000000000000000000e+00
-3.109403965143828774e-01
-4.859983429436495750e-01
6.172159022934846639e-01
4.704939183170075978e-02
9.527852571283528249e-01
7.579899274571710865e-01
-8.557598711764760058e-01
2.719331913356421992e-01
7.306322381987360171e-01
-9.216053369610623935e-01
-3.116167544566235126e-01
-2.660136860616859611e-01
1.233683234388815997e-02
1.000000000000000000e+00
-5.008980480725537809e-01
-2.753501423153648098e-01
1.550510732948964243e-01
9.008413104584473974e-01
5.401043437213459697e-02
4.069737241946937978e-01
-8.120341393475880576e-01
2.082375911221148179e-01
1.000000000000000000e+00
-1.000000000000000000e+00
4.996244953268613731e-03
1.990236875464415078e-01
7.863007187755270966e-01
-3.911853639447950837e-01
-9.348489434217039928e-01
-3.755964393475403895e-01
-3.174250113569179188e-01
-2.726443496404153954e-01
-6.232081113279575035e-02
-2.164224748578087443e-01
5.530646555196434555e-01
3.099915312237468967e-01
3.655354149270566566e-01
-7.911168988386081402e-01
4.060426302790276498e-01
-1.057948095295520030e-01
5.965380026150568504e-02
9.166657802281510392e-01
7.698095644527300774e-01
-5.537689765003551701e-01
-8.412268616649429820e-01
-5.911269494749955555e-01
-8.631503005348488688e-01
-7.484149088859823884e-01
-1.037159720964602183e-01
9.014142026278457731e-01
3.166093843053277013e-01
8.033781059933582380e-01
-9.171540202245656026e-01
7.711805298612468551e-01
7.257627038121536867e-01
5.359246719704502393e-01
1.000000000000000000e+00
-8.569975389986375092e-01
6.794151772389378507e-02
3.683566937081477199e-01
-8.744039059563979421e-01
1.599257402806968376e-01
7.506363048574802299e-01
-2.632821690094728773e-01
1.607426952667987408e-01
-6.140284461837666186e-01
5.473827649022005026e-01
4.165270661597455515e-01
-2.730418823743279155e-01
1.000000000000000000e+00
-2.965831477397471438e-01
9.612696537736533653e-01
-7.459759579223550485e-01
-9.332420753584003137e-02
4.165924692656841621e-01
-4.358211257545907547e-01
-3.537478581012680756e-01
2.515163690839599120e-01
-3.693366330438492273e-01
8.410534684422530383e-01
2.063333476385211807e-01
-2.165534456397044671e-01
6.197989757886359641e-01
2.918929368828280246e-01
2.435127401513099699e-01
9.787428984918093988e-01
-9.334905687817185438e-01
3.335392722436230084e-01
-5.917400438613653613e-01
8.087855103056318384e-01
7.339183664523603046e-01
-1.848150412078304328e-01
-7.494310290460484136e-01
-6.941429724240263388e-01
-4.513240178010682335e-01
-2.642528858748069975e-01
1.479714668311691295e-01
7.081360683834019287e-01
-6.087803689645903127e-01
8.944668651053429009e-01
-4.485536661919653501e-01
-3.214988649661636444e-01
1.778367678976315869e-01
6.192515264743418957e-01
1.000000000000000000e+00
7.424001681540668418e-01
-8.343779706528109408e-02
-1.000000000000000000e+00
-6.883802525885817092e-01
3.373036771652522248e-01
-4.161613231917971056e-02
8.169406989018017651e-01
-8.886405991706445295e-01
4.155441090660296766e-01
7.775909006045493843e-01
4.647296992165834695e-01
-2.609537005746462857e-01
1.000000000000000000e+00
6.924482653140269228e-01
-8.342864522735458088e-01
1.307036955664442335e-01
4.469075160934641300e-01
1.000000000000000000e+00
9.239613559221104833e-01
8.045479270843269859e-02
1.226522602789921201e-01
-9.069024006548254135e-01
-8.459816832384006169e-01
-1.041694024460275703e-01
6.606681245554435478e-02
3.393225241334880682e-01
3.517412984293051270e-01
1.286088744483795399e-01
1.348891318232254832e-01
1.860151644208902777e-01
-6.722106354084249613e-01
-1.186966400432622609e-01
4.940606648003871282e-01
1.994310175828628573e-01
-7.571951695334446786e-01
-2.168423057399107012e-01
8.292784114506490667e-02
1.000000000000000000e+00
-8.319010932323520624e-01
4.587702292376667490e-01
-5.612253100722029986e-01
3.130341522321904435e-01
-5.479470256734304545e-01
-8.123620873442174428e-01
-4.476903370662834725e-01
-5.825170099402319224e-01
5.021698160457055415e-01
5.781965661427530545e-01
-8.713909526144063555e-01
-2.379678695382947407e-02
8.825103719244289380e-01
2.978966282604365023e-01
-5.104756580946572253e-01
5.377442641183307614e-01
7.682908778119141857e-01
1.921975421063806255e-01
1.886977432821490552e-02
9.334634092114169057e-02
2.082156678241295911e-01
-9.183048402393421128e-01
9.945413758078831545e-01
-4.247801276305125384e-01
5.774991254810242225e-01
6.137834396271060200e-01
6.896552786022436266e-01
-4.155344048483295971e-01
-2.119843977484774378e-01
5.953320558223944570e-01
-1.442660094294272444e-01
-5.582376513519440309e-01
-4.607983391684751240e-01
-4.720755311828006562e-02
7.157148557835879554e-01
7.826400828542490196e-01
-6.346064439261096535e-01
2.747223417897013409e-01
-3.052423855753561011e-01
-5.681242162744815083e-02
-1.357516834029395270e-01
-3.236392149910782834e-01
7.248602049257399926e-01
-8.192046740431215834e-01
-3.915556755766143038e-01
-1.853215502041705154e-01
-4.052841697297187018e-01
9.099361435818886790e-02
-9.259433952653695066e-02
4.365402230096875336e-01
8.339367583730952216e-01
