-2.631586360281937820e-01
-1.000000000000000000e+00
-3.921383039674418702e-01
7.430669000305882843e-01
-1.507695700494548763e-01
-3.805646843712033323e-01
-3.271918628219148695e-01
-2.382016658761496597e-01
-6.056333796875799091e-01
-2.750087548137746252e-01
-1.887590016047281938e-01
-4.964894298528965688e-01
-4.321144295847852423e-01
-4.827886950768191521e-01
-9.017305898647137719e-02
-7.448860492918951692e-01
-7.866851744873998298e-01
-8.060348084124698831e-01
-8.607583789506229044e-01
1.000000000000000000e+00
9.735627469613996610e-01
-6.270137142004623687e-01
9.615818068086953163e-01
4.344325934369634434e-01
5.945290920750334607e-01
-7.092048368108626599e-01
-9.636564328937495816e-01
3.577069756094041209e-01
4.291908284219685399e-01
-4.703679906877686889e-01
-7.857457623763629551e-01
1.000000000000000000e+00
5.757259679733073288e-01
3.616044214961100511e-01
-1.286660623255150293e-01
-5.230710207369194675e-01
6.984292185872615910e-01
5.297065006484005245e-01
-1.844010466578586416e-01
4.782977061053063084e-01
8.952752043044209795e-02
-3.968341198920287693e-01
9.219375897602298808e-01
-3.434779152984112072e-01
4.562766524849182215e-01
-8.605328765722887185e-01
-7.212026838270437779e-01
7.546695454767977651e-01
2.906213150449147298e-01
-1.000000000000000000e+00
-4.109458212716776693e-01
-1.546801665989860908e-01
-7.617228900963994853e-01
-2.483537139974185681e-01
-4.387637016466016116e-01
-6.027333382662591887e-01
-6.595700579050558510e-01
1.099448881176030290e-01
-4.770253454684652006e-01
-4.877721430476349429e-01
2.470949669887674283e-01
1.410548891088143630e-01
-3.488679397868880705e-01
7.206173866698731834e-01
-1.209082650962827188e-01
-4.638535982280672654e-01
6.087400473540117984e-02
1.193423801639408588e-01
-9.740737263970411508e-01
6.406240696188467698e-01
-6.732535889243339566e-01
-2.803990535799501527e-01
-3.956887359212464816e-01
2.114306832751006726e-01
-8.611002900814475058e-01
3.589784669679945139e-01
-2.270651093092854178e-01
5.659728573932387707e-01
7.265204918526397826e-01
-1.239125346624911500e-01
-9.298038575878520007e-01
2.674947689535314144e-01
-4.460993650487390938e-02
4.799505783271021397e-02
9.961206059424679293e-02
-4.849022212688101074e-01
-6.434891506082281998e-01
9.097610251963080819e-01
9.344129321591465587e-01
-6.830491379956721287e-01
-5.814478242862004542e-01
5.389063759431331757e-01
4.311216065110971551e-01
5.282427916769906195e-01
6.016110005038810549e-01
-7.980494773150383914e-01
1.174518966271231868e-01
7.594870288168171779e-01
5.928755157388859720e-02
-9.856233939986965842e-01
6.062601351520641169e-01
6.771519934020954201e-01
3.210367867570240730e-01
-1.261688309013177522e-01
3.236570252404463721e-01
1.820884765846146891e-01
-1.784031689191119263e-01
-7.224949034704797324e-01
9.954654795193500494e-01
1.000000000000000000e+00
-2.719962159381724143e-01
8.545922157119703599e-02
-6.200356499804762223e-01
7.531449805035986267e-02
5.154282888648946681e-01
4.787811126667690931e-01
-5.958022452791482682e-01
1.661610579686440339e-02
3.191633472958249618e-01
-8.298673975366130939e-01
-2.560253172013149947e-01
2.207368883855576752e-02
7.917598142327887389e-01
-6.242384402715761560e-01
4.468820362950520209e-01
5.811860609187652349e-01
-3.086467256001985682e-01
-1.867943612560403199e-01
5.120033724221633165e-01
9.327016174238049739e-01
-4.428122606990457788e-01
6.701378257613345157e-01
-6.936268787512827050e-01
-7.857248021964338136e-01
7.986924075538748280e-01
3.149625380810674447e-01
4.106438455872628013e-01
8.071873747972101443e-01
2.082089447933349879e-01
-4.955355698772095918e-01
-4.125996532591296173e-01
1.000000000000000000e+00
-9.533746195416790137e-01
-1.902832760964351944e-01
-7.902671149359230540e-02
9.028170197248183149e-01
2.161947818255713916e-01
-7.872025714914498984e-01
-8.484482121988023984e-01
-7.727941145140652113e-01
2.168728807253565982e-01
-6.345381961252801739e-01
2.269470846050755664e-01
-2.565802911748463755e-01
-2.771156648869901318e-01
9.269453063296857476e-01
6.258931837707710777e-01
-7.699816836119857122e-01
-4.397381727014489927e-01
3.241870823942767377e-01
2.079091054809936376e-02
-4.131550785923386870e-01
2.606121726653633508e-01
3.894505185220065169e-01
-1.241151227539168261e-01
2.971960633704646693e-01
-4.473364623900216164e-01
9.005293645202612218e-01
-4.895265953082225119e-01
-3.674157126176521015e-01
7.422202102219899178e-01
7.564154707127141997e-01
-5.972057905192112992e-01
-3.704815841426389311e-01
5.908383166717747770e-01
-1.745174665254390911e-01
1.000000000000000000e+00
-7.208011976732624504e-01
4.768117712671359754e-01
-1.000000000000000000e+00
-9.155812256342135136e-01
-5.977780601436538666e-01
-1.578618142657015055e-03
-6.776158881874621009e-01
-8.385883289952187347e-01
7.595967108990894778e-02
-3.938601674700201172e-01
-6.171562796654773697e-01
8.278198772172545850e-01
4.908442690818932141e-01
9.067702652886044934e-01
-9.996628036113032190e-01
-6.020050052869326679e-02
7.340523028202261546e-01
-5.847947369506648618e-01
-5.123365632952678883e-01
-7.352663475056542275e-01
-7.854725587380888552e-01
5.878047299093320799e-01
7.885268253840305164e-02
-8.824513552580823816e-01
8.320645170791843848e-01
-1.000000000000000000e+00
7.755551346492120524e-02
2.440554186859588692e-01
1.325767999139953468e-01
5.121261833922242657e-01
7.075571190626237517e-01
-9.336724553529899273e-01
1.000000000000000000e+00
6.365294225771014891e-02
-8.723675383253436388e-01
-3.406183470965548632e-02
7.853406844558711297e-01
-3.924167415040736850e-01
9.609079172351957521e-01
7.201655426403162641e-02
-2.442908458578075537e-01
-7.936697386358811945e-01
7.512034733080158455e-01
-2.295885061980699193e-01
-7.375457625833945485e-01
9.364392321921853890e-01
8.397406085696950129e-01
6.941927552084040665e-01
3.133226426272450738e-02
5.827631636644313717e-01
-9.649575926102094137e-01
-2.700479164501866092e-01
8.308000366289172156e-01
-2.147559516974986149e-01
1.693424576591723296e-01
5.878408328559436846e-01
4.521555587133225806e-01
-5.624634360488239837e-01
-4.841560826213457402e-01
-6.237428002719733744e-01
5.712613160589352646e-01
-7.689436535217915036e-01
-8.437770315819388411e-01
-4.408982580745413049e-01
-9.403244263166896655e-01
8.846499340982250104e-01
1.778720661347543697e-03
1.000000000000000000e+00
3.211164874736992525e-01
1.000000000000000000e+00
7.116161505325530046e-01
2.499260437576630856e-01
7.871809524750855713e-01
-9.313522150990314330e-01
2.881226652787257647e-01
4.341951638137043767e-01
5.773080340133113220e-01
-5.602978664291533573e-01
3.361140187762801101e-01
-5.139250886549244779e-01
-9.017582255314079975e-02
6.755897868289212349e-01
1.000000000000000000e+00
3.548700861454112676e-01
-1.222853043048686000e-01
3.921842218686885650e-01
-8.349886555848931025e-01
-8.043356444162029772e-01
