-6.164524088985666728e-01
-8.052380049229882486e-01
2.370744018734320668e-02
8.122579753337441089e-01
5.908766000125404982e-01
9.360143887184473044e-02
2.649345160117474451e-01
1.027481050815095553e-01
-8.366635074025567942e-01
9.526244238076371218e-01
4.191329657069031711e-01
5.397942733724279130e-01
-9.293613523062027593e-01
-9.466168387119666683e-01
6.574531418391624804e-01
1.991345449084082064e-01
3.494939177862465551e-01
7.234821670552928907e-01
-6.040061360472526175e-01
-8.977719402402040139e-01
8.229264323144378501e-01
1.061312123978321864e-01
-4.953869655205216382e-01
-8.768428545805988517e-01
-3.580217853342091971e-01
-1.989305932266123289e-01
-4.928445671030186048e-01
-7.889027362297318380e-01
-9.614704362653325731e-03
6.854407549379285536e-01
2.446163902004814261e-01
9.087849277104798063e-01
4.935876701220999474e-02
-3.906103374515942361e-01
9.784797251922328076e-01
7.065764759662068739e-01
8.825421492639519139e-01
3.963084882562430966e-01
9.417096382372349694e-01
5.786293459394089567e-01
2.022822491324386893e-02
3.931264904060638443e-01
7.417399051748341243e-02
-3.336178819405988261e-01
1.747748202387784944e-01
-8.193203875505948586e-02
5.017348352509907183e-01
-6.814355143348671540e-02
8.366184197899657615e-01
7.103395510472374497e-01
-4.000124556559183642e-01
-5.966604596503490843e-01
-5.931891734642247282e-01
-8.865755559982196887e-01
1.254784433374040997e-01
-1.242126229296161982e-01
4.578355137130840635e-01
-4.321622434689347259e-01
-8.212643220342664696e-01
-5.029312058976631583e-01
-5.701762133450520853e-01
1.844472381308188969e-01
7.989866916216403769e-02
-7.630634592450017406e-01
-7.674211677102640294e-01
-1.566639082287686335e-01
-5.571440512694375569e-01
4.957789983874940631e-01
8.866588488456479400e-01
8.358222453258785656e-01
7.290144600930388297e-01
-5.003443766759756439e-01
2.029699387403192945e-02
7.723387010879869674e-01
-1.107978051164271727e-01
-9.703518850175663069e-01
1.413960498508373131e-01
-3.196390319526778434e-01
5.554303653106495986e-02
-3.732978397862066200e-02
5.601165841043194149e-01
-6.246500838263469024e-01
9.607221945610495695e-01
5.081247750890940384e-01
-5.801893544044981477e-01
-4.914295992864021745e-01
-1.626179685168671618e-01
-3.402723787125108146e-01
-7.818550235856540631e-01
3.234817309917052963e-01
7.064185641423327278e-01
8.712860375176301186e-01
8.884606250585321829e-01
-7.172681019708251338e-01
-1.695985915877247230e-01
1.526024046274829793e-01
-9.725059113035521285e-01
1.748901816151283706e-01
1.598167667463773756e-01
7.700199585016425097e-01
-8.363958510855560302e-01
1.000000000000000000e+00
8.209574830587649252e-01
3.436130553874310323e-01
9.410096776474943248e-01
5.035172007787998005e-01
-3.017855174056413570e-01
-5.069385376516633013e-01
-4.869606529660328587e-01
8.950795361183441212e-01
-4.310649220532589143e-01
-2.899735563416483419e-01
2.257620307454129005e-01
9.532813667290915838e-01
3.968169923186843917e-01
1.480951612647000704e-01
2.330648591176784912e-01
2.584976126054137069e-01
6.362290540008368467e-01
8.190351332572940457e-01
-5.581227744086121323e-01
7.860272686721296864e-01
1.473990834770935177e-01
5.972019902827071514e-01
-7.950123323208702075e-01
1.324171354087395058e-01
-8.848502269959612754e-02
7.641760064297554722e-01
-3.551121682364692944e-01
6.234872405148408347e-01
4.483115295052506610e-01
1.804426507282355097e-01
-6.719051622073285435e-01
-9.792249890374467025e-01
-6.919091955890412926e-01
1.785118993147647437e-01
1.470717302578363750e-01
-4.030373171138652566e-01
8.207056353945700877e-01
-2.653077658929252625e-01
-1.626563636666396029e-01
7.733677210113161227e-01
9.874605190111147568e-01
-2.349169863599092078e-01
-2.257833620065263780e-02
-9.766673417421554149e-01
-9.704388061573330226e-01
7.585588314774693863e-01
-3.188596066371315874e-01
-8.256785174594654109e-01
-1.654160849736505678e-01
-6.817279678153078670e-01
-3.448756415334226777e-02
-9.436131513908960766e-01
4.243309546439879010e-01
-4.456684342827047507e-01
-5.722839040235838670e-01
3.196136675029259688e-01
-5.703592855196998324e-01
4.147936167143735364e-01
3.339753489965883726e-01
-1.957461663887216097e-01
-1.000000000000000000e+00
-4.889985692243087878e-01
-7.387079306358973474e-01
7.750090432304648225e-01
-6.181010117967615514e-03
-9.580072902569815030e-01
-4.624566518472361110e-01
-1.423274127266838107e-01
-4.172775447037144758e-01
8.506351226176507296e-01
-4.032719791651794838e-01
-8.585565001562394105e-01
-2.269669872820643253e-01
-9.545424220977862806e-01
7.015248264700191250e-01
-8.311005482555811064e-01
7.010055003602373436e-01
7.637420210131207199e-02
-1.138971377926002726e-02
-7.356979315567848676e-01
3.493548872823413198e-01
9.013373562562998487e-02
-1.626385974750970687e-01
5.634953308537312688e-01
5.581669030899139017e-01
-4.383454532844783813e-01
-2.840351777151876589e-01
6.598520215675469647e-01
-4.174907213801457573e-01
4.473780900896953128e-01
1.244224074274125069e-01
-7.634909057265877319e-01
-7.751503393126972785e-01
5.216778767440944931e-01
-9.840765014225427709e-01
-4.998627238760506852e-01
-1.414188369202848961e-01
1.088019584898081149e-01
4.818699364767631277e-01
-2.532857652745680865e-01
-5.853521056111531395e-01
-4.384564973293076928e-01
-1.100244323943457975e-01
-2.562104707478246035e-01
6.023874151048997927e-01
-4.919463802937151797e-01
-9.446747748424714208e-01
-9.946706314780439095e-01
-3.431424983812931817e-01
-5.096833507612406056e-01
6.256708837576281379e-01
-1.136124090931576180e-01
-1.629133416566281856e-01
-8.629182521933196348e-01
6.640313935624034825e-01
8.183251651950406158e-01
-7.163925663895340801e-01
8.231531707110889551e-01
4.342673246554016320e-01
5.752736048759387044e-01
3.303507929129146925e-01
9.299333938012126488e-01
8.802475363237682870e-02
2.546020343787014362e-02
-7.749582617701331611e-01
-3.633317273569902639e-02
7.308239421110874767e-01
5.736731693354263362e-01
-4.656712805924179133e-01
-2.659916586384460935e-01
-2.141302294657381200e-01
6.360159940500305087e-01
1.204999728284704141e-01
3.558809999967704751e-01
-6.530122185957352166e-01
-2.772496277375234852e-01
-2.464464247098474559e-01
1.023067373512614731e-01
-3.268836745841270375e-01
7.547562364367937926e-01
1.167223408315537503e-02
-3.403899652341046966e-02
4.125254412115695324e-01
-7.306386416379947457e-01
-5.657559709622679289e-01
7.533833812974037869e-01
5.455792175794516030e-01
-8.630921844561094680e-01
-7.247095395230138681e-01
7.431180121419690421e-01
-8.147953625916037890e-01
7.444977837671162835e-01
-7.025685206530278837e-01
1.715840479711943090e-01
7.344852073102006162e-01
9.640664769756681629e-01
3.217648215562181058e-01
2.682463452338124110e-01
3.379530864987492222e-01
7.592289750408501847e-01
-5.709336830257180084e-01
5.728581685905624887e-01
2.134300943446866272e-01
