3.152549494969387744e-01
-5.471276753840460527e-01
-4.925401598939199710e-01
-6.914272690119724896e-01
6.927273830912954455e-01
-6.161338327380069257e-01
-7.696002760235835793e-02
2.526694221957012099e-01
-4.496531320772353957e-02
7.527174552832938126e-01
-1.110684846529531589e-01
-2.460756169430946549e-01
1.394404662932647865e-01
-5.843593151507648908e-01
8.259521365886737798e-02
9.241934363673167674e-01
-8.517021767252762610e-01
-5.416890311215353249e-01
-3.143017147832640745e-01
3.999885819969355438e-01
5.220365340898786011e-03
-5.302360390502167675e-01
-4.333865651258044238e-01
-8.628648185234829571e-01
-3.963626569427449731e-01
-1.355010040763595103e-01
-8.060019239571161176e-01
-7.978842797682809129e-01
1.355264018063876974e-01
4.325730431411796695e-01
-2.873541800069050467e-01
-2.505202632204638347e-01
-8.129375774745613015e-01
-9.283625830100800114e-01
-5.544801966191093001e-01
-3.739830189031496666e-01
8.607614360722761759e-01
-1.011122144247584842e-01
6.753112529572022349e-02
1.870845193114416272e-01
7.151815878542611138e-01
5.464594560791494748e-01
2.186495784749168947e-01
-8.796985615132812963e-02
7.474440854062882611e-01
3.664953736075283741e-01
1.000000000000000000e+00
-4.060068066746183035e-01
-4.850327928530384636e-01
-1.811372279086801984e-01
-4.479604955298761571e-01
1.000000000000000000e+00
-1.784317580910024792e-01
6.584256669413666163e-01
-4.163774386807345129e-01
-2.409307654017117939e-01
-9.550400508050136406e-01
7.673449786813566487e-01
-8.489103561237086870e-01
-4.582574302096509289e-01
2.623246287305869284e-01
9.739226434965334578e-01
8.323001720441682849e-01
3.039604412708916126e-01
-5.404620946149710781e-01
6.753541163175635909e-01
7.184796567207982765e-01
-3.023330758427014153e-01
7.193002027617914629e-02
9.326126478108535123e-01
-7.319229897914025784e-01
7.805301963769628593e-01
3.572687666789940986e-01
9.283802665837368462e-01
7.984412882307734272e-01
-5.045575108707636147e-01
-2.258030142657955208e-01
8.428962900941432412e-01
-1.460572672843299946e-01
-8.817092413801129736e-01
8.285231947369631200e-02
8.075848759546357947e-01
-9.313187308624193417e-01
-2.960971673207458688e-01
8.098287882461689957e-01
2.475101961623886737e-01
-1.620943386438835065e-01
-2.361802889086178636e-02
-3.327859225466320292e-01
-2.205584445718455910e-01
-9.999066371390086250e-01
3.443435296827684899e-01
-6.258646848845090815e-01
6.460559512621111278e-01
9.051936718467918919e-01
-6.563611831483358028e-01
1.539462800624961381e-01
1.990479767178587878e-02
-2.395643253714664356e-01
1.794133178777923554e-02
5.951565417884560061e-01
4.250250116920111232e-01
-6.537981826296250798e-01
6.712012210404249002e-01
-7.632271203283554906e-01
1.585540240748189722e-01
1.497416244742315605e-01
5.178888724427557211e-01
-7.790963300121722668e-01
-4.562467822014693031e-01
4.227595698831083659e-01
8.159463159315125669e-01
7.366595848458454832e-01
-8.791572283292223844e-01
8.569580145399773308e-01
5.744931057330666668e-01
1.000000000000000000e+00
-5.604156333111022237e-01
5.911555925920088939e-01
4.930371810358489815e-01
1.788379101126256754e-01
-6.157789817208136895e-01
3.329290225478616083e-01
3.759679190010751793e-01
-6.988682913496716553e-01
1.884297827327567898e-01
-4.208035669256409150e-01
5.581822602896278074e-01
-1.189442436433321704e-02
-5.366919574275108573e-01
-2.727103411133147137e-01
2.246592691796585051e-01
8.080786459871815985e-01
-1.186429154323369595e-01
1.000000000000000000e+00
-3.636553299236704451e-01
4.602419568253297566e-01
-5.300165217743993407e-02
-1.592790971842950043e-03
3.682118815088619712e-03
-1.132705216637646117e-01
3.691070338063753287e-01
-4.970562180806872843e-02
8.580991164266357218e-01
2.433869372836112710e-01
8.696714634276516698e-01
5.573984855866078725e-01
-7.693817154517755830e-01
2.321966080246184727e-01
-3.284445484406088855e-01
1.000000000000000000e+00
-7.101577803345635598e-01
9.266455780556932531e-01
-1.923830364567643558e-01
1.721760865507702271e-02
3.517704743014544722e-01
8.515375063815179280e-01
-5.049258124567311545e-02
-3.826102612381562795e-01
-2.114031072727603489e-01
-1.192615271331343152e-02
-6.205428566865547335e-01
-4.144780497207350423e-01
-9.409553808665575003e-01
-6.677627533326562226e-01
1.000000000000000000e+00
-9.772320078701539625e-01
-2.107179196800690324e-01
-5.302541981082651290e-01
5.240891162366865252e-01
6.239695939139436875e-01
5.289044531429933915e-01
-6.159387411874439611e-01
1.930502048284408190e-01
-7.658533547304762212e-01
3.067343567095472956e-01
7.983934615558512249e-01
-1.000000000000000000e+00
-5.031641300120824889e-01
8.934412848912562932e-01
-2.836189091092598535e-01
-7.373961036533136504e-01
-8.176882947225416753e-01
1.007239509701665092e-01
-7.571054797801026748e-01
2.730383183728662400e-01
6.863729304191796832e-01
5.711094236092280063e-01
7.255159147868726066e-01
-8.596936916551913832e-01
-6.445077554381027918e-01
1.312924306770933136e-01
-5.617341186762907501e-01
-9.913527954074645709e-01
2.605759116090021754e-01
1.620471032953783030e-01
-3.248361364577223576e-01
1.091743491163434249e-01
-8.164078626424751128e-01
-6.296177251559222920e-01
8.525707098305307374e-01
-1.000000000000000000e+00
-3.950555017059950713e-01
7.260874205929209735e-01
-1.720182057352688254e-01
-3.461320980162697625e-01
-6.525863539525608159e-01
8.356925183605257157e-01
-5.083403307519364089e-01
-5.070322094794619261e-01
-2.895255892985879598e-01
2.498591283564493004e-01
1.000000000000000000e+00
-6.605639239820960684e-01
1.275083145371054827e-01
-4.768707078164680091e-01
6.919719893665733368e-01
-5.251259528718076330e-01
-8.544090231865855145e-01
6.971132641979163047e-01
-9.720485431833851830e-01
-3.901203048231318693e-01
8.734092603899873408e-01
1.284113381965847345e-01
3.818414113715384861e-01
-3.954182710140007884e-01
2.746171338026751063e-01
-6.805448275015724136e-03
-1.000000000000000000e+00
7.467379419479257541e-01
-7.047449957092151163e-01
1.288114523493040231e-01
-2.604104541416751850e-01
7.693795141723052122e-01
-5.386054613138617775e-01
-1.896141745073448570e-01
3.365739285800670166e-01
4.547327179997044944e-01
-2.259935903724690220e-01
7.487594572706840479e-01
-1.830701464198000727e-02
-1.625612923605312954e-01
-1.931458137309245426e-01
-1.312923398757217530e-01
3.017088678125080803e-02
-7.507748055280887289e-01
-4.872978145509661019e-01
3.343118830752296322e-01
7.972625327130632433e-01
-6.135163233001403871e-01
-2.426800882025016426e-01
3.593912424356540125e-01
9.504532142632055036e-01
8.183944913082162875e-01
-8.758394835353829067e-02
3.807127030421154634e-01
-8.297211925461368542e-01
-1.230892885728951391e-01
6.144748205957232257e-01
-6.686682336634233170e-01
-5.519423726514333106e-01
-8.036912785085079669e-01
3.279891976134149956e-01
-1.592878666090784545e-01
-8.652598669796234265e-01
