1.244830399922911141e-01
-3.477649761672816364e-01
-1.000000000000000000e+00
-8.147685849106862666e-01
-6.068362908837381386e-01
-1.000000000000000000e+00
-3.702854762394260923e-01
5.811775055683345848e-01
-7.297803759448119321e-01
-9.455547094308371925e-01
-9.989864805281831739e-01
-6.522118433066468324e-01
1.312102555344623611e-01
2.223448617430313634e-01
9.588421514628018283e-01
-1.032469675712812118e-01
-1.279303611905125149e-01
-5.768934215936712961e-01
7.901979542885377850e-01
-1.000000000000000000e+00
7.164841862790025107e-02
5.265221628393104147e-01
1.000000000000000000e+00
5.850407013228774433e-01
8.868835039389345587e-01
-8.864483302831815958e-01
-4.687744617176759498e-01
4.815110308297351066e-02
-7.079222698157622284e-01
1.873564829873414495e-01
-6.644949399406943069e-01
8.675326099963532878e-01
-3.778039602267586616e-01
4.359494076442174126e-01
4.906397766866451571e-01
7.979927135640997315e-01
-8.128668382818113325e-02
-1.151504336497649605e-02
4.845899703124489366e-01
1.000000000000000000e+00
-4.136011410179520065e-02
4.139818958068703925e-01
1.203313587252290706e-01
-1.000000000000000000e+00
2.352919625572008622e-01
3.961344394320004403e-01
7.195518690260862549e-01
2.550033938809456724e-01
-9.385525077535621374e-01
9.229005262428071621e-01
2.730042441073676773e-01
-3.910565563848538706e-01
-5.759077500369242930e-01
-4.545290888908835869e-02
-1.852964132679451037e-01
5.804863324071247721e-01
8.276095147395903240e-01
6.724935042150643749e-01
3.355884627175808044e-01
2.567300360047051200e-01
-1.529281943714199954e-01
3.605359676189650031e-01
4.047791133421691501e-01
5.749089447495254745e-01
4.714619258315494443e-01
-8.187580214717893323e-02
9.718498201472741682e-01
5.013024642116387097e-01
2.553246234019863614e-01
-2.061253881468662619e-01
-2.067919567215619203e-01
-6.374651960881327906e-01
-5.769605174810236159e-01
-8.182672864767135401e-01
2.759246605223766510e-02
1.000000000000000000e+00
2.890069544780500266e-01
1.011080677262146676e-01
5.168831420236534857e-01
-1.960209590474770447e-01
-7.918349030376004016e-01
6.011895366611059999e-02
-1.104024798156492126e-01
6.136468148984621784e-01
9.040549214222461938e-01
-7.508022630138351250e-01
-1.929416473103519047e-01
8.863925269560307685e-01
3.652257178417456784e-01
-3.979954255041813771e-01
-9.180120112774416974e-01
-6.679504668953537561e-01
-8.337188016929317769e-01
5.211697153056705778e-01
-3.762135838266961185e-01
-2.480573885972556514e-01
-5.254466946004235917e-01
7.091194016640298692e-01
-1.731153135963910961e-01
9.116442046444663827e-01
1.772675591268683681e-01
-3.198878821476430212e-01
7.232072630537593749e-01
8.248645848682697457e-01
-5.542874174437528723e-01
2.576013394635712217e-02
-6.811882885044879821e-01
-9.730164070658818831e-01
8.262459843568428219e-01
-4.548638326643255625e-01
1.453451339162871725e-01
-1.273412301273821601e-01
-3.787578251220276304e-02
9.797581159594406230e-01
1.271360797096447448e-01
5.397886830925076040e-01
-6.730994824258975662e-01
1.824619909720647526e-01
-2.633351445796812684e-01
6.101501308052987849e-01
1.000000000000000000e+00
-1.319469088684201985e-01
-6.502618855902131401e-01
-3.264957664932620629e-01
5.597949599155339628e-01
-1.000000000000000000e+00
5.580435015666550536e-01
-8.048138274276167570e-01
2.932694854042332544e-01
-8.616089052141056026e-01
1.000000000000000000e+00
-1.388999835947645756e-01
-8.631365130220213233e-01
-4.850829312314484110e-01
4.183094211009852903e-01
-5.137687121465295270e-01
-7.798813803374016196e-01
-2.237164208142834732e-01
-3.045491435597175167e-01
7.298935876751823093e-01
-1.000000000000000000e+00
3.029967018300590564e-01
4.646489040156098760e-01
-1.348475699904194691e-01
3.943292835596337031e-01
-3.324476016564759107e-02
-8.378676913745769506e-01
-3.785613189069978457e-01
5.003937057489504792e-01
-2.521663547855845233e-01
6.045879171432593235e-01
5.776198952054558688e-01
-1.000000000000000000e+00
-1.000000000000000000e+00
1.987922546612766461e-01
2.130908722237337127e-01
3.490517903877299322e-01
-3.603297222163959757e-01
-8.313134299112558967e-01
-1.168526972259995023e-02
7.795688287841764375e-01
1.000000000000000000e+00
4.194427469887501148e-01
-1.302871959953755265e-01
-2.432171632633221559e-01
7.041021536570786221e-01
9.829291129935334714e-01
-5.272479794171476275e-01
-1.672897610756897135e-01
9.556442311130952660e-01
-5.228170525927372525e-01
6.736012920335926468e-01
2.308124712508899390e-01
-5.782407332307915038e-01
-1.507733268745012900e-01
-3.221749178326072105e-01
3.993116634792593933e-01
3.778710333576387193e-01
-5.275350032665826472e-03
-3.516119512763679067e-01
-1.075838545415901681e-01
-8.880852924391088310e-01
-5.207462219776011203e-01
-7.855936190686662046e-01
-3.394866869790616470e-01
9.543743893113381116e-01
9.635078391791408459e-01
8.043396982630498515e-01
4.125859031367459240e-01
8.379160819750033351e-01
-3.172518143173095329e-01
4.146612484187403025e-01
7.034755877143141767e-01
-3.130715221986719587e-01
-3.000373995149956952e-01
4.435570311645192221e-01
1.565670053257881833e-01
2.623760808546276579e-01
-1.000000000000000000e+00
-8.005277642337078614e-01
-4.560042756299328426e-01
-2.993071734661629235e-01
-9.416013869960517813e-01
1.387421239041940202e-01
2.686923636243838120e-01
9.826048503567399450e-01
3.224402133197690201e-02
-6.489603478763947830e-01
-5.586152653573904781e-01
-5.740271484322655160e-02
3.541704380155082932e-01
-3.597333433963590399e-01
-5.252710378472307262e-01
3.906422405045446578e-01
-1.000000000000000000e+00
-4.338203300873982871e-01
-4.538365852919915566e-01
-1.945456836839909442e-02
1.000000000000000000e+00
-3.705465863935316628e-01
-3.950547603726068946e-01
6.731208727138673353e-01
1.154516400171026191e-01
-4.391100552826919801e-01
-6.467622224205887838e-01
-4.718870393892151127e-01
5.810843783962755804e-01
7.496064654617866641e-01
2.144393176302986925e-01
5.048166829536110400e-01
-2.718671754953984054e-01
7.572255465632893312e-01
-1.442699686400383818e-01
-4.348562074612506434e-01
5.047457891203922520e-01
-1.081428468320703440e-01
2.229944884289278839e-01
-6.576609372368820150e-01
2.638514830134059963e-01
1.782817767968896683e-01
5.943467281272791780e-01
4.822032845442026372e-01
6.948480439824173960e-01
-2.384765655376645810e-01
-4.838759102750855301e-01
-3.383245792446289979e-01
1.539897019185223481e-01
-6.631500427528029817e-01
3.623782364696764846e-01
6.077022854849397637e-01
2.094524713809922112e-01
-1.306201605357527884e-01
-7.869309948577188907e-01
1.297826384137840128e-02
-3.439769975244638123e-01
4.741656466256155000e-01
-9.573443189784578422e-01
-3.425027438088906750e-01
9.682246897124399121e-01
-1.000000000000000000e+00
-3.692393038920187553e-01
1.906836160249925360e-01
-2.366530308256271364e-01
-5.791114871588700641e-01
4.843651019093764276e-02
