4.881563587318433761e-01
6.309368528449390556e-01
-3.870711987669495091e-01
-9.008962377074709593e-01
-3.600321673891339613e-01
-2.695267303045536522e-01
1.382200291701759787e-01
8.145604663061626338e-01
8.873807105921215355e-01
-7.683704104210127284e-01
7.708059829783812100e-01
1.617551067073473292e-01
-6.301764991184759523e-01
3.825246701366987745e-01
1.836736246245891380e-01
-9.246789476359644766e-01
-4.704789005443189565e-01
-9.904115857130311174e-01
1.000000000000000000e+00
-3.758786924838775079e-01
9.330044959395837889e-01
-5.938539366783771589e-01
9.226797668078191572e-01
-7.066195713142576773e-01
-9.684106572425865700e-01
-7.356692895547384259e-01
7.516721596263276073e-01
9.980305250379973847e-01
9.421983288589571570e-01
2.184416844603138674e-01
-1.573832224251115186e-01
9.088002863801162290e-01
5.110353858562939333e-01
6.254201954280572684e-01
7.247297928280825863e-01
1.065123096189396490e-01
2.251953709998594788e-01
1.565025172780377949e-01
-7.914899066253426874e-01
-5.352095536046270752e-01
-2.314869798157717998e-02
1.536368144507197220e-01
-1.241726300769614433e-01
-8.164399560003866574e-01
-4.960167513294303498e-01
1.112564159952054155e-01
9.493579633076154600e-01
-8.145346936219040046e-01
-9.096796995015682397e-01
1.801939534716552604e-01
-6.471182536757031922e-01
3.764704114705008098e-01
2.024894275609244454e-02
4.584227732174930847e-02
-2.020950273954186804e-01
-1.422494356380049618e-01
3.785262590600497190e-01
5.833616658908088448e-01
-3.658667536747066684e-01
3.621701797686832647e-01
-8.287139766976434618e-01
3.128883244701868294e-01
1.541419055925427051e-01
-9.977330800880799266e-01
4.245014090584617872e-01
9.237638861017574698e-02
-1.401419312162416053e-01
-6.934068167054769916e-01
5.255799295058100062e-01
8.620002589147932603e-01
6.076132172474872917e-01
8.814377134132869163e-01
-6.422819586241221845e-01
-5.462740929405471846e-01
-8.894806215053492338e-01
3.076309386442845906e-01
2.041651064250400438e-01
-7.979376532367068453e-01
-4.411997581379955014e-01
-2.735584001958868416e-02
-3.153835415793698749e-01
8.815958862667152562e-01
5.582964515021373586e-01
-6.374841929912856697e-01
9.927062527527839020e-01
1.678061991063397596e-01
-9.405601473658165013e-01
-3.381178378937522155e-01
-9.992328689362228733e-01
-6.593312007805302022e-01
-4.888502890161687264e-01
4.555287342223446889e-01
1.424299837557166104e-01
6.088000348847649734e-01
9.899255275033358448e-02
1.967038396501119557e-01
3.926103334962347535e-01
-5.273310850318407850e-01
6.435045232555109962e-01
3.167849053711464524e-01
2.191615800953626292e-01
5.307403434208891185e-02
3.297584660192467987e-01
-3.389671194407118948e-01
5.029791933276028110e-02
9.778833640398585381e-01
6.300599460370595040e-01
2.586183724764379299e-01
-7.326801046315206678e-02
-5.273742946703092738e-01
-2.747533317102344164e-01
-3.210761826528762963e-01
1.496158508395525333e-01
-8.724299439599334516e-01
7.105573042562409736e-01
-7.909661837078660884e-01
2.826305143893392824e-02
5.778434393506807210e-01
-7.089299855614925594e-01
1.263628046915041270e-01
7.249137113917321074e-01
-2.903980199620738167e-01
-9.036230929915962662e-01
-1.619456605741178556e-01
8.288528344878003384e-01
-6.822335671767192355e-01
7.195424944607309303e-01
4.984567350949312692e-01
-1.996805371546099828e-01
-3.885155733658354205e-01
-1.000000000000000000e+00
-1.582319079307146492e-01
-7.305619911396843413e-01
-7.071434595432436465e-01
-3.942879827976141227e-01
6.268870719778566469e-01
5.354618448020197485e-01
-6.407957914669382138e-01
-2.675730254634771377e-02
-5.267602850342137932e-01
6.948583165365180836e-01
-1.892652471693340999e-01
-6.707295319802444311e-01
1.000000000000000000e+00
2.814640018007920630e-01
-6.506669168181504481e-02
-6.004877794413547853e-01
-7.356730682785889153e-02
3.874743993764014349e-01
2.977513051225956220e-01
-4.497079292063070333e-01
-7.053275602308490821e-01
1.172382505885066484e-01
-7.907386099495053999e-01
-2.072008027658031881e-01
1.999383595129094471e-01
-7.479017350340457781e-01
-2.143634963059746212e-01
2.822996828648899337e-02
-1.426347641480165129e-01
-5.359085382268720110e-01
-7.370934058343289186e-01
-3.917224237792765185e-01
-8.863788546668589785e-02
-1.000000000000000000e+00
6.512244423190348686e-01
-8.494806587502102824e-01
-8.363278221002417023e-01
7.159504467749622236e-01
1.000000000000000000e+00
-8.536471716497235906e-01
-8.143907576229618694e-01
4.294620066848275353e-01
-3.033508591576896118e-01
5.127579642425779127e-01
9.486127099734086299e-01
8.723808976994062991e-01
-7.113461738212534247e-01
7.833516459572239521e-01
-6.275899035328675879e-01
-3.596806689746220309e-01
-5.539932506301840087e-01
8.405111419224375879e-02
3.080232501555771329e-01
8.725862096279868307e-01
4.419272114746044533e-01
-9.383957033792955649e-02
2.150249783579185614e-01
-7.031196664239116600e-01
-3.035251431712409076e-01
7.488531989208062345e-02
5.576694587345736032e-02
2.011678615578380014e-02
4.943522218121540468e-01
3.487133980071181472e-01
9.508161542942751288e-01
-6.826694367171566302e-01
-8.956583541712747065e-01
-2.488355760064830668e-01
-1.070086485812391103e-01
-2.915171820172182127e-01
-1.732827031990242794e-01
1.000000000000000000e+00
-5.007902588762340734e-01
-6.319801161347001761e-01
-5.647154200107065147e-01
-8.821030320974246886e-01
9.028717776766830294e-01
-4.445079253908141292e-01
4.830486686399125817e-01
-5.873588440670356459e-01
6.236152975741692250e-01
9.644109447799265045e-01
1.125150536323687167e-01
7.061998770942192749e-01
9.811392353537410349e-01
-7.079046491692714271e-01
3.781720695389967357e-01
5.076707097984907158e-01
-7.195683938961319193e-01
-2.428851040105042547e-01
2.562151104795377665e-01
-2.694177806934858199e-01
7.284290668416137926e-01
-2.995167378021515101e-02
-4.904281811542494096e-01
-3.162909524146006457e-01
5.499795295242403403e-01
9.224705951962327566e-01
-5.264473466906618437e-01
7.477926487481475482e-01
-9.185658037197508285e-01
-6.154270966839094914e-01
-1.005673692108854933e-02
2.697616346825348344e-01
-4.617600825999931130e-02
-3.617088730537970087e-01
4.691462786524834283e-01
7.879573554219594378e-01
6.478857553272049374e-01
-9.173625137811712849e-01
-2.589430061749264933e-01
-3.572880881971745026e-01
8.708190173258992806e-01
-4.961877609081283835e-01
-5.603679308757770761e-01
5.308372608566398476e-01
-6.324861696614166862e-01
-1.651942992093410334e-01
2.804283048050713045e-01
-4.635223362124856195e-01
9.369020630377709047e-01
1.460651939536838917e-02
-6.148824050264309338e-02
-6.480900318902234059e-01
-3.191147021027690434e-01
-9.387575191231953831e-01
2.958697273018434659e-02
7.981357287699789582e-01
-2.549372487191951531e-01
-9.827105980743569003e-01
-1.000000000000000000e+00
3.726337653836968578e-01
4.596636541948010968e-01
4.116574600979019394e-01
