2.941779344044693767e-01
-8.342354828462398286e-01
1.664142483568859798e-01
3.034920422245048766e-01
-7.292644885403434252e-01
-1.659778806004075236e-02
8.835653119426924995e-01
5.637516004554097293e-01
1.767618181707215630e-01
-6.992286302938821585e-01
4.054516106749224136e-01
4.794878082141156295e-01
-6.220152578699917889e-01
8.829173876822873357e-01
-8.051441544322073263e-01
-4.315465965160557027e-01
2.975049898134580761e-01
-6.123910665968960165e-01
-6.478346790473656913e-01
-3.187433753484234522e-01
3.661300188476407924e-01
3.972214613111528791e-01
5.233065053236591879e-01
1.392835064039661397e-01
9.364275275939820675e-01
9.392401582805914861e-01
-7.180428254394763954e-01
6.894465219085416097e-01
-7.575828341089612117e-01
-6.938094901311380180e-01
8.745251300832022068e-01
8.123862925930047663e-01
3.495951094955431770e-01
8.829231280140092952e-02
-1.754371714490998713e-03
3.345220595863315771e-02
6.850388634588362446e-01
3.025992873483277501e-01
9.787332860526021250e-01
-5.178318792532908832e-01
-6.675111884677376040e-02
8.083526261415373559e-01
7.238419161365338139e-01
5.573311055117373680e-01
8.084304167245257577e-01
-7.104641320912443714e-01
4.608744195734768567e-01
-8.550832457305169720e-01
3.591774905563269726e-01
4.940024910728651464e-01
4.870212014070087747e-01
7.523527551871462826e-01
7.163424824560826742e-02
-1.731524708540208568e-01
1.167174086761448848e-01
-3.895198762606701948e-01
4.711305273602246074e-02
9.554808991604710755e-01
5.736719089968531637e-01
-3.274120342653910609e-01
-5.062804392274813381e-01
6.864151449869709820e-01
-2.428766695914221785e-01
-4.723408078039544322e-01
-2.876668083829428402e-01
8.381001477797127563e-01
8.418345521147839738e-01
-1.831868376043386260e-01
5.167244245263697966e-01
-4.433942139051412212e-01
-2.087766043873013899e-01
9.457169769932927128e-01
2.801090098349241497e-01
-4.070882689557304701e-01
2.643300123333772733e-01
-6.268754653939452304e-01
8.953200702065334804e-01
8.577016212099259906e-01
-2.246194510339431516e-01
3.280760822974067015e-01
8.515908162337455511e-01
-1.219021468397921554e-01
2.793891403169097565e-01
6.563612565488432526e-01
7.071309666820249085e-01
-4.250152559101343375e-01
-1.097613126398191419e-01
1.535700030203114852e-01
-4.897556245011468468e-01
-8.184548161047153769e-01
7.778253779340011942e-01
3.076615673798964723e-01
5.259658315547923735e-01
7.115622256846150240e-01
2.804724609364293020e-01
7.737227415998128022e-01
-3.121299801134256313e-01
-5.731872918353249080e-01
-9.543973820504092487e-03
-9.910986820810747666e-01
8.300322461633273530e-02
3.892957178851397249e-01
2.390526058401757914e-01
2.159530829390647888e-01
-5.364124213333840707e-01
-6.084704214652856269e-01
6.270159411008724426e-01
-4.397322053696589017e-01
-4.940835261652357646e-01
-1.351705963543463618e-01
8.078055765807041766e-01
2.538784677149743541e-01
-8.180785016431251222e-01
5.635911014155861043e-01
1.924902284602867941e-01
-7.668298109289928277e-03
4.211622339163011430e-01
-4.639993985605841420e-01
3.050238331558818849e-01
-3.925417695794239936e-01
-4.648140939995246690e-01
-6.710491548745634027e-01
-7.908342687354770195e-01
6.131663637757438501e-01
-1.213731166477051843e-01
6.940207938404914234e-01
-4.984282745949391025e-01
5.862155730236588980e-01
8.306479809435546313e-01
-8.111770719138235997e-01
-7.195135808916296449e-01
1.062402337354028392e-01
-5.085857980243531085e-01
-5.447002949541783767e-01
7.157078570833124154e-01
7.647184358409608862e-02
-4.830435651209574743e-01
9.405901025701695062e-01
9.906545035245062358e-02
-1.591503642056710799e-01
-2.919436159916158902e-01
-5.799058451420522342e-01
1.932894465211252299e-01
-7.167851261264115426e-01
-3.846993367964388066e-01
-2.545995664852578333e-01
-9.311773817108423557e-02
6.921179397201050465e-01
-6.125037532685277952e-01
-3.873665548237141820e-01
-5.796322032733189911e-01
7.644824175237928676e-01
-1.599500058965654947e-01
-3.107506795904683150e-01
-6.151558812063862014e-01
3.717847781254534634e-01
9.626891182497213650e-01
4.170665723378876866e-01
-9.673824832948550723e-02
-1.374954458801909141e-01
5.810507310985304485e-01
7.013877283315389510e-01
5.221403261507822080e-01
-4.430721462128390797e-01
2.859925379670891221e-01
-7.364662070208197742e-01
-2.322416499250123945e-01
9.295487012257414028e-02
8.683696631235052754e-01
8.934962724412567336e-01
-3.715144293923928753e-01
-6.783603420792261307e-01
-4.138366133780602141e-01
6.237577920747994220e-02
7.028238149646308663e-01
-5.751146276659011569e-01
2.197512681110127541e-01
4.737640349812467511e-01
7.705602527139829849e-01
-6.406875242994578556e-01
-2.966233495256820896e-01
-2.681511437476472581e-01
1.000000000000000000e+00
-7.206005882857952072e-02
-4.453111818637940922e-01
5.531257168462536677e-01
-4.888273409829240190e-01
-9.426501708867818241e-01
6.395459944661814333e-01
4.829873086761732326e-01
-6.477264213148407057e-01
-3.463628626451791259e-01
1.359976398706462530e-01
-2.929650246979562667e-01
6.249239902161691784e-01
-6.754509639004142585e-01
-2.687000741423047900e-01
-5.604894271763115610e-01
5.482832053008901418e-02
7.287645535394986496e-01
-5.889356890294725755e-01
6.251429110050131799e-01
7.133083158320960848e-01
2.091782837004641793e-01
-1.133589795056427485e-01
-1.000000000000000000e+00
3.059344667858150402e-01
-6.045555842113012890e-01
5.598467947985120707e-01
6.079697993703999659e-01
-8.046312167554832140e-01
-5.313489539211516677e-01
6.690742805751090927e-01
2.578227728813047293e-01
-3.763621273797095323e-01
8.718986554540508749e-03
1.401594160015290080e-01
5.106634038984456669e-01
9.404354985962177782e-01
7.069529534277915195e-01
-4.826708830966126018e-01
-5.061139043119840253e-02
-5.050730745751874640e-01
6.178272758965100420e-02
7.750007157302394312e-01
-5.795053150101647788e-03
7.267788285678647986e-01
9.090579068250770334e-01
-1.262805636350217142e-01
-7.346467453523917168e-01
-2.523923888881431932e-01
2.606753758784745023e-01
3.709972654584767771e-01
1.000000000000000000e+00
3.000124423751383551e-01
-2.681949828111081513e-01
-4.245996754313106636e-01
3.217294582292504757e-01
-8.720707759665058401e-02
-1.261577118850055745e-01
-7.981135165158408373e-01
-7.504956064142992433e-01
-7.346058833563657853e-01
5.473980730631849978e-02
8.339198469571109662e-01
-1.461914996856374938e-01
4.749620368220538458e-01
-5.555014132177362729e-01
-3.331483190698345531e-01
-6.413755777113211431e-01
2.008726822341760088e-01
-7.828572785834597703e-01
4.878534495706369767e-01
6.899273870036735090e-01
6.052497461212889007e-01
9.205907518028156877e-01
2.735935187214586506e-01
6.649824950995194550e-01
5.400052655059944806e-01
8.097730980605364337e-01
7.698998444506384153e-01
-2.066499375666139560e-01
-2.170238772202454092e-01
-1.144085006554459299e-01
-2.195546215735064699e-01
