3.460229521963165134e-01
9.560974520954095279e-01
7.278171884679851544e-01
6.398016347145993876e-01
-6.570360067852951680e-01
-9.199566082459698091e-01
5.264301163363769298e-01
-9.108155429595301555e-01
-4.727793354660683178e-01
-3.501761145698214506e-01
8.787685248457210996e-01
1.701336272065052668e-01
4.986795049474108676e-01
5.228708107265123139e-01
-5.167310165366543195e-01
-6.004560990954133093e-01
-5.923455065881657600e-01
4.558686633162545299e-01
-1.461774576359804456e-01
-8.237323212431388875e-01
6.071147500081344184e-01
-1.968577796485253550e-01
9.133353814905060819e-01
-8.055799623571511248e-01
8.999233551808027975e-02
1.048278097275712195e-01
-6.829525710805370853e-01
2.011483603801478282e-02
-9.941821265941985786e-01
-1.083408685584630327e-02
-9.520983650455574487e-01
-4.990700385121877858e-01
-6.726430910518457207e-01
-1.558341967990257704e-01
8.785029493125580125e-01
-9.008547228123386930e-03
-2.623819106621849251e+00
9.678123640538520700e-01
6.256609955695913161e-01
-4.123446392907550440e-01
-1.277065556986514139e-01
4.617973045044343472e-01
2.602578417368233143e-01
-7.988955743574412960e-01
6.602835719170063733e-01
7.799119646331460487e-01
-2.515744591553785714e-01
3.571281346835808446e-01
-9.926738444375082793e-02
6.693653223156807996e-01
-2.618307116916496202e-01
-2.119957574281647883e-01
-3.026454320747284932e-02
1.199591435985782883e-01
-9.279073490996867513e-01
8.388489583723788279e-01
7.668594600595786126e-01
-8.534664521003352267e-01
2.273561174129359319e-01
-1.407069125729045744e-01
6.927362304019928363e-01
5.857016224030748841e-01
-9.520983650455574487e-01
-2.106351919577078569e-01
7.777301883578369157e-02
1.279806255212168065e-01
3.897612886246053510e-01
6.047356991530350445e-01
8.332737124176807786e-01
2.397379869604607805e-01
7.891236655698397051e-02
-3.477552426052632484e-03
-3.896540138988811020e-01
-9.881375165704968655e-01
-9.128020352087675704e-01
9.773057463164553926e-01
1.940707628068092383e-01
1.418223326062808543e-01
-7.719269132659518640e-01
1.091083020354099986e-02
5.145366344653219404e-01
-2.732437156898366304e-01
3.028960757617114030e-01
-1.254101931474154163e-01
-6.073631528619838349e-01
-7.924729465371453951e-01
8.838146744043038350e-01
-9.491425410781537675e-01
9.549321285738192611e-01
5.147964932943336347e-01
-2.781820387922908644e-01
5.682717384339948108e-01
8.731349944209017000e-01
-4.576756868899389818e-01
-5.024128191482637451e-01
3.299551534028126731e-01
5.942203500874442268e-01
-3.692680139408455187e-01
-9.851762417217968526e-01
-9.820586167288036794e-01
-9.199634863686572128e-01
8.291000670888972746e-01
8.343948729112249385e-01
7.160681828075821098e-01
3.274253439172198910e-01
-2.137819839631356356e-01
-8.857343953629697175e-01
-2.376838021602478701e-01
-2.269875001827359462e-02
7.844643218877798141e-01
-1.359863189170027464e-01
1.391787098265973022e-02
-1.175709147062229398e-01
2.995384013037960536e-01
6.048588004038113475e-02
7.629617691890733244e-01
-6.572434944124105893e-01
-6.325024926104751977e-01
-1.496900829037706160e-01
-9.027627255499626191e-01
4.946178122054931681e-01
-7.039168628842198405e-01
4.878955257348316366e-01
-4.921369675888986883e-01
4.440197117586157649e-01
6.414508664665441451e-01
-2.833498145503272614e-01
4.851992207088695608e-01
-6.462660623616618416e-01
8.274449113569064540e-01
5.201431017021032055e-01
6.640738697327663864e-02
6.611330812857210137e-01
9.733064849167099020e-01
-1.073060657770790627e+00
-2.135089028321495164e-01
1.359694675857108237e-01
3.812232138461493225e-01
8.306345525048077771e-01
1.634252291684499259e-01
6.144539963972441843e-01
6.507135211390606688e-01
4.428445717448930008e-01
4.428445717448930008e-01
-2.285344795078390057e-01
-2.285344795078390057e-01
-3.312097547282635279e-01
2.817557562331352017e-01
6.769833258739696991e-01
-7.623805163203702939e-01
-8.632858652718324866e-01
-4.016428115202497207e-01
8.536601895253814742e-01
-4.602426865370041753e-01
-2.180574414968319275e-01
4.292487140848144644e-01
4.771432509976119007e-01
-9.233511698425971304e-01
-5.443776248820342278e-01
-4.048831913212131983e-01
-5.274853470081832807e-01
-4.789627412233803394e-01
-2.352731507500256392e-01
-2.616493315284720289e-01
-3.771626863021120268e-01
-4.002870756312253420e-01
-9.032571055840254992e-02
-7.826758673308251701e-01
-1.088808694366909524e-01
-3.695739743784276499e-02
8.431456679557023381e-01
-3.034991590517910343e-01
-2.287462549624974528e-01
-9.800486564591872618e-01
8.799521002178074536e-01
-3.362043212778627055e-01
9.666356436771934568e-01
6.101986730068102993e-01
-7.353783500399597717e-01
-4.135224007114191025e-01
7.943382455917538110e-01
6.236081584369075337e-01
-9.337497096866387292e-01
-8.147961976362827485e-02
1.748963963104834818e-01
-4.862083482329040418e-01
-8.517475371318956601e-01
-6.779496028066269719e-01
4.073914708518686645e-01
5.494045505062823409e-01
-8.955638770077531952e-01
-5.843362317897928815e-01
3.558305894205464615e-01
1.341160623880959246e-01
-2.977212793476491370e-01
8.090100143243905695e-01
4.814473779325476599e-01
-6.873962354986740131e-02
-8.326780438840510890e-01
-8.769216144688225523e-01
6.473026901921865583e-01
8.174891037463851706e-01
6.617581107885333047e-01
-9.135821945857049986e-01
-1.393023660440908529e-01
-7.076383363339266985e-01
-3.172868301863054352e-01
5.977861467355012337e-01
-6.559346838418056436e-01
-9.113294287517148540e-01
1.471074490275954272e-01
2.362709360588077789e-01
7.124095168853215032e-01
-1.418882955872957652e-01
-8.535767490881438491e-01
4.224793589311679476e-01
2.817557562331352017e-01
4.321027090003248805e-01
1.713981779480520107e-01
-4.051506208981265900e-01
-7.977984645216422699e-01
-5.808407886177193724e-01
6.098089984790631135e-01
9.765803238923271845e-01
-3.283822689235735837e-01
-9.663863613082952497e-01
-1.304153027367149775e-02
7.026145737404343450e-01
-5.708988398509617923e-01
-4.010200058821302704e-01
5.206625933176340926e-01
7.546402344086944325e-02
1.395416949224031589e+00
3.174010336637984597e-01
-7.900096724432745798e-01
1.824371620976705799e-01
6.379132945148193734e-01
-9.057569877919229295e-01
-6.904532520042967469e-01
3.276908594729526225e-01
-9.907805119870036759e-01
-6.846756779036906604e-01
4.464656220509708451e-01
-9.271666940970257897e-03
7.957981819685213676e-01
-1.283278595461838645e-01
-7.671636813997995130e-01
9.410273717199959531e-01
6.896012657403305379e-01
-5.239755510136874239e-01
3.427166321066577037e-01
2.107306861935482889e-01
2.625740036508223962e-01
-8.481323390059209988e-01
-5.158786815224003508e-01
3.889721041975824356e-02
8.045692292586275052e-01
1.863233640623482845e-01
-8.093057478325007548e-01
8.699352112537424020e-01
2.321114798924699407e-01
2.335172394078062208e-01
2.780822105497600116e-01
4.268723638896103623e-01
-1.373468362772403140e-01
