6.941788734796700000e-01
-2.045870054597662691e-01
1.000000000000000000e+00
6.191783488777852229e-01
2.585028781232009965e-01
-7.022967647292570614e-01
4.637638408334324724e-01
-3.811985732927479220e-01
-1.742113458956595640e-02
-3.211892700695220815e-01
-2.627492006682666248e-01
-4.793417574077121213e-01
4.096058220947411677e-01
-1.479568084225875713e-01
3.686939507560060836e-01
-3.936756651941394347e-01
-4.177988993898147929e-01
3.086427454919399294e-01
6.950104747676486561e-01
6.635023264340447202e-01
5.296344303449643798e-01
1.000000000000000000e+00
-3.102704088318161135e-01
-4.965706819997653398e-02
8.613089481491955635e-01
-7.661621878469642155e-01
7.785371636284748043e-01
3.404254990284554250e-01
4.625058181758532339e-01
-7.761364381835962334e-01
3.636698509566914650e-01
3.140183174811833622e-01
2.576110878703532503e-01
-8.223690139918433673e-01
6.705815489961859666e-02
-3.708294012241164506e-02
4.188810730198438970e-01
-6.485280217258688751e-01
-3.997444466148167841e-01
3.247475315990604461e-01
1.681716742724712055e-02
3.713994003085712703e-01
6.948143688792146611e-01
6.774283574392040430e-01
-2.793302530380881166e-01
-2.095643600467650969e-01
-5.389805715092202965e-01
2.521036909369958612e-01
1.809542650145393450e-01
1.000361620716221783e-01
-1.156683236805989390e+00
1.133865622800422024e+00
8.474698276203574965e-01
5.268639858371078344e-02
5.634750407186118748e-01
2.710848485619979376e-01
4.221569747215380697e-01
-1.000000000000000000e+00
-1.193211651205699386e+00
4.463362037663128890e-01
-2.792810704341650019e-01
9.298529166687592440e-01
-9.356996430508288110e-02
-1.000000000000000000e+00
1.031260878350322430e-01
4.211477379942076826e-01
-4.874313953022589296e-01
-4.743211037564316612e-01
4.540925978150091025e-01
-5.584795387486586604e-02
1.560208164899010430e-01
-4.329352931280717187e-01
1.231022410773384479e+00
-1.618105268874369673e-01
2.775907152287659940e-02
-6.718838702360281356e-01
-2.201763295454058911e-01
-1.000000000000000000e+00
2.850826481431445458e-02
8.860864890564339458e-01
2.646610239154091881e-01
9.035157219742031565e-01
-1.359469063214562290e-01
-1.134817202460251639e+00
6.135983148426471523e-02
6.853414348560995517e-01
-3.628022093472009768e-01
2.824907341355555879e-01
6.091579984652615298e-01
2.499914261028739482e-01
7.436328005617258707e-01
8.376855198163468685e-02
-9.263797987662156785e-01
9.271264851909455373e-02
5.829687697875780561e-01
-5.183802303530093969e-01
1.000000000000000000e+00
-7.206724241933815112e-01
1.072676667145353813e+00
-3.141786282104457317e-01
7.256396244902049153e-01
5.200506102909475681e-01
5.321758396822582338e-01
-2.368138847860680185e-01
-3.902104513162445443e-01
-1.000000000000000000e+00
1.000000000000000000e+00
-4.967619019979776507e-01
-4.069959371889590727e-02
7.587092551889214054e-01
6.449716711623347809e-01
5.230836399088295563e-01
4.852395916415911947e-01
-1.694580530195531065e-01
-5.493929145056856145e-01
6.054495773991654950e-01
6.385170594983546888e-01
8.586902647737530980e-01
-8.490400624004932340e-01
-6.058383854317369588e-01
-1.000000000000000000e+00
-4.702205616048119041e-01
-9.935611168612538124e-01
-8.497648136132479602e-01
5.007933936312957135e-01
-1.949943679942590657e-01
6.867269693897798399e-01
3.058634614178562527e-01
5.183074362596221674e-01
1.617230168301408422e-01
-4.773940092479311836e-01
4.897572911435519316e-01
-5.793575377013859828e-01
-1.324321630431193886e-01
-5.175857838262659660e-01
-2.112592818353993263e-01
-8.997887046468016070e-01
-1.163600116125406592e+00
-6.557567623539487522e-01
-2.448967225230922473e-01
-1.000000000000000000e+00
1.000000000000000000e+00
-1.416142889783855024e-02
-5.021773866843564083e-01
-1.088412599718470014e-01
-5.016512275672184440e-02
1.482515048225241827e+00
3.258975225203807335e-01
9.786622138894311984e-01
1.153190986491606229e-01
-1.122587383462679611e+00
5.214186108232986561e-01
-9.489751779858512926e-02
2.356665612487024442e-02
2.482699519109926589e-01
-3.011614311523846954e-01
-4.141969219727148488e-02
2.482658587653851778e-01
9.017724138624422237e-02
2.215351790241993080e-01
1.094918088141129814e-01
-7.292601220180194854e-01
8.495666361595515248e-01
1.879827913962595631e-01
8.594716901641576978e-01
-4.987733357365137232e-01
1.538293267288873001e-01
-7.704969778235476463e-01
-7.990336141136282766e-01
8.772069170548327244e-02
9.440569174898256755e-01
5.663104749554787043e-01
2.752789138899957577e-01
-8.501985658347511743e-01
9.230564590426898475e-01
-5.976638446675966998e-01
1.898811875120193227e-02
-7.847271477451239763e-01
-3.086483759983291164e-02
-9.108357590813417337e-01
-3.738930765902405695e-01
-9.633817992859898816e-01
6.101272822072351110e-02
-5.616461724566864655e-01
5.540808767279623570e-01
5.450798435240894468e-01
-4.824407270731090325e-01
-4.947854113108093865e-01
1.901461903626577299e-01
-6.709424652584554671e-01
-3.546332971294213765e-02
3.005112731137044024e-01
2.907707203500486948e-02
4.777046155022641738e-01
-5.606839061225111775e-01
2.808276080298054422e-01
1.713055269565312289e-01
6.801192593720128965e-01
3.349818662047115980e-01
-7.205348791016957799e-01
1.000000000000000000e+00
-7.524468747138245428e-01
-3.144813510821357072e-01
5.563572296044327903e-01
4.456973749617331726e-01
2.311021734907952041e-01
-8.432194344635116634e-01
1.278001847293703808e+00
-1.035202289339834381e-02
4.736092492920168651e-02
9.765627588931694580e-01
8.159389514300497970e-01
-7.391629078087443849e-01
-3.521871007772383599e-01
4.704225925163841859e-01
-7.909248077432000645e-01
-5.897555719436724520e-01
-5.679772631989390419e-01
3.473432291429682239e-01
7.386432436503082011e-01
-3.147633548123005554e-01
1.000000000000000000e+00
7.970085653104853618e-01
1.000000000000000000e+00
-1.451662319717167138e-01
-6.624283976408310570e-01
8.296863943008823128e-01
8.958754970856699362e-01
4.843517522189971780e-01
-1.105436899697279207e+00
8.505975172507171944e-01
-2.503984914099102177e-01
1.441506343312223548e-01
-1.623919045981148113e-01
7.045500624075882179e-01
4.925345934303143602e-01
-1.775285118690056452e-02
-8.959454321540850641e-01
-6.678377961426948950e-01
-4.373625972120046002e-01
1.765256479961439529e-01
-3.933079395076602980e-01
1.082074947424692235e+00
8.223227287217851345e-01
-1.000000000000000000e+00
-7.252861202562972398e-01
1.007869566139038220e+00
-5.441771929801094698e-01
8.658469521319769324e-01
1.000000000000000000e+00
-4.404037191733325418e-01
-2.255447630488697508e-01
9.227661689159840641e-01
1.000000000000000000e+00
6.028463274350646106e-01
-5.126146253909253936e-01
6.674102191504928394e-02
-1.374234907098200731e+00
-4.910288074933387703e-01
-8.324675011570075167e-01
1.000000000000000000e+00
-7.503516468041205867e-01
-5.374310044139567477e-01
-2.953873535065163480e-01
1.251090594439453196e-01
