-8.436475429132307413e-01
2.193522285553639595e-02
4.773362512398779955e-01
-8.129011173815884339e-01
7.558408710003697850e-01
-1.415681500676690685e-01
6.251282543264641278e-02
4.049273612941737266e-01
-8.160187609149571752e-01
-7.521894658961404412e-01
-7.835557478132468834e-01
-5.021007772858292473e-01
5.653040708966562411e-01
-8.097623691307085370e-01
-3.318498110497046238e-01
4.666415207051548553e-01
-1.000000000000000000e+00
-2.382485422362092820e-01
-1.117797209133943037e-02
-7.579877646707666727e-02
5.199361760893056461e-01
5.395064492976451298e-01
3.243282705749657435e-02
-2.495811191584171584e-01
1.000000000000000000e+00
1.349030708049824834e-01
5.215135876196527742e-02
7.418948957518637366e-01
9.904223532241140937e-01
-1.000000000000000000e+00
4.105338824619790272e-01
-8.754815043663192187e-01
7.627602363395411533e-01
2.783354690708839119e-04
-7.503345244353222254e-01
4.651430719932734270e-01
-4.006307919984924970e-02
-6.706715381719727809e-01
-9.709941178942416151e-02
-8.813365570843476604e-01
5.000639965980870905e-01
6.049197929999361456e-01
-7.495022264212365393e-01
3.772368770105338776e-02
-6.554820820389678504e-01
-1.440285897961806616e-01
5.896968954457886269e-01
9.061094513568749287e-01
-1.000000000000000000e+00
-1.000000000000000000e+00
-1.000000000000000000e+00
-1.000000000000000000e+00
6.879361724194721361e-01
7.935992783570318121e-01
-6.388621058282488718e-01
4.903417706475007853e-01
-9.470918224887213688e-01
2.243372272407125056e-01
-8.259207939842553303e-01
-3.506012088066818855e-01
-1.796891218225419307e-01
7.908496412807243248e-01
8.051189706524913836e-01
8.421384140804355489e-02
-4.919768589837181794e-01
-1.622804456507631055e-01
-1.000000000000000000e+00
4.676231994988022667e-01
-6.480314161411027118e-01
1.000000000000000000e+00
1.161907325861533946e-01
9.616534617148703168e-01
-3.879935996048845537e-01
5.533349614587593779e-01
3.047168200861683496e-01
-7.297394349011574466e-01
5.140236336674858242e-01
3.684577220760826277e-02
2.040783685333734943e-01
3.669124556289118377e-01
4.796505707009618980e-01
-1.000000000000000000e+00
-5.427966984287742047e-01
8.319420034512584605e-01
4.186007097563750889e-01
6.163988643309943338e-01
5.409240401301633472e-03
5.791007768278407797e-01
8.685441136347068491e-01
7.681613948640937384e-01
2.422056440063257154e-01
4.299767226448128477e-01
3.206370761422755455e-01
-3.987051230730831453e-01
-4.219821569346411394e-01
7.827228742165055486e-01
9.867436109675393752e-01
-4.125267811317296918e-01
-2.632031314530235838e-02
-2.932189135725492557e-01
8.958133490630824092e-01
3.589156234940293899e-01
2.738634424834345271e-01
-6.201852238344301993e-01
4.965300230105857415e-01
1.638921740844430097e-01
-4.640486763068349951e-01
9.575925162282794556e-01
-7.232537308994595460e-01
-5.411800752005535564e-01
4.649636674463536457e-01
7.371298836330912874e-01
-4.005870274659913965e-01
9.753272767814595845e-01
2.378927218370811836e-01
7.201704637245120999e-01
1.000000000000000000e+00
-9.632302392603959706e-01
1.106055145215082414e-01
-3.831760902840959937e-01
4.237262806009052252e-01
-7.513796851422411827e-01
-5.018533261400637269e-01
3.753596997296164695e-01
-3.390997857636097734e-01
-3.894814650617755003e-01
7.517492685534328256e-01
2.968849022975561525e-03
9.891943941813282626e-01
-5.467745526454006466e-01
-5.417828722740366532e-01
-4.637961007245633982e-01
3.766573288853279911e-01
-3.761231909846993182e-03
5.997212709089957405e-01
-8.479575375470818077e-01
4.654212069987173628e-02
1.000000000000000000e+00
-3.843004540419319159e-01
-7.715865134217467780e-01
-8.355706132371258921e-01
2.809201099343494601e-02
-8.453242250546835201e-01
-1.694072181669429300e-01
-9.944456744854821562e-01
7.485382961218420839e-01
-5.996704805414652117e-01
1.221059793256629722e-01
5.016612027523296991e-02
-3.874439249547548259e-01
4.605238798438393566e-01
7.127241873472809353e-01
1.717401585353136584e-01
1.000000000000000000e+00
8.091622165358428598e-01
6.006156593307701019e-01
9.376570424327321795e-01
-7.347956571896067102e-01
2.576866507092381853e-01
-4.643920357793762665e-01
1.000000000000000000e+00
-7.379951246589425695e-01
2.068046535199111746e-01
4.459004725884491149e-01
1.821248432589888666e-01
9.058775782193075887e-01
5.770455149758553226e-01
-1.757085284914257639e-01
-7.949351482678893577e-01
-4.285580857439696967e-01
-4.043402716456946377e-01
1.918900026269030890e-01
-2.688954583513736285e-01
-3.164577138132664280e-01
2.692124637398016218e-01
-8.251450363779271324e-01
3.563986754311952998e-01
7.835670170527073708e-01
-3.220637654033680075e-01
-9.687722656624908613e-01
3.083508282640455844e-01
-3.985791820243856920e-01
4.011500266226133982e-02
2.444536567017714934e-01
-1.287376770229963219e-01
-5.543377624373374557e-04
-3.910392019122664320e-01
-2.758582587661736474e-01
6.645253394984174111e-01
-3.533630503642749554e-01
9.266393501921629250e-01
3.628850588847646885e-01
-2.823986439671368753e-01
-4.241081024565881430e-01
-7.303971584774294756e-01
-9.041297264713041848e-01
-3.093227755181864325e-01
-8.922770095033532023e-01
1.000000000000000000e+00
1.432484242275283981e-01
9.466411815239288430e-01
-8.416609975779817954e-02
3.968622458872413938e-01
6.048783759415273797e-01
3.734679860966334530e-01
-3.811823474995472139e-01
-1.000000000000000000e+00
6.942521853957080991e-01
1.791548665793137041e-01
-3.437884754170419388e-01
-3.768584711518513375e-01
4.803594913062825822e-01
-3.143905750620464290e-01
-7.049971563115325912e-01
6.232309254276356958e-01
-1.000000000000000000e+00
-2.595800409752674343e-02
4.307432211028024982e-01
6.360662399578277393e-01
9.891525161108803976e-01
6.288086448258078942e-01
8.042978440324647371e-01
-5.102948462577963085e-01
-4.062696149615707686e-02
-1.617463647990041720e-01
-2.603435111019261061e-01
1.000000000000000000e+00
4.491982801278332493e-02
-4.687604358652857073e-01
-2.520191546892511791e-01
1.865377625904475201e-01
-8.489947089663583135e-01
5.987186174783113435e-01
-9.831565369344041905e-03
2.180197677261037567e-02
-5.219968465438022953e-01
3.376091218514141179e-01
-6.860451560558123996e-01
4.753429334900924896e-01
-4.479902867631436192e-01
6.898668876455107402e-01
-6.287022241014670332e-01
-1.000000000000000000e+00
9.818017052279077728e-01
-6.012956749458713279e-01
-3.038830652002891819e-01
7.141226672073467396e-01
2.387302182862249822e-02
1.000000000000000000e+00
4.682480089350455899e-01
6.301839420921634405e-01
-7.526350590272776753e-01
9.290693980259598916e-01
5.427880811825864793e-01
-1.000000000000000000e+00
-7.494298684327899140e-02
7.135115163897187696e-01
4.420517858042736781e-01
-2.090956683412636963e-03
9.488393391302371027e-01
9.136040073465550027e-01
7.374415155730137394e-01
-2.886577075632994482e-01
-1.000000000000000000e+00
8.358993892833226358e-01
