5.666340511701939420e-01
-5.394871814788484432e-01
1.982793659294859179e-01
-8.057658860636993658e-01
-1.747471412707892746e-01
3.233162942813139207e-01
8.469078382039054720e-01
7.270449488021255569e-01
5.269723654710400940e-01
-5.030228965357466109e-01
-1.437540765790576991e-01
-5.841457399547951290e-01
-6.815729800830891971e-01
-4.601200982101536496e-01
-2.082538263463351580e-01
6.111695758490196528e-01
-3.785007785556833149e-01
-7.067500852635038022e-01
-4.804323242766277424e-01
-9.760366612782991336e-01
-9.453530517830111002e-02
4.634180579147200163e-01
2.981129508792341731e-01
7.184347614074124699e-01
-4.300546263243065770e-01
-1.095749054019372615e-01
4.886898950719649193e-01
8.293399145146096441e-01
7.368433060015910918e-02
5.674399146801072380e-01
1.751820795057148494e-01
6.139067734180936320e-02
7.970050251482170278e-01
-8.591810823300165545e-01
4.361637161353573156e-01
9.748722212795495334e-01
6.371441694736350581e-01
-6.579959617523656323e-01
5.388179420479770609e-01
4.668494371532381226e-01
-4.651925919250450292e-01
7.106780337666052105e-02
-5.687703231438745455e-01
-7.529091048367415606e-01
5.440373379973029166e-01
-7.378032930279820878e-01
-8.481289862901413290e-01
8.898136566958203542e-01
7.200643797721755224e-01
1.715002207195137629e-01
4.232621615458971309e-01
-5.163581326211710287e-01
-3.160449155678390909e-01
6.674458028965024603e-02
-3.330020754919040815e-01
7.022236623062978467e-01
-8.446466006672004312e-02
3.855982429965494340e-01
-9.007125831912636826e-01
-6.189015991776145587e-01
1.130600528287821760e-01
-7.018881859639751752e-01
8.498192031509734790e-01
-8.932125151190930534e-01
-8.456696085218398107e-01
-4.239753496866722760e-01
2.142532108174584060e-01
6.496468794379697265e-01
-7.384597054025645591e-01
-9.531574675908927041e-02
8.335323227588729011e-01
5.527698956514210948e-01
-5.444417670709249535e-01
-4.145653813375431707e-01
-4.590698953916931835e-01
8.907594450956184406e-01
2.072676216985813724e-02
-8.355331512075210298e-01
-8.284717711429667730e-01
8.054940565052222112e-01
-1.159610434540709889e-01
-4.845999967769449857e-01
8.454776646422377251e-01
-7.655497644009441327e-01
8.081935216269402478e-01
7.809788517186617707e-01
-2.112142088076649493e-01
-3.248608989226360322e-01
1.819210821615779849e-01
6.359886786641693046e-01
4.640122398006396587e-01
9.791595025648434092e-01
-8.931072027077155973e-01
8.642969922691627893e-01
9.253194929232366750e-01
-8.186243448528938149e-01
-8.523751835915556185e-01
-3.320713874482763561e-01
-7.920477666135077310e-01
5.426100193407685790e-01
8.731260084136143185e-01
9.421525494357834152e-01
6.110441258554735189e-01
-5.691946759128647670e-01
5.386532822095519979e-01
4.258589379026944677e-01
-3.598532677470966945e-01
3.056870569957061967e-01
2.202083001241685878e-01
-5.435183597334858341e-01
-5.936170282813799659e-01
-6.582620461268879897e-01
4.182092753652788542e-01
8.524763281216285460e-01
-4.671675254306608682e-01
5.623553544108861324e-02
-1.700287581444368534e-01
7.025148939652710034e-01
-7.155128466756000005e-01
7.209195070852696396e-01
-1.518747512612133033e-01
3.258203699361628125e-01
1.822894726119637099e-01
-1.224040110024346983e-01
-9.206583299857438174e-01
-7.998328185882241925e-02
-1.800112947133847285e-02
2.108470219181834970e-01
4.792306667350496596e-01
7.956706868631842067e-01
-9.574940353448826436e-01
-6.051094852545018110e-01
-2.867500283208364031e-01
-1.615334774051060407e-01
-5.523455388045097614e-01
5.452912240949479017e-01
-1.232968403326342166e-01
2.332553997409156921e-01
7.389795033036912209e-01
-1.634780040755112740e-01
6.922137855693806241e-01
5.725950680638376422e-01
-7.997002759887348322e-01
5.163250347482772895e-01
4.456690774580471803e-01
-3.028595958096083063e-01
9.574926667748018261e-02
-6.135358524216527609e-01
2.708722338008542341e-01
4.226023069627622419e-01
-1.718756249755275523e-01
-3.694741879160385878e-01
-9.418530952427892622e-01
-7.510810536387941827e-01
5.309233243215663034e-01
-4.663981591035746277e-01
-5.431062263817987290e-01
7.894725245351759124e-01
9.490652072479588419e-01
-8.638795155130774006e-02
3.529665460319295622e-01
9.154443502186522252e-01
8.987202977359132205e-02
-9.232531741748228882e-02
2.640033695346193365e-01
-4.926458882066497846e-01
-6.688258492846517189e-01
5.402345560031962535e-01
-6.557737469851951939e-01
-6.288234784724571202e-01
-8.576879031467845582e-01
-1.429214452362392862e-02
2.431196538654187833e-01
-6.313460241794774941e-01
-3.848510950263006603e-01
-8.845097976440241538e-01
9.944353583055973722e-01
7.986519744443458801e-01
-1.574879896708691884e-01
-8.848289005866054602e-01
8.007500032071457330e-01
5.348764324384920332e-01
8.466251869857832624e-02
-7.730951706479431973e-01
2.878517838449883293e-01
6.192778321258063379e-02
-8.706024247387706971e-01
8.794462464973664684e-01
8.436023939084451584e-01
6.357570979018745128e-02
-7.796930124270524676e-01
-8.675565038041372912e-01
5.590467835218155823e-01
5.039734003622748926e-01
2.960671364200304634e-01
7.130065773203322355e-01
9.417153878025474878e-01
3.688477432733034966e-01
4.678263118600505255e-01
-5.154329775970416527e-01
-3.778053690322900060e-01
7.955678914594777051e-01
-5.871085666554640703e-01
-8.624379432666844369e-01
-4.148351061272708140e-01
-1.934215977644897499e-01
5.370658505363896662e-01
2.363516384000534654e-01
9.577000435305458304e-01
-5.817153566640735907e-01
7.024458586297810392e-02
1.665663713785388023e-01
4.092731175107011676e-01
7.541283091872268418e-01
7.278520735980706924e-01
2.225260809443267984e-01
3.353056645706773420e-01
7.632636281725577732e-01
1.756727345352426806e+00
6.034223749934695125e-01
-4.977266402129738587e-01
2.037650526711634047e-01
-1.912791656538799234e-01
-3.997157824927841663e-01
4.458615798951259812e-01
-9.291332526509941125e-01
-3.485556939557254985e-01
2.033507363807585122e-03
9.101414803059419967e-01
3.002170095579008713e-01
-9.435701907044049541e-01
-4.976916329284100105e-01
1.732807372129130385e-01
-2.064323371417882136e-01
7.824387701592301347e-01
-3.392913529016294838e-01
-7.275331109738996105e-01
-7.183874673046950488e-01
2.707182278722364277e-01
-3.026771953260019021e-01
5.130186814339292578e-01
-6.604439529696437550e-01
2.561100403609348763e-01
3.260509256135735168e-01
9.914989467491541753e-01
-8.226858578152262957e-02
3.773993242326318942e-01
4.141163560376546204e-01
-1.775152540723285988e-01
3.454372218120487226e-01
5.748671757712779939e-01
2.715108490431317190e-01
8.626597759229439610e-01
3.124624421236565919e-01
8.315535977678019108e-01
-9.529287438465525728e-01
-5.059614057380301677e-01
3.469364074074361426e-01
9.020896605861632445e-01
-3.981250085627632274e-01
2.864810945255704677e-01
-2.420788278482710609e-02
8.881462771602155470e-01
4.614977742438359787e-01
-2.609697857514567954e-01
