6.963221627967177696e-01
-9.575827550116098319e-01
-1.349926429033532216e-01
-9.333443623645423237e-01
1.000000000000000000e+00
-8.091352726119169780e-01
2.019312947156772786e-01
-7.107673377417385030e-01
1.512951032990694777e-02
-3.224952748468101760e-01
-1.000000000000000000e+00
5.458269721831721100e-03
9.016841852809207580e-01
7.601995850372265107e-01
6.502322750455735711e-01
-2.421855206431018370e-01
8.231470241502295559e-01
5.068180211103594512e-01
3.846675120777707235e-01
-5.503826070462587428e-01
-8.592880228174211155e-01
-5.941238835823243747e-01
-4.467872522563940407e-01
-5.225731686772101536e-01
3.862563558937923691e-01
1.215949083427638744e-01
-3.326154471676261437e-01
9.760829839693907495e-02
-9.072493012469220464e-01
9.448243249242731512e-01
-2.208207364641656678e-01
3.074335519290105623e-02
-4.942377929453123375e-01
5.161635412186909022e-01
8.094203877606898079e-01
1.938399719000409860e-01
-7.934712276223689909e-01
2.366841362044085351e-01
-4.665966113259314429e-01
-2.626887105978490400e-01
-9.380998091325425392e-01
9.627037344129194540e-01
7.890088960619738856e-01
8.748810883725763876e-01
-6.057619447346105357e-01
9.799477021128379928e-01
-1.850943285214188272e-01
3.136969526839834543e-01
5.737290057650337172e-01
-4.049512785966635775e-02
2.762767187011447856e-01
-7.670913444324445329e-02
3.638292741677509046e-01
-5.353730477973628332e-02
-1.646948226268740711e-01
1.066692566432687617e-01
-5.926930781169923446e-01
1.067275278995190035e-01
-3.077568842452251818e-01
9.274247895767471217e-01
8.245681877832964357e-01
-2.666431063058678497e-01
-8.698104008300933110e-02
-1.000000000000000000e+00
-1.121259164117696105e-01
3.262001262399583101e-01
-2.385766890978693322e-01
8.980344943609805952e-01
-5.853402423397251475e-01
-5.775353403649348127e-01
-7.124815810365980884e-01
-7.561504542370773851e-01
-1.302000986237894509e-02
7.318414837239046733e-01
-5.379925678007357881e-01
-2.057469219288705631e-01
5.464636050050097893e-01
-1.319931113370300668e-01
4.278552980364838110e-01
-1.581365343772107579e-01
-5.521437979704004739e-01
-2.333966696109170957e-01
3.294401464523357692e-01
5.348233417872878537e-01
9.856425640114772069e-01
-1.617882669014254482e-01
-2.804023935618353836e-01
-4.574280139358446462e-01
1.168219999225856842e-01
-7.306119795784145055e-01
1.990505651073124493e-01
-8.183193528562193730e-01
6.066550587265733263e-01
-1.759438953429812713e-01
-3.244164161076978914e-03
7.132743664310399190e-01
-2.824714124727092379e-01
5.089052946809042854e-01
-4.357253049672056289e-01
2.166926117018910247e-01
-6.011378839291530163e-01
5.774197553339965872e-01
2.037813600360414146e-01
7.593233114746555934e-01
2.532257104927386759e-01
-8.624342606152652912e-01
6.115875400209118684e-01
6.759051225302881161e-01
-9.590036659446901091e-01
-7.365501996732637391e-01
-3.101920897356582607e-01
4.887532873368249930e-02
-7.886075301179240604e-02
5.315759018193073615e-01
8.623724512667223507e-01
-6.394976269067960128e-01
-3.510833961790016389e-01
-6.590760561267678952e-01
-4.436802454799748663e-01
-5.715235839492767145e-01
8.874150875058484100e-01
-3.104410330390625639e-01
3.677717158896960381e-01
-5.239914236537781544e-01
8.273261179347912719e-01
-2.820530934717604410e-01
3.389991337895503776e-02
-3.686199988196818822e-01
-7.341691505142320384e-01
-2.811825716065659009e-01
-6.892440572409850308e-01
1.808026617007938430e-01
-5.042337810839636614e-01
2.519271276225567568e-01
8.499150666836325918e-01
8.646081364243716205e-01
-6.419899765371186451e-01
5.917935422862588002e-01
-6.292498866702112004e-01
-5.421327488408897999e-01
-1.573493914650578862e-01
-4.341791218548651798e-02
8.503708154355131832e-01
2.431187912442354104e-01
-6.970092218214873903e-02
-5.071476725925214701e-01
-1.218833863310782029e-01
7.585354414431508818e-01
7.807169411618719579e-01
-3.081271374364247251e-01
-4.518061186130262197e-01
8.762727705929513888e-01
3.226362859715723452e-01
-3.988296593206428486e-01
4.978818245399632136e-01
3.646087036116285596e-02
6.594002561805178964e-01
3.695276218296994486e-01
-4.971273995342022634e-01
4.453185874538672095e-01
3.380205227920374256e-02
5.634177736524936808e-01
4.773479425881621552e-02
-5.051364384347678538e-01
-2.289100628676179472e-01
6.986967777605390673e-01
-9.244105712900594352e-01
-7.068355900390399515e-01
3.597153382453384118e-01
6.014389548564242904e-01
6.401162515338274517e-01
7.352878047500004399e-01
-9.202487186373744521e-01
6.401619420603552602e-01
-2.895037947896736963e-01
3.058737501867245800e-01
-7.002752899743120985e-01
4.163208802126820984e-01
-5.490858637911963935e-01
-9.449691684593519714e-01
-6.147138506440774641e-01
8.703652783134341320e-01
-6.885516302703489355e-01
7.075909420301396135e-01
-3.932079960133343377e-01
8.291749531661751771e-01
-3.849089537840424402e-01
-2.129700323116341387e-01
6.327737516915992178e-01
9.878638774026129443e-01
4.619282257304575534e-01
1.087442325999388171e-01
-2.486231257437307995e-01
8.771337468744089261e-01
2.246017785635352482e-01
3.589004492852103656e-01
6.219751425529123079e-01
5.127982094339940122e-01
-9.244417716955566355e-02
-7.578119349192398158e-01
-5.932524144579667258e-01
5.067508577760269084e-01
-2.008485219054085835e-01
-7.746663795744110903e-01
9.951375155433068720e-01
2.979109941832449593e-01
2.183594985863237525e-01
-2.960101556002467937e-01
6.606843426465669467e-02
-6.606739113166915089e-01
-4.167138126522547115e-01
3.640618795298695698e-01
-4.685334998230916703e-02
6.863701600482652321e-01
-6.968500718717691722e-01
1.000000000000000000e+00
-6.066435754613985765e-02
7.704987825139941737e-01
2.705463011452433619e-01
-9.457244921271450444e-01
9.616106561135253639e-01
-8.211286991313033745e-01
7.342953638182261322e-01
-6.218483706097659436e-01
-5.201027501729635905e-01
-1.186826316066516007e-01
-9.828936264957561786e-01
1.000000000000000000e+00
-8.889249823678713192e-01
7.129933800925387644e-01
-4.258314497148907307e-01
4.393370894844350616e-01
7.089514027825087883e-01
4.314604656722080822e-01
6.506355731878790127e-01
-9.947275249091047655e-02
-3.277584872400818305e-02
-1.468764075245543310e-01
5.988421948696278641e-01
5.826083542625645206e-01
-8.608937348153196112e-01
-7.333603342997772057e-01
-3.520064526794541848e-02
6.450078301866304376e-01
6.250082449418643549e-01
3.318258986414401868e-01
5.299055727525294746e-01
9.925162743368924900e-01
-4.804362115911784414e-01
-1.653619954669587333e-01
-4.365191090726694423e-01
5.388306610957971365e-02
9.432354793014388061e-01
-3.354918344713599954e-01
-8.517433938245682068e-01
-9.597394692782226233e-01
4.300125856873728836e-01
-3.487325965014431706e-01
-3.294597730083135279e-01
-9.521899615035787079e-01
8.540931034548802092e-01
6.623950818540236263e-01
8.288760210052434907e-01
9.443456069482778492e-01
-8.900827392611656563e-01
