-7.436678601542325850e-01
-8.612453957531222004e-01
4.357249586873801483e-01
-7.515767905492394263e-01
5.580691093748704201e-01
-5.709267047096757697e-01
-4.225437688952900506e-01
4.659349814754514263e-01
-8.802473946835909224e-01
-8.438040750928355038e-01
7.420224929703403971e-01
-9.757816455568816272e-01
-7.990895253300254186e-01
-9.829476218135381194e-01
-7.030803065795417917e-01
-7.426719056980400913e-01
9.312924454592446111e-01
-1.036859017337340705e-01
5.319020101129776634e-01
-2.066628995781571998e-01
-6.908365470223314375e-01
8.539526568902668924e-01
9.701748663883884571e-01
3.736212639414001058e-01
-4.228161296521996126e-01
9.581231144404563915e-01
7.042653881787047654e-01
8.344039162185058478e-01
-7.117875637907604691e-01
-9.381928324964752264e-01
3.952050680933458238e-01
8.140785390041836989e-01
6.773073406120664330e-01
3.148787018359757717e-01
-1.166550409634144470e-01
-8.596262872355189266e-01
-1.475220875822960687e-01
8.615106468865189882e-02
3.773860600585905445e-01
-3.595663267026751875e-01
6.884006499232517839e-01
5.154712472707708715e-01
7.206938793465076376e-01
2.424511028265769752e-01
-7.661768574014273803e-01
-8.760564417933747183e-01
-8.576128829887903482e-01
-1.714092082544790840e-02
4.646241930250517571e-01
-7.645931396590810447e-01
-4.618881390652784802e-01
2.054124458704218448e-01
-7.017615043805254249e-01
-7.093888576364437704e-02
7.033276227890519205e-01
-9.167949564918250749e-01
-9.401966122686462590e-01
-3.392944255870348202e-01
2.803658695064365491e-01
-2.753189199269245879e-01
-3.335411004179977823e-01
5.924272067665030672e-01
-9.516559951515179971e-01
4.061441027219547806e-02
-4.805770811741607584e-01
6.470645489074353662e-01
-6.788894393905577918e-01
-3.839403754246010214e-01
3.246597000402203781e-01
-7.150620235953945025e-01
7.924537195502385778e-01
-9.601977295504413590e-01
6.858110418945775333e-01
-1.959737518529637290e-01
-5.342170780379186246e-01
1.697180315588457111e-01
-7.366590624289045541e-01
-5.285881607234325097e-01
-6.609625763161666168e-01
-7.941422796229855585e-01
8.065606439691811458e-01
-4.575901644778657684e-01
-3.159451076492897359e-01
4.420523053397339974e-01
-8.178977971626412158e-01
8.359159320752456157e-01
1.890950168981460067e-01
-4.012336178418952626e-01
-2.443926559698233469e-01
-4.049681323671462385e-01
1.000000000000000000e+00
5.687276624041841533e-01
-6.363587491236238902e-02
7.442413031459010897e-02
-4.178940464693102763e-01
7.963008240190075915e-01
-2.767778078724723589e-01
-6.306207774593350912e-01
-6.467858429594448566e-01
2.778533918188222374e-01
4.943178029042297750e-01
4.156051619927755292e-01
-4.931326550406675002e-01
-2.144984417465827797e-01
1.089691529257537095e-01
9.429282737555817473e-01
3.301108631996932385e-01
-1.851288135016685987e-01
-7.931167336586070205e-01
4.890214255205877492e-01
-2.782894131925633396e-01
-5.700657428762402334e-01
5.103363428998977103e-01
1.369726891563893822e-01
3.162522893068684393e-01
-6.183926670509326540e-01
-4.815928506762029437e-01
-4.080808278327244798e-01
1.000000000000000000e+00
9.097618829735873991e-01
-1.084853466774686054e-01
-6.991432687573886362e-01
-7.933406020656077473e-01
-5.258501937397128678e-01
-3.071563290940193536e-01
-3.483513867725545055e-01
-7.760379157622394886e-02
1.157383264425415614e-01
4.979384775003171670e-01
8.630616091456064787e-01
1.589294061732031693e-01
-3.305298067993265310e-01
-7.566066523033107005e-01
-7.907865431221877683e-04
-8.767851416242417040e-01
-2.007840161050675754e-01
-5.623542076748483387e-01
5.729847113591741703e-01
-5.027543212910006165e-01
-4.315751919136434633e-01
8.680393367916499070e-01
2.231668272010352561e-01
-4.697708073602168688e-01
1.632990476316673045e-01
-2.028869814470837252e-01
-4.789465950684104190e-01
-9.538398633260487536e-01
-8.557655686357742986e-02
4.617136599693232313e-01
7.857358929335320763e-01
-3.185744072843730290e-01
4.322516454192346091e-01
-3.500381262282939443e-01
-1.633631376723351791e-01
7.638988387721531437e-01
2.813910198902336846e-01
7.902132608487537624e-01
6.339518895076919902e-01
-4.755816072647303105e-01
6.377154994358020801e-01
-4.423945943103607670e-03
-1.156081874564967027e-01
-8.024314679822976970e-01
6.559520707124244510e-01
-7.258464806869661112e-01
4.746836986680070258e-01
-9.601123813934313578e-01
7.740779274236271323e-01
-8.021202548900571161e-01
9.924118763962062051e-01
-1.000000000000000000e+00
-8.767060384571261356e-01
8.783690398007120148e-01
2.204081321919984515e-01
5.470887246144172655e-01
-7.468328423570449459e-01
7.842517126816374029e-01
-4.302865621657940565e-02
5.619781408483697227e-01
4.302687146350439029e-01
9.954372514287952445e-01
4.539907315082630790e-02
-8.364767918000243219e-01
-6.808136506137635324e-01
3.809970896074573732e-01
-4.715318718171260803e-01
9.422560374713278009e-01
-8.695325589476632366e-02
8.938565541718234142e-01
1.631459632342271981e-01
-5.190830038144504943e-01
-2.622929633787345338e-01
8.051639873933341685e-01
-6.562896185919737668e-01
-8.877911003854070948e-01
-4.245768244865852914e-01
1.623947314739707659e-01
-7.816273905711641490e-01
2.296731589110491967e-01
-7.717948273715657947e-01
-5.751183080250563684e-01
8.579426716561109334e-01
-4.898034944844731342e-01
-3.162121647663935220e-01
4.811356047819053683e-01
9.600003552412028629e-01
-8.636713130685335083e-01
7.298595481115331962e-01
-6.756862495838164562e-02
-3.285276412883228470e-01
-8.818101304408221264e-01
-3.092727275065558779e-01
3.467594010689187822e-01
9.341355438175531489e-01
-1.377213305252322773e-01
-6.149438657715549095e-01
-9.856935245486575514e-01
1.000000000000000000e+00
1.864574295047367603e-01
4.029086910820240952e-01
-9.505181398834161577e-02
1.795350070719794466e-01
-6.694332990009570494e-01
6.121261931306062332e-01
8.090817884877617994e-01
3.108242303718590227e-01
7.535924670766057654e-01
9.445172478866471488e-01
9.606630071799282522e-01
7.056841886396445496e-01
-8.246326718227253716e-01
2.798208346312753836e-01
-2.901969670941305091e-01
-4.037170472664947107e-01
-1.414180944022793707e-01
1.291763111363140176e-02
5.969780366615629053e-01
3.976839851742952625e-01
6.087425784355837699e-01
-8.920039882952321975e-01
1.946481958733585760e-01
-6.221963466615590965e-01
4.035985840847367001e-01
3.246392739866585941e-01
-9.041696353898123206e-01
1.954354784785969912e-01
4.540093624312441234e-02
-8.160019955617608955e-01
-4.125786975622827146e-01
-2.306566631085560648e-01
-9.407821242228615599e-01
2.125739680659521347e-01
-3.341832503204889004e-01
-5.120269490408824176e-02
-3.870899292016876103e-01
7.506206942852958752e-01
-9.240678398726138720e-01
7.703351426094515730e-01
-1.661020840054312497e-01
7.521150023898095505e-01
-4.492579456172730024e-01
-4.419849668076461513e-01
-7.201797304051626991e-03
4.215433187418002881e-01
6.011399891030715370e-01
