4.808517910979545062e-01
5.060243577787068014e-01
5.105493304120266584e-01
-5.517456563490227284e-01
5.351215035990766200e-01
-5.614533899242515336e-01
7.636009067243275661e-01
4.258342471763110759e-01
6.747502218115275507e-01
-4.726039603332725658e-01
-6.598187504497401434e-01
2.699731232923761604e-01
-2.657537195531541330e-01
-8.835115734952033728e-01
9.713780588063667398e-01
-7.216087367181929224e-01
6.564760332974122203e-01
7.807358526984562452e-01
2.104179147509628311e-01
-1.000000000000000000e+00
-6.239320853025582814e-01
-1.465963979396398553e-01
2.648678499181829071e-01
1.376211356328467805e-01
-1.871833766671505972e-01
-6.293170076505796295e-01
3.817242745493685252e-01
8.021555290445168129e-01
6.828269425047607255e-01
5.919030944898894253e-01
-5.114981717505309167e-01
-5.877774607985732924e-01
-9.098570669144817602e-02
6.417325598398089248e-01
5.440287666323482263e-01
-6.412853833266021208e-01
1.268181896604185788e-01
1.634785607227774440e-01
2.628027835232198406e-01
7.976071273595741751e-01
-5.451036671199755990e-01
-9.457603431598405885e-01
6.299213692620331262e-01
6.523717770564976814e-02
1.997067492429671076e-01
-6.799992370279728249e-01
-2.664452219379284115e-01
-4.223549365354773988e-01
-5.704687991323624807e-01
-9.045208040179164577e-01
4.347632285029661703e-01
-7.751636085324575820e-01
-5.352510336844427119e-01
-1.458314286513914537e-01
-7.546317501838479824e-01
4.577805752410788465e-01
-4.769577362224633466e-02
-6.013942508115264207e-01
4.440581506884232477e-01
-5.145286316865022025e-01
2.406139032175403092e-01
3.231520420784320669e-01
8.386675971373547256e-04
5.132609083297882263e-03
-1.188179509009366780e-01
-4.884700482711434866e-01
8.309127235626738717e-01
6.466530481660806018e-01
-6.744387515228059127e-02
7.921866001097299659e-01
4.865959706360952208e-01
2.817701968273762514e-01
6.381222049635661975e-01
8.659124213570745798e-01
2.313934757882805116e-01
-3.435320981175487010e-01
-3.543406763103384982e-01
8.251558986668513507e-01
-7.470308887309552448e-01
9.280216845299984474e-01
-1.009364608646202560e-01
-8.947266707980112699e-01
2.894601083809951736e-01
3.009553678156402512e-01
4.993788354917503836e-01
7.581594402763132401e-02
4.883163033115174578e-02
-1.906313451769079403e-01
7.099541538232810589e-02
1.862618874185104911e-01
-3.085776725248978725e-01
9.270886589607411077e-01
7.670350090362587636e-01
-3.477974003766681199e-01
-1.391243118759106778e-01
4.768459257021981923e-01
-5.160783841415316209e-01
6.428179411146156541e-01
-6.576105198058024293e-01
-3.511767657334520787e-01
7.401688487306286035e-01
5.356022977522003625e-01
1.885211298513145284e-02
-8.952588685898668075e-01
2.155085705331434287e-01
6.643809574639083504e-01
-4.132980073603983451e-01
2.064529398262955895e-01
1.000000000000000000e+00
-3.491427662191904507e-02
8.120275723695022374e-02
-3.802181587150397224e-01
9.210206312296827236e-02
1.465055796860339488e-01
-9.903149674402015323e-01
-9.184180494110990578e-01
5.511943407786131788e-01
-2.009843793266626877e-01
7.272143564969762997e-01
-2.627538648829474965e-01
-8.320728708936137030e-02
-5.767672015686773346e-01
-6.768463846269768824e-01
-2.624343662053336967e-03
6.464270266700344880e-01
-5.934770217198199749e-01
-5.056305200067385819e-01
4.387223629093033317e-01
-5.639087744922728351e-01
2.385719182272991179e-01
-5.514332642138566332e-01
-3.014041536841387536e-01
-8.122702614092471851e-01
-8.484869410353839125e-01
-1.936480986092257717e-01
3.074217888024322054e-01
5.776854144124150547e-01
9.817437969668794118e-01
4.641904269722278986e-01
2.696695009636994045e-01
-6.997595063030557228e-01
-5.312906801335811613e-01
4.894635287533380952e-01
1.526381106612493266e-01
3.960202597714057582e-02
2.140102216255160006e-01
-8.649152110324245801e-02
-2.296064221177169795e-01
-6.390545097146275166e-01
3.357008907962436006e-01
4.219093316707436814e-02
-6.413131464789752212e-02
-5.164020194724918689e-01
-7.743063542800334709e-01
-9.949590543956523536e-01
7.457067690146884642e-01
1.000000000000000000e+00
-6.674108788610823018e-01
-5.689147217643353294e-02
-1.757396234695047799e-01
-8.567921904228142926e-01
6.076686270031397274e-01
1.532232475681790385e-01
9.159082375454657976e-02
1.830849887273630072e-01
4.107751410395739655e-01
-1.981856148465062084e-01
-1.000000000000000000e+00
9.191798580699175880e-02
-5.494417032678495794e-01
-2.223931132308684111e-01
8.673446933441555373e-01
-5.129533621433559620e-01
-7.694565416674992164e-02
4.294559288870004043e-01
6.559320883338815023e-01
8.234572346990060021e-02
7.085535389861409294e-01
1.114885749619554112e-01
-5.312954628126116408e-01
4.182004986380075118e-01
-7.510190087059722686e-01
1.882508681303153575e-02
3.139891065208670895e-01
8.414160664485942354e-01
-1.677770056906272844e-01
-1.000000000000000000e+00
6.300358183160896797e-01
6.982153783642128797e-01
-4.492684248565652072e-01
-8.624530744774648872e-01
1.548309881718505920e-01
-8.715413748508542557e-01
-6.134209180072468515e-01
-5.955174547738117941e-01
6.573705788656771798e-01
1.662642214099188109e-01
-8.711796335934114399e-01
1.404930106234397735e-01
-9.298053894604881853e-01
-9.766214922058339409e-01
6.409125108509532431e-01
1.005904635528891422e-01
2.836854162113518901e-02
7.399583160484894673e-02
-8.756383849517688223e-01
-5.072583004772368565e-03
-1.000000000000000000e+00
3.164302191256714303e-01
4.672598621438061040e-01
-1.281773296843131127e-01
1.298478474811804589e-02
-6.472208728358868068e-01
-6.366372210249788832e-01
8.370320364727930063e-01
-3.720810897278346019e-01
-5.996302730151884530e-01
6.060465780512787060e-01
1.000000000000000000e+00
5.292661482292133623e-01
-4.817413597811106007e-01
5.348446435577192126e-03
-2.297707893964583137e-01
-6.952418698810338693e-01
6.734160555753095911e-01
2.808519161069209513e-01
-5.200366432672135497e-01
3.904095708981323298e-01
-9.227837037985728297e-02
-4.426561366922251994e-01
-1.923931808925068432e-01
-1.000000000000000000e+00
5.887097095867263041e-01
4.087498954889235980e-01
-6.732926692730154539e-01
-1.000000000000000000e+00
6.960282320326489636e-01
9.525012511516687264e-01
-4.929016323878496753e-01
-8.913104439095995701e-01
3.741191758582808613e-01
-8.282149924426343013e-01
9.649599667254762370e-01
-1.716580301188341817e-01
9.254171946997553633e-01
-8.066246807504297012e-01
9.719389262749436043e-01
2.265657652149461188e-01
3.279500839207150076e-01
3.105723613245961467e-01
-4.579369955213740129e-01
-6.122712074812279859e-01
5.237300571258713955e-01
4.677225612423871470e-01
-2.090138111510126961e-01
-2.730210701823382879e-01
-4.124763992107369770e-01
1.177333796397031784e-01
-6.045459619459776501e-01
-7.837399246278973219e-01
-1.109474293120215338e-01
2.636344036743917818e-01
-1.224402686469528989e-01
8.855569186496228262e-01
9.313199704547014957e-01
