-5.846209529897263835e-01
-3.153432673027583011e-01
-7.906217617863211533e-01
2.455916763843383199e-01
8.496802952593762726e-01
-5.609668118743499354e-01
-8.239574717744280186e-01
8.325212032233630932e-02
-7.787871002242321428e-01
5.341297856914930531e-01
-3.235747110541582483e-01
-8.710068583291530331e-01
-8.868599512535098039e-01
9.111626732518463001e-02
-5.948165392550497366e-02
2.288492945112856614e-01
-8.967656043457126191e-01
5.532554197638026583e-01
9.062665055121658098e-01
-3.695772233078340463e-01
-9.548104698951223046e-01
3.468465340115629569e-01
-9.403357308266506731e-01
-1.499784787901878857e-01
1.148890931386904735e-01
-4.836231945928619602e-01
3.271907980279560313e-01
-6.217041787622401561e-01
-4.289202115835658580e-01
1.454895763708894396e-01
-7.210590335486568581e-01
-6.778103251441267574e-01
-5.855690011783760696e-01
-3.390689914026527862e-01
7.957622999025115718e-02
-5.024455512768396526e-01
-3.112247484263264141e-01
-8.376808899013099552e-01
-8.136376548988933921e-01
-6.702475022688234585e-01
-9.263550144925902785e-02
4.389198144557524550e-01
-6.187676514702977748e-01
-5.355697705721620405e-01
-9.838462315711848927e-01
5.531005562022250910e-01
5.297678200483961763e-01
6.601693107760755463e-01
3.691518794751962318e-01
-5.201361647177584757e-01
-6.359002743224124732e-01
1.876552144912462250e-01
6.391967574949081188e-02
8.336657410097708665e-02
-4.734757092681565194e-01
5.060562850687646552e-01
-1.004598330318737798e-01
8.713239308790163840e-01
-7.033975573768139755e-01
-6.270078695808201097e-02
-5.334844188708556256e-01
-1.962331566040763364e-01
-7.428969296685603574e-01
1.061126881776137676e-01
-6.549654222363361367e-01
-1.038968553048231214e-01
6.738745387199116532e-01
-9.666955740807722242e-01
1.095563406775204029e-01
-9.351361098274735273e-01
-6.569557278632467412e-01
8.007577322047505497e-01
2.379142128689404334e-01
-1.389657754286452995e-01
-5.446960987168891766e-01
-3.674230365592170422e-01
-2.462366659629009469e-01
9.857495340465876055e-01
-5.966157457796676944e-01
-2.929269441900534954e-01
2.569479632419684467e-01
-5.283328845285204522e-01
-8.460173859273990571e-01
-6.907313759428390654e-01
2.172656301585920158e-01
1.000000000000000000e+00
-1.000000000000000000e+00
7.237465816020505205e-01
3.783325601404630145e-01
7.763921097552187733e-01
-4.205308577176298801e-01
-5.405765518406541181e-01
5.528175692543226827e-01
-2.044228722948670252e-01
7.871697411053595328e-01
2.006511138827640206e-01
-8.862052638781658942e-01
-5.535678444393746789e-01
2.121114764824738597e-01
-1.036000373310705935e-01
5.949511252052974708e-01
-3.161490845353890355e-01
-2.483298038390904794e-01
-6.624569971156928083e-02
2.392007071922402917e-02
7.180646498856044224e-02
-8.533972331605024775e-02
-8.228215057947732558e-02
-9.255309526641499751e-01
3.081046544141845533e-01
-4.044508709134367885e-01
1.754089389139727034e-02
3.628002027721515810e-01
1.277217109602016010e-01
-5.027010631461916734e-01
4.274688655445137986e-01
3.785948420312287288e-01
-6.820792273501998793e-01
1.105503045094331782e-02
1.000000000000000000e+00
-4.529424439264047586e-01
9.530907295633341825e-01
-2.931026760997486602e-01
-4.925392908849719059e-02
-9.673004707013501680e-01
9.574959247065457646e-01
5.508252708686758314e-01
9.562937607223451764e-01
2.210448452709066480e-01
4.200969082888095230e-02
3.058116862513449163e-01
2.844714976772604320e-01
-1.132879666647632622e-01
9.074146637872649857e-01
5.520867822560777682e-01
-2.233532806202258580e-01
7.689959890700275302e-01
6.068466726512218301e-01
-9.084665019011552989e-01
8.432433002604295957e-01
4.302188714252729307e-01
1.322108797125081114e-01
7.009773239779266696e-01
5.285567182541821563e-01
-2.615454113886419019e-01
-9.279390761003925014e-02
7.753586045619020872e-02
-8.432064676365040867e-01
-8.251840892118189608e-01
-7.744843617475627440e-03
-8.598387083408667309e-01
7.694974576392339394e-01
9.777323936641789670e-01
-7.357615063061684335e-01
-6.202039351031582992e-01
-3.456190118053226179e-02
1.630322253058658077e-01
-2.178593225391876054e-01
1.968947689327336104e-01
-5.036879216232383882e-01
-7.441192804685590190e-01
2.344193511882406433e-01
-6.615700716461283548e-01
-6.017741808270007375e-01
-7.755884982459659849e-01
-6.855296694593215889e-01
-5.454463913308218448e-01
-2.781129575424213796e-01
-1.742441892618205174e-02
-3.482806790715812784e-01
6.133025504786240312e-01
-8.775071292296351411e-01
-5.581573568260087548e-01
8.487170432883894833e-02
-7.770201579939627345e-01
-1.620959379279056090e-01
-6.036560836723126044e-01
9.223715721113161514e-01
5.664734735918303121e-01
-2.779537784309846771e-01
4.659833330388205574e-01
1.846686194332479158e-01
-4.250403552805959162e-01
4.982467083474452219e-01
-7.138195864406819968e-01
-8.785047740858180632e-01
1.131881742745917130e-01
8.473524355345449788e-01
-3.175239794369673074e-01
4.674465569717429769e-01
1.595656629803461346e-01
-2.417038634780028783e-01
-3.898784463911257880e-01
5.037980695394317365e-02
7.522373106888884386e-01
-5.190649344078424043e-02
-2.677555230643786643e-01
-4.347833739293428534e-01
6.769266313955975001e-01
2.206970962446328233e-01
6.188647614054775259e-01
1.159242903673414204e-01
8.379946177225900961e-01
5.129659904018768479e-01
-3.064677859529387760e-01
7.821793058364225892e-01
6.484651119658060292e-01
1.575728201721429411e-01
9.718577325514834442e-01
6.092780587486656962e-01
-5.440500248631925384e-01
9.408444616084665757e-01
-4.945147481824649915e-01
7.061289520565776634e-01
-9.022956168573330604e-01
-3.731157753470958349e-01
-1.397259104357055359e-01
-7.249994770500367558e-02
-3.986009229742264459e-01
4.691426377741196863e-01
-1.893972761918938374e-03
4.001550452553972459e-01
8.513337238944910235e-01
-5.104274908790498166e-01
6.782151873003992026e-01
8.990206639300448721e-01
-2.185778552656270080e-02
-6.808556694400910714e-02
6.985185459121379115e-01
-6.291298369152174830e-03
7.201236295030390977e-01
7.271780070782605243e-01
-6.303870712241094187e-01
1.190031914781521927e-01
-3.007853770168464891e-01
-7.499657077482910772e-01
1.333624464657259256e-01
1.629199154565674768e-01
8.447475987230104177e-01
-8.301913435295085186e-01
3.671460408893523208e-02
1.931971811704763509e-01
4.259567378899648538e-01
-1.000000000000000000e+00
1.313981819865570611e-01
-7.760219708914543046e-01
-1.442439883694524305e-01
3.816724201854002074e-01
-2.153375112246163070e-01
-3.673595349118203846e-01
4.703774492503849936e-01
-6.552474305848078329e-01
9.273990804227746909e-02
-3.791855663676388932e-01
-8.068801759643908778e-01
-1.534106031296660344e-01
-8.820018178810931087e-01
-1.725058185988770365e-01
-3.298552712068012482e-01
3.296681887672818778e-01
-7.606811677648663839e-01
5.877827830474304793e-01
-3.992296113413968950e-01
8.298714600085070892e-01
-1.162978330020676410e-01
