-1.000000000000000000e+00
9.951842988770440712e-01
2.081674245333708928e-01
8.825744861004063413e-01
5.535958064891143282e-01
3.706149485652543429e-01
9.138276453813828359e-01
6.452130317697477579e-01
2.257440937940869696e-01
-4.503728401458542696e-01
3.538087497764788036e-01
-2.950211470336602804e-02
3.157058117557313137e-01
-4.272347212504173375e-01
1.461404804253444156e-01
-1.635172091120975779e-01
-3.891253665296666719e-01
-6.174988582174707474e-01
-5.234486072290598369e-01
1.913676118298827944e-01
-5.670360879065778903e-01
3.620366073310138377e-02
-5.037055746387435473e-01
1.343892947434158491e-01
3.571355281069356069e-01
-6.065829588454628718e-01
-8.638667582920507293e-01
-4.386858452544112885e-01
-4.759239216274283590e-01
9.530838466303903633e-01
-1.934094676910473598e-01
3.287900644507008585e-01
5.268083303552654195e-01
5.288918536337853249e-01
-8.392239500681559772e-01
2.571472365263037796e-01
4.093325236365248920e-01
3.653669266039092367e-01
-3.227050003725006055e-01
9.907268022149690045e-01
-8.658736268743119080e-01
3.723017703985572746e-01
-7.936414677639131998e-01
-1.136602853010176828e-01
-2.554276602726399670e-01
5.978562876087705202e-01
-2.710302518711034114e-01
-1.146414614935560433e-01
3.990908953750599286e-02
1.000000000000000000e+00
9.262588231999308030e-01
3.241817270879767121e-01
-3.474113163677415295e-01
-6.941821005683110890e-01
9.038194905773153653e-01
2.155221168908204310e-01
2.506751755751911448e-01
-5.383780086558067612e-01
-9.537303586076477657e-01
-5.666714710081456330e-01
5.227546180603797055e-01
-2.369208493097869350e-01
7.596571137886195535e-01
-2.885076469733440785e-01
-1.000000000000000000e+00
5.604593745207432365e-01
4.284434763557226633e-01
-8.314837651048117007e-01
-4.863563793790930401e-01
-6.914824102197143496e-01
-1.466961537498832902e-02
-9.217065101396889615e-01
-2.195318078899397285e-01
-8.004314853167589228e-02
-4.893784607464671255e-01
-7.537512360817899548e-01
-2.254897635503361197e-02
-1.029152381327700927e-01
-1.000000000000000000e+00
-9.912104956071462469e-01
3.794361963428350970e-01
-3.775725741210320674e-01
-6.560229554023297993e-01
-5.665505550446330307e-01
1.000000000000000000e+00
-1.123255379092617245e-01
7.412178836126761539e-01
3.645371713702316718e-01
1.000000000000000000e+00
1.000000000000000000e+00
-8.113595743953736505e-01
-7.841578713746747420e-01
-4.926156228711915941e-01
-7.328431678019908802e-02
5.660193547333625119e-01
6.136690174754136917e-01
-5.915727699376053250e-01
3.481032925057095384e-01
-1.970337814997651371e-01
-3.211488709927501350e-01
-9.661985534743622317e-02
-6.306079987172537316e-02
-6.336940105895009223e-01
9.166257309802852693e-02
-7.153500296103615375e-01
1.739645739007829317e-01
-6.939482512802562786e-01
-6.534800079982434617e-01
-1.000000000000000000e+00
5.642427353729574380e-01
9.978969741261484172e-02
-3.472186541510607904e-01
6.019198090323082950e-02
-2.005378775331394525e-01
8.108012648437417091e-01
-8.160327711212456148e-01
-6.517439191810037169e-01
-2.248645250931936568e-01
8.810699565337787309e-02
-7.743645938834903264e-01
-7.944159385016138497e-01
1.865676304140329866e-01
-8.561639815718877777e-01
6.883807377029341756e-01
7.744310342565212668e-01
5.140285095943153415e-01
-5.101398022502643403e-01
6.771929078476179864e-01
7.793908472320250080e-01
2.020574700588969319e-01
-1.000000000000000000e+00
8.221504618716796164e-01
1.521842382191352649e-01
-8.594091904204353982e-01
9.509918081021855318e-01
1.000000000000000000e+00
1.000000000000000000e+00
-8.584226005924799896e-01
-2.103157056970602623e-01
-4.332016387214940312e-02
4.313073319181017773e-01
8.501126253053689630e-02
-1.000000000000000000e+00
9.699984158590977401e-01
-9.900545803885554275e-01
-8.148687813387095469e-01
-2.483854182716438153e-01
-5.692010275713144107e-01
4.620516156173538613e-01
-5.279120749235065302e-02
8.595990371009019915e-02
-6.291569239579061223e-01
6.521522570099707039e-01
-8.188944978261264440e-01
2.900547907331919584e-01
6.342928264402303284e-03
-7.912452838809761468e-01
-7.346283960073036745e-01
-1.158750475728181351e-01
-4.910710183461087786e-01
-8.085473856532396919e-01
7.747685579968072167e-01
-5.393875980058396302e-02
-1.000000000000000000e+00
-5.640529309709861883e-01
-6.879675996064105181e-02
9.679034403667616804e-01
-2.243612246980732916e-01
9.727490198644838104e-01
5.386607065530957250e-01
1.865585516165595426e-01
-7.650386197649420295e-01
-8.100833765631207939e-01
3.123224155908110866e-01
-9.017298380697900129e-01
-8.760615052686564486e-01
3.793982132467466073e-02
2.425710244368162183e-01
-1.305349338703969408e-01
4.381529218108677903e-01
-3.287134056258828596e-01
2.076596477335774793e-01
-9.188285855090762289e-02
5.656687192206676373e-01
-1.000000000000000000e+00
-7.531791430154836098e-01
6.686625826326551003e-01
3.959407417956855024e-01
-4.606073209717148065e-01
6.441549563041254478e-01
1.000000000000000000e+00
-2.378257134514081550e-01
2.506101954146027211e-01
6.189420288789890812e-01
7.470275896530482740e-01
-5.335767055156039884e-01
-6.027659582519958592e-01
8.272677338468195640e-02
1.900330408309248431e-01
-6.570504185908139227e-01
3.030736735842964880e-02
5.414320016958340531e-02
-6.087126650851066856e-01
-6.525658098641611282e-01
-5.864115842271406809e-01
-8.315740150818061727e-01
-1.552856573284845665e-01
2.398446843034640064e-01
5.423827548708419766e-01
-1.190791511699136884e-01
2.392159631030191802e-01
7.459996766805003787e-01
1.509929539454365199e-01
8.629417368611588257e-01
7.214394901081884193e-01
1.000000000000000000e+00
8.802882959967175402e-01
6.502153942266217790e-01
-1.918076480027185726e-01
1.363220176556906860e-01
9.834961941286095577e-01
-2.861422931857158236e-01
-1.891659153714916053e-01
7.934690774489524534e-01
-1.332347885279806521e-01
-4.661535757613262387e-02
9.654622671845540793e-01
-5.122311036089921554e-01
-4.285564564731345061e-01
1.000000000000000000e+00
6.073471199739528537e-01
2.759883031538035159e-01
2.102487289590799779e-01
8.890939429529812754e-01
1.414732609472208469e-01
-6.228809591160129333e-01
-2.407192479575270827e-03
9.436660985324184514e-01
9.720661182674142919e-01
-6.682669119091876331e-01
9.330645284579764942e-01
-5.840392839852346363e-01
-1.000000000000000000e+00
-3.838797713378803156e-01
4.009357996314967254e-01
-5.611981742009299889e-01
-2.821984501804893075e-02
-2.411232180587948026e-01
-3.765646533124771267e-01
2.901556658655342624e-01
-4.787501881780710233e-01
5.127835556155586616e-01
1.677564182181517927e-01
5.125014464043792239e-02
6.814020213745886068e-01
-6.030595420257767181e-01
5.161635912245121638e-01
-9.426679214734550172e-01
-6.706754207596047346e-01
3.178403555480610598e-01
-1.000000000000000000e+00
5.870692415144289633e-01
-6.065719191618076378e-01
-6.488378453976141325e-01
-1.000000000000000000e+00
