4.667398568076208676e-02
-1.658819769648937348e-01
1.000000000000000000e+00
4.608479145439858815e-01
7.103810184678915896e-02
-5.244302384660382010e-01
9.524452807252173914e-01
7.534550033716229667e-01
-8.429839130415004433e-01
-3.331945943595922000e-01
9.622485263371372000e-02
-2.216320345644412493e-02
1.000000000000000000e+00
-3.489568042454948005e-01
-5.255461098562890232e-01
1.000000000000000000e+00
-3.029042462455431295e-01
-2.237107081361722205e-02
-3.850283209619644875e-01
9.361023935627881265e-01
-1.504577712897273711e-01
5.571699968767929168e-01
-9.673784622883938589e-01
6.639217134593082825e-01
-8.249650826603116549e-01
7.192091737177719324e-03
-6.637269498141740165e-01
-2.911045800990046395e-01
3.154788242368526396e-01
-5.628001203247683382e-01
-2.467306492356270975e-01
-1.793652752847504916e-01
4.129324901990540919e-01
-1.892801678348252081e-03
-5.111140810611847218e-01
6.213450206726472275e-02
6.781613058965529905e-01
8.100207255811404661e-01
-5.761815237462269979e-01
-9.211110685745435012e-01
-5.168792895608551596e-01
-9.811844881274511820e-01
-7.955208568953526793e-01
-8.370467074421306108e-02
-7.022977417997018357e-01
-6.480489020923774213e-01
-4.588267085567123704e-01
-7.448131695167650168e-01
-9.214306241192251612e-01
-8.173820469180476112e-01
4.479392907560693082e-01
-5.724769015699926467e-01
-2.612437772547164805e-01
4.784460709448368765e-01
-2.426815564259553193e-01
-9.578867479816677299e-01
8.323007240274928886e-01
-7.053110874592309898e-01
-8.897459537628137349e-01
-2.575790035646330911e-01
-7.245027636997316556e-01
2.854771326476046589e-02
3.515151740178318884e-01
3.154346417870250718e-01
7.951067771810044205e-01
1.792301937709140369e-01
-3.509872409561938245e-01
2.667702841052288498e-02
-2.593815632890877909e-01
4.191328584668596036e-01
5.002133887111137600e-01
1.610225125366002152e-03
6.598183752693802528e-01
-6.298360856432416721e-01
-1.305605284223181339e-01
-7.335675439613162929e-01
5.984841403577554342e-01
-7.628699688784840172e-02
-8.728898458909850611e-01
-1.736345724522581069e-01
-6.931525992031546402e-01
2.425934288983000453e-01
6.645252397339649342e-01
5.374705327634183849e-01
-8.571951847383171286e-01
-6.596181048310987283e-01
-8.080100901201959784e-01
-2.698715615393958989e-01
-3.080154780985007168e-01
5.228275472995631556e-01
-6.833516412247506722e-01
5.320897117803096155e-01
-2.791348235888979623e-01
-6.989916112693110861e-01
-7.345729364813148310e-01
2.779286966972719375e-01
2.387801871993699421e-01
-9.587479954344582112e-01
-7.459545204505242388e-01
2.878851756309473431e-01
2.427539230889797228e-01
-4.159775379936033191e-01
-1.540859236765246276e-01
3.462831733902682618e-01
-6.678902065598613103e-01
-9.817367162869443664e-01
9.147918262320555716e-01
-2.107430568691622819e-01
-9.996757329247549784e-01
-5.647139373500400517e-01
-3.436848871254241100e-01
7.108909962775227243e-01
5.253740651448760568e-01
-7.884862984955403054e-01
-2.627228372766142184e-01
-3.484646946369158726e-01
-3.989333042481888469e-01
-2.875487951475461657e-01
6.003045904364308072e-01
-3.113681520711323869e-01
2.859677728652157414e-01
2.814062216518234960e-01
4.077360592958514385e-01
7.933303622970014901e-01
-5.830326827633554032e-01
-6.549262468775811641e-01
-3.900573676277142576e-01
3.853008571130429605e-01
-5.748019600143319252e-01
-2.227049504255565471e-01
6.833543256981378100e-01
9.725251975143713867e-01
-1.659264298296986850e-01
9.370136697069573195e-01
5.198177900146361274e-01
-1.865651149851172974e-01
-2.523110269677693029e-01
3.097206242847672097e-01
2.963235555776304597e-01
1.000000000000000000e+00
2.713858851725388099e-01
5.135714476704789089e-01
-7.141384280093598935e-01
1.648720712433936475e-01
-1.000000000000000000e+00
-8.455583098802750275e-01
-8.708832979072571590e-01
4.825880194376861443e-01
1.299830509705714177e-01
-5.390763889188260327e-01
8.312540294498180771e-01
-4.349264418233511620e-01
3.959943301274684302e-01
7.729965000058357516e-01
8.565339456672110829e-01
-8.552129584902501414e-01
7.721655919135861357e-01
-5.175823850415746386e-02
8.791957628965370031e-01
-8.056084572700872304e-01
-8.076068994521057309e-01
2.407991658870065610e-01
2.524420399905065726e-01
4.163273802906599652e-01
-1.810396635215527628e-01
-1.838578894391897922e-01
-6.706184329929868460e-01
9.594080683169778911e-01
-4.053781908383993215e-01
-7.598250126631345136e-01
9.649823506387462668e-01
-4.883657519634703181e-01
3.381364591900124505e-01
-7.196422793391872297e-01
-2.777203818685651804e-01
8.469353698486543625e-01
9.577420611652076587e-02
5.463776794542721804e-01
6.039053612338689536e-01
1.906016615628604582e-01
-9.846667394336878765e-01
9.140320877516079356e-01
5.981996393950262947e-01
-7.169774513241516933e-01
-6.965246227246850719e-01
8.485499632151807248e-01
-3.285375927662125828e-01
-1.274358024012713919e-01
-6.796997842648091481e-01
-4.390204888520072846e-01
1.424833365279447595e-01
8.178199469139393329e-01
-4.684747128035098296e-01
-3.148874170966755592e-01
5.855945582747092981e-01
6.592217473207983014e-01
6.451273203985845583e-01
-8.005882552151235565e-01
2.569318537386723889e-01
-3.599574697127171374e-01
9.708575379077568623e-01
-5.961806026554454796e-01
-3.838101561365727110e-01
2.123260066557011716e-01
4.806208934356810403e-01
-8.588493444985382252e-01
-3.410692675954427600e-01
-1.000000000000000000e+00
-1.436580363401567251e-01
-2.103893545520398867e-01
4.470085272405750487e-01
-4.297320256018297147e-01
7.792716579782243969e-01
1.000000000000000000e+00
5.019194025617493837e-01
7.786910412115144453e-02
9.434677711400150102e-01
2.120802440337656858e-01
-2.426395240608023585e-01
3.351055689943478466e-01
-7.191813040961203551e-01
-2.035422332166761938e-01
6.032139051780471828e-01
-2.234572965339910455e-01
4.660996302247775724e-01
5.954781005828391205e-01
6.761874648229195817e-01
9.521013136858869075e-01
5.707228104318227135e-01
-8.098716953624962578e-01
-5.170034649100742064e-01
-1.346774623950111605e-01
-5.457148034405403525e-01
9.405027276545737669e-01
6.131901596408440014e-01
-6.283099403031753294e-01
-8.365995702428883352e-01
5.363499465336298844e-01
1.702305368701638733e-01
-4.777394928654370432e-01
-5.859996221636341041e-01
-4.838562791832884957e-01
-9.557323758616250720e-01
4.109337524718484902e-01
1.305857354678479076e-01
2.389626467321730452e-01
-5.873706775587607121e-01
9.681168041163389359e-01
6.453201556316734422e-02
-7.099601243793471905e-01
-3.260269559193325062e-01
7.261070200093767690e-01
-2.437323157518518357e-01
9.733012567561609707e-01
2.471114788235527493e-01
-7.614622755052378178e-01
-2.538619325042199559e-01
4.988908339700007799e-01
-4.445228898608308832e-01
7.008145701194400390e-01
3.503040977159179725e-01
-6.500943562929102360e-01
4.155478104606385448e-01
7.294995080640680474e-01
5.819847708562271293e-01
