-1.455626818018197766e-01
-3.792742902595491045e-02
4.348621275687846177e-01
8.362666501337696900e-02
9.365449108589333216e-01
-8.631374961736901774e-01
-3.079016819837358115e-02
1.156607205500930213e+00
-2.318664287196379181e-01
3.184573640415842566e-01
-3.028947160275397010e-01
-6.273373111185123752e-02
4.550263978158776701e-01
-5.783121429229931554e-01
-8.516736232195005751e-01
-5.714167175502635754e-01
9.476098047589199824e-01
7.979237742855149751e-01
1.095148177087539532e+00
1.329945172148982335e+00
1.135550620547218781e+00
-3.817322633620380268e-01
6.624575646359158743e-01
-6.114778807237957192e-01
-1.553214047060189062e-01
-4.973354974481786206e-02
-3.544496908017175096e-01
-1.413341632808456261e+00
-4.977708323882800157e-01
1.583896553410887864e-01
1.144012587906837686e+00
5.954014565652897273e-02
5.137794675474001149e-01
4.687919170090044108e-01
2.962223494652829747e-01
2.976892097666079540e-01
1.311487325857728425e+00
1.049218593028465041e-01
3.749477449060197864e-01
-9.556038018520262023e-01
4.974867534498068622e-01
9.616766272755079559e-01
3.527479287587570456e-02
1.509113801875483718e+00
-7.511432587348199075e-01
-1.049115857026647669e+00
-3.439390678069143559e-01
-2.830649746328436911e-01
7.114650303121735631e-01
6.028230707970955171e-02
-3.683727650755996841e-01
8.981233322284554177e-02
3.981707606252636866e-01
-1.023728683897217717e+00
-9.519558277932822499e-01
-3.723835026642109414e-01
2.597261840497719354e-02
8.609427974811523221e-02
9.456920487646680584e-03
-3.629768191507896091e-01
-9.469662509442871023e-01
3.840580691947718117e-01
-1.084718017145259283e+00
3.337494272245897786e-01
1.673249637913402921e-01
7.382103521366185639e-01
-9.946412421725780995e-03
2.148232286755504261e-01
-7.359040259045873666e-02
-6.353702336143691731e-01
-3.016125870667233366e-01
-5.211932485929224868e-01
-1.838582735530078505e-01
3.898049270303045599e-01
2.432464322719505301e-01
-1.691656901475377395e-01
1.037372661871008184e+00
9.489723297806080815e-01
-8.599744609540689588e-02
1.041076388412712772e+00
-1.999851159200090045e-01
-2.825377668442899393e-01
-2.281895902404739440e-01
-4.798475936150771171e-01
2.903539255643362571e-01
-2.994914373821040698e-02
1.151223401830596405e-01
7.195495161265358375e-02
5.459006753839318327e-01
4.786997192195738826e-01
8.997385685792791410e-01
7.432718415827235248e-01
-1.030559387706885266e+00
-8.023583166949467271e-01
4.922443091786438130e-02
-3.060734173459297436e-01
1.673850510019433968e-02
-6.085081046439879682e-01
9.570436267435529221e-01
-9.308074163921287170e-01
-8.851451473209436260e-01
-4.352435411135363030e-01
1.269814380227846096e-01
2.293510994736061570e-01
-3.516881310342665490e-01
-1.166775415225379753e+00
8.806787638812182406e-01
-4.105616419800584005e-01
-5.838857967518396030e-01
-1.151688827946773408e+00
-1.219819164768536357e-01
3.016779552010711574e-01
3.940391450459796996e-01
3.013034598830731658e-01
-2.885359759217283049e-01
-7.597583548253042940e-01
-4.892968171926566079e-01
5.545103388063525873e-01
2.971561567178361285e-01
-3.773892784835980452e-01
4.579269208659678125e-01
2.661023442447976173e-01
-1.193035931202226729e+00
-6.518367663918971378e-01
-9.962725941491880066e-01
1.032729103714532748e+00
4.983132848653698543e-01
-1.081986928003434434e+00
-6.953743288783117427e-01
1.018814602128889357e-01
2.300361456222464740e-01
-3.823842001610319730e-01
1.012613672948433186e+00
2.904854836799723450e-01
-8.691446902678298114e-01
-7.390769032938496741e-01
-9.834168717161265727e-01
-9.909232075181120258e-01
1.056838503866369017e+00
-2.273802661795950586e-01
8.353536671299459648e-01
3.580347764755903439e-02
3.873253259905289902e-01
1.000000000000000000e+00
-4.625094681550957487e-01
-5.453104334498358741e-01
-1.070693658684015448e+00
9.228588475307477612e-01
1.750371303051856120e-01
-3.797581477808534278e-01
-1.061713026529066406e-01
9.932732343845875889e-01
-8.251266414755237255e-02
-2.829004272236163575e-01
1.323095815764827599e-01
-3.435244411387239349e-01
1.288605090826397404e-01
-9.011787050375852370e-01
-5.232901790721692370e-01
1.135831237048142706e+00
-1.444176684107968955e-01
2.092041515813255204e-01
-3.090924427380328243e-01
5.590626489912670083e-01
9.534378818205480055e-01
-1.147178919642452000e-01
-9.091967362139374842e-02
3.249201969781336796e-01
9.241027362413142265e-01
4.695755046550775802e-01
2.863599529041043201e-01
4.779377712569157222e-01
1.305109321501401742e-01
9.327171314675923863e-01
3.731018763670168603e-01
6.210404505963844635e-01
-8.669626791730142834e-01
5.143566348378130204e-01
-7.734311467818373309e-01
-5.424361535977054727e-01
-7.284396164506858895e-01
-5.569020259578221221e-01
-2.188596018723445724e-01
1.570899331657113485e-02
-8.506628118630277235e-01
1.092150930963418975e+00
-1.248133300565879011e-02
-3.475847426809515195e-01
3.515681926596097573e-01
-4.500905472932310580e-01
-6.273870386167205160e-01
-5.740905296861399387e-01
6.700264324220250867e-01
4.551617676272111668e-01
2.121748548519013511e-01
2.145474805424306131e-01
1.115475207043931105e-02
9.946956885125794734e-02
-9.102106139136234564e-02
-5.428575236546613336e-01
-9.059949738009401843e-01
8.236058909260562944e-02
-1.038381351837174726e+00
-8.529164629111662954e-01
2.224897934980335779e-01
-2.806074994166831149e-01
8.177185654956450889e-02
-6.309535925508591436e-01
2.876197277372370964e-01
2.450701865227026544e-01
-7.807216522881255116e-01
-7.583302503782887727e-02
3.684678096348612542e-01
1.095556001529228274e+00
9.178183705740261544e-01
-2.947740503645585042e-01
9.544662749751297026e-01
-1.200288428102306015e-01
5.991207501791433465e-01
2.835948965819443113e-01
7.667220257474665068e-01
-8.223613967988092632e-01
-2.143183687971913776e-01
8.970704647524878617e-01
2.229916187484380918e-01
4.329175526975789223e-01
-6.535100966372326958e-01
-9.729884382812610255e-01
3.471396416422383724e-01
-2.605750962066041843e-01
-1.828421090777088420e-01
3.746805143265016236e-01
9.230360372572176120e-01
5.633722523469542054e-01
2.201731593904879269e-02
1.270585150410415698e-01
-1.034080794343313625e-01
-9.293258701833474467e-01
-9.305976594968942139e-01
-3.418750327984500237e-02
8.861401369840297138e-01
5.952336245076937926e-01
9.798964431161183430e-01
-9.522010112125021131e-01
2.817657354961708993e-01
1.639283541613000272e-01
5.460598709030991538e-01
5.215254744482048510e-01
-4.216403324840028999e-01
-2.633054357734828099e-01
9.780350230932843836e-01
8.698387778321734487e-01
7.106108400100612510e-01
2.834030813239892810e-01
1.980713729233914977e-01
-8.357277055132997789e-01
9.322301080320478661e-01
1.083487054720272180e+00
2.891181097586296156e-01
6.519796072282100230e-01
-1.859184600537823751e-01
7.920888440726198132e-01
-3.680654841266551291e-01
5.577044763451985965e-01
9.144596807013134487e-01
