-9.553327414324765954e-01
1.662914252262071568e-01
-8.587656526301574722e-01
1.092796009935254331e-01
-2.571985609283253260e-01
5.758454556992010920e-01
-1.112065805898991844e-01
9.664373988762549050e-01
-8.402770628933661223e-01
1.833613218448457982e-01
-4.302473154807343603e-01
-1.834013130846205986e-01
2.741666331757574016e-01
9.382576151425365829e-01
8.831745941427755486e-01
3.244849862574004651e-01
6.220607428585914755e-01
-1.380415447104426097e-01
1.317468841166277160e+00
-5.565933754278623580e-01
2.024106115855344168e-01
-9.984093891277844302e-01
5.810568455495124240e-02
-2.543003950495050236e-01
-5.971469388261184674e-01
1.544462131242737013e-01
1.192336866059499956e+00
-6.359197148190465221e-01
6.728614786062931952e-01
-6.092504495906022610e-01
-6.740562652349436634e-01
-3.300389557043683642e-01
5.267206679637719269e-01
2.068280194133316763e-01
7.413449638415691156e-01
-8.886820919856588952e-02
1.232948896280017248e-01
4.197596186403677043e-01
8.039076699755159927e-01
4.254605375781825849e-01
7.695820701468085723e-01
8.305568114601736829e-01
-7.711978943185402446e-01
1.047219719550607775e-01
-3.925534042076675445e-01
4.899782413055299157e-01
1.235657553586161639e-01
-9.359531847880764310e-02
1.151113257789661559e-01
3.861997059193105208e-01
-2.715252401381884062e-01
2.237529648559365425e-01
-2.776682714505777083e-01
5.338364255565795080e-01
7.928383524425803852e-01
-2.613821435431508133e-01
-7.353714748894171205e-01
-1.165437188064041008e-01
-7.047970999909385081e-02
1.700215063095110168e-01
7.038123163632765689e-01
-2.491935781753070178e-01
-1.000604070750704455e+00
5.791187714116693419e-01
-2.359458663367779430e-01
6.064549269691053013e-01
8.488957817889131174e-01
-9.443768679027134683e-01
6.534032979705712840e-01
-7.920321081130003993e-01
-5.040038004400990701e-01
-1.774045936665762935e-01
7.546162000178835427e-01
-7.286684273322752148e-01
-3.652656926822128725e-01
8.254670606953393719e-01
-4.648963286401368578e-01
5.871855508164954829e-01
-2.475661348723288135e-01
1.661697864400690783e-02
-8.675951839784022956e-01
5.412088977721405403e-01
7.501234669935995525e-01
-6.693376417153930336e-02
2.396522939021609178e-01
-9.381162566057026364e-01
1.110122706745186871e-01
-4.384972778107674718e-01
-8.346444796677324751e-01
-6.136947787469917426e-01
-7.032945347584311779e-01
2.284208174913535672e-01
-1.953736540163439894e-01
-4.330227113853427623e-01
3.789187304272721435e-01
-4.048204913041283382e-01
1.173323210491643342e+00
-5.630841097655743255e-01
-3.311826259490500135e-01
-8.853475421904443143e-01
-1.551867863285739113e-01
8.289726662249269351e-01
-2.780711888098405526e-03
-3.614542227603867453e-01
-6.416175483024291193e-01
-2.637956416401945892e-02
7.216306769534635013e-01
-5.317305385936917927e-01
1.325507572159039027e+00
-6.538743780739809663e-01
2.899655475116076353e-01
6.313925053501383555e-01
7.852459380263343558e-02
5.732877885615959013e-01
3.449197906335680353e-01
-5.453079076716671469e-02
8.401999489172615743e-01
6.740041816713329137e-01
-3.017060494321501807e-01
-1.126824414866136742e-01
-2.064588946311349815e-01
-2.457602738454847668e-01
-3.868324759516261757e-01
-8.146768641394186439e-01
1.361155833376275215e-01
3.404967797975060328e-01
-1.068814884518607178e+00
-6.540279008664728888e-01
1.195865706274503171e-01
-9.825684950938324835e-01
4.053375550738869126e-01
5.622077061070924753e-01
-5.039862104314707381e-01
2.490467221118008723e-01
-3.909391502270604946e-01
-2.387160455138345461e-01
6.126812752837773601e-01
7.467877046641405725e-01
2.496736607633033844e-01
-6.607246767699613832e-01
-8.290973079120819156e-01
-1.251618425609150320e-01
1.002234342497955455e-01
-1.033060965374634543e+00
-4.968188104718249121e-01
-5.797028668974517629e-01
-1.578398997952348282e-01
-7.590721104544154163e-02
-4.963367190695381348e-01
-4.406704385087086284e-01
-3.858582567267159202e-01
1.409336077675928944e-01
6.782676210255439431e-02
-2.944282316897148810e-01
-6.967371874611539839e-01
-2.589674933349015995e-01
-4.636112542520148816e-01
1.249113813249982385e+00
1.000000000000000000e+00
-5.730671205385351463e-01
-6.553367315050990793e-01
-6.090661858284006636e-01
-4.993632811138215555e-02
1.015208121797638974e+00
-2.470679192171496008e-01
-5.687322924871844876e-01
-4.627312990162185669e-01
-6.796733673264432340e-01
1.002061474592019330e+00
-1.987301428467227182e-01
7.923685987825476729e-02
9.128454110600714433e-02
7.989088619433170058e-01
-5.008229490811552109e-01
-7.343597153098890828e-01
1.200394823360392937e+00
4.118338679645923706e-01
7.416410116410123710e-01
1.614276486986709891e-02
4.435614934025172706e-02
-5.032315593056645442e-01
2.632342297900752692e-02
3.709399792815154528e-01
-4.119577951748619182e-01
-6.532560502976165751e-01
1.543217111701172817e-02
-1.000000000000000000e+00
9.816129652316539778e-01
-3.137616945321587414e-01
-8.155895247793724101e-01
-1.727857484511949315e-01
-5.789898054331948929e-01
-9.150735192325560874e-01
2.076788653912600147e-01
8.126088345748084807e-01
-4.578104951885050289e-01
-2.508711085902006754e-01
5.211102212950513568e-02
-9.921338102709895690e-01
-9.871299340452854842e-01
2.693357100655370817e-01
7.829062595226723986e-02
-5.750406872494170374e-01
5.702940464528845066e-01
3.292837097329516238e-01
4.960644059812248652e-01
4.207531421108962610e-01
5.662972974067491672e-01
3.308450478463675903e-02
-2.918196077157969026e-01
-2.389155732005027177e-02
2.634557268830181043e-01
4.021313545730405004e-01
-9.055558315430392025e-01
-7.365726065913980047e-01
6.147179718597334253e-01
1.373203692401911979e-01
-5.838272695183076566e-01
8.039871816536656723e-01
-2.919895689148805373e-01
3.199239178745781342e-01
5.091469395543584131e-01
-8.071337839276419013e-01
6.121900020477082371e-01
-6.017297141272219818e-01
6.288060695896983132e-01
-2.214649874513926475e-01
-1.045569231589116743e+00
6.711967807367891226e-01
7.180669501752074968e-01
-6.515448450412494319e-01
7.572024113520055000e-01
-5.692234491735460589e-01
6.121342323311174116e-01
3.703070679100752272e-01
1.933765794264546145e-01
-2.050290430043441026e-01
9.643069188002060255e-01
5.752772988771639451e-01
-2.331364501424483260e-01
-1.645609097303381008e-01
-2.891728741743680997e-01
5.395034707831649623e-01
7.507051739072820862e-01
1.327942068399399211e-01
-8.519002341277162049e-01
5.414697202045812841e-01
4.595000488765361712e-01
7.515593900327821597e-01
2.635814836546958029e-01
8.445611112998513414e-02
5.384290794738595398e-01
-3.283590131485703556e-01
-1.827751633037436041e-01
1.348910928888449323e-01
-4.421018906247093927e-01
4.256280658493550306e-01
-5.760803031409006403e-01
2.654620416902478963e-01
-5.611723464784236226e-01
9.629229457298248418e-01
-2.618257954714993119e-01
-5.255135171044935660e-01
9.540902835653549685e-01
-1.007613811713820695e+00
