-6.473971519146632936e-01
5.130859634844482375e-01
5.718104751667412167e-01
-3.905301995090370015e-01
5.618036059244014835e-01
7.743713988280070959e-01
4.622190074457058206e-01
1.043976290114191352e+00
-7.186460093306911157e-01
1.374873377615282832e+00
1.434698668120182763e+00
5.296170132839672640e-01
-1.744927458182490843e-02
7.667318470341683012e-01
5.211991150896781999e-01
-1.397550262124987452e-01
9.756598718238118639e-01
-6.480439300047823314e-01
-5.693163575825471723e-01
-5.126854843459831557e-01
-2.404663624027054136e-01
-1.530999765683131453e-01
3.595023519103920373e-01
6.817213077857610104e-01
9.272976374123087506e-01
-3.427906905866565657e-01
-3.220035725938622528e-01
1.129552586257345448e+00
5.533669260386067101e-01
-2.470852121222875120e-01
6.803314613744865236e-03
-1.627948925873412556e+00
1.001491543125089034e+00
-1.219953514655892857e+00
-1.036576809695585855e+00
5.440298341612296307e-01
9.025043390550251399e-01
-1.065961895011279692e+00
7.368585523033867046e-01
-7.671223734598762167e-01
1.383074964193113043e+00
1.108100535267863451e+00
-1.421532987932619396e-01
-7.672770371462336314e-01
9.638452283720075897e-01
8.202282962083418116e-01
1.009138010580117539e+00
3.018367003126111725e-01
4.168792367087217343e-01
-8.689501352790733879e-01
-1.073690962504729729e+00
3.202687270470781500e-01
2.101973774900751657e-01
-6.171329436041078642e-01
1.534962567575496872e-01
-3.042405733123041967e-01
-6.793009519435643240e-01
-6.579331680682214412e-01
1.075008192320932920e+00
5.280788878442053275e-02
6.515101354635437492e-01
-1.205645907665931604e+00
7.890714233760617868e-02
-9.334013617658473150e-01
-1.100798741143511061e-01
-7.015313585824508591e-01
-4.116616204339018092e-01
-7.971694547650371998e-01
6.379593647052924643e-01
-2.829057842472155748e-01
-1.146720460135262076e-01
-1.340115561864346105e+00
5.374541481316211788e-01
9.929675219247070528e-01
-7.783521472403484021e-01
1.227429003440247079e+00
-2.293274242540597196e-01
4.903808048964094501e-01
-4.429074929541278460e-01
2.349519147020040499e-01
9.183596565110258014e-01
2.888243176737674278e-01
5.507740483046530411e-01
-4.974093383708850791e-01
5.127386419050522504e-01
4.185165310384770798e-01
-5.626859603769795992e-01
-8.860672470358073038e-01
-3.365296922017538828e-01
9.164556536817466403e-01
5.338491325200678261e-01
5.780163570001278783e-01
2.572078487085115994e-01
3.419248841004240980e-02
9.680853548137072773e-01
5.360205795052713773e-01
2.396239218003348714e-02
-1.609007209408492622e+00
2.400240422499295423e-01
8.427867015996792777e-01
7.063949539868227268e-01
-5.578346894363925834e-01
-1.204372539425730970e+00
-7.766526731253954319e-01
-1.924440190562892172e-01
-6.305209361961339187e-01
-2.384511311913133647e-01
8.962595306033107612e-01
-5.066104080817607214e-01
3.443349636681352632e-01
-3.859572291730807847e-01
-3.301210909013118089e-01
6.576146490524568122e-01
5.229426174487692425e-01
-1.034194826500332676e+00
6.003039028429080215e-03
8.021213612516295832e-01
7.073035589076334118e-01
2.234336811162717928e-01
-8.910178178642647051e-01
-3.843011702690745102e-01
5.947040437475424601e-03
-6.303213357695582886e-01
-6.494654201782084080e-01
-6.795670432425203744e-01
7.993262200446425991e-01
-6.132428944297426548e-02
-6.273530734470631476e-01
-8.043927857745210019e-01
7.904311550762173066e-01
3.032609735455005229e-01
-6.429098808109381391e-01
2.408082800419202307e-01
-4.626748738405064842e-01
-9.002115577541862645e-01
2.049508178655074786e-01
1.012952995440217774e-01
4.443376756739932931e-01
-1.820828648504239644e-01
7.667931715038602825e-01
-5.734128754266825112e-01
8.808007561092606741e-01
-4.303982449141452449e-01
7.139345448487129930e-01
5.233585645943982234e-01
-8.092101878002417870e-01
-8.481268902105849605e-01
-1.235557761953947509e+00
-8.605295004414520443e-02
-1.336792206272689576e+00
2.580719730302997172e-01
-1.054456423634136275e+00
-1.635031600816136077e+00
5.115173660372234199e-01
-5.064119582169622769e-01
-9.218192567280031335e-01
1.101948857667937709e+00
1.565258634756437894e-01
-3.184167833751631038e-01
-7.832268568999182223e-01
-1.380613477164128466e-01
-3.728372305405361908e-01
-1.322093983326299294e-01
-8.649256973947783145e-01
-1.332485427017613633e+00
7.060177264379514650e-01
1.191579882031187088e-01
-2.229249794125764406e-01
-3.207313008014209266e-01
-1.572880367968921833e-01
6.198781138439309890e-01
-1.192117460165933229e+00
4.653955887739345543e-01
-2.504772322873092261e-01
6.755925316524813429e-02
4.671159349065884259e-01
1.940051097153269455e-01
8.434023737629104955e-01
-6.053100881302159175e-01
-8.746613794561977073e-01
7.211014844147911607e-02
2.036056593914707946e-01
1.042711652103539555e-02
-7.035153283256218026e-01
-5.109703034457550030e-01
3.147936392678340467e-01
1.249858800731858288e+00
5.751339557173977823e-01
5.348466438331552775e-01
3.713150001188263993e-01
-3.321461786788188486e-01
2.441070098774885677e-01
-4.549692119013455383e-01
-4.733219324424942087e-03
-8.951504764019696525e-01
-2.263426792167093915e-01
-6.341071618220793793e-01
6.999813770542724356e-01
-4.564181274506704522e-01
-2.776559452945225326e-01
4.499289593849392643e-02
4.677474779687628148e-01
8.430909723309727433e-01
-3.657436634666221265e-01
4.553649210416920168e-01
1.068428368820939722e+00
7.997333816566714049e-01
6.261880405049111697e-01
-2.751443173309430640e-02
4.658752116373965357e-01
-9.230175028723812680e-01
-7.541916109946407154e-01
-4.442184245743856508e-01
-1.756058143423098183e-01
-1.478962484565776947e+00
-3.258557568475953792e-01
-1.197823037630948662e+00
-4.592570505593528418e-01
-4.107090959080546555e-01
8.684101959432788398e-02
5.184151602088737931e-01
1.050972397783287882e+00
1.800732103922967620e-01
3.093794941047169900e-01
4.634427271468990472e-01
-6.279780753548741545e-01
-1.019744367192554790e+00
1.171650739827666099e+00
1.041121549728640794e+00
8.457616110208523996e-02
5.309992276174357873e-02
8.135588974064033030e-01
-1.154689770998653442e+00
4.210839233841763285e-01
9.339305014302698993e-01
8.001564016847853011e-01
-1.096678404786261274e-01
-1.257906290211509903e+00
-5.227765456299168223e-01
1.994827856011138212e-01
-9.985330655739754757e-01
-3.120508335396716126e-01
-5.819721538992241872e-01
-4.583257177549261985e-01
9.716397694275675789e-01
-3.108754905900901200e-02
7.201908564162268211e-01
1.324022422946008248e+00
5.757169178714852675e-01
-5.098321136485630678e-01
-1.031199783153690097e+00
1.404477454319591256e+00
4.946740704178806403e-01
3.402726237635506079e-01
9.808116462204968800e-01
-3.038692503547790191e-01
2.329759923115421738e-01
-6.332956242552101322e-01
1.679462312817039116e-01
4.356915110531320301e-01
-6.454242563097627450e-01
2.850241666334321078e-01
5.965079627309797239e-01
1.029272455142572928e+00
5.184083380432960020e-01
