4.170069225294741333e-01
5.435741929619823942e-01
6.315208991654305271e-01
-3.379490686319526205e-01
8.051256873191210417e-01
9.329693149589649015e-02
9.581867862602684305e-01
4.654061185999207595e-01
-2.876011999340593039e-01
-1.483569483522373389e-02
2.937223397854431539e-01
7.669715525971951831e-01
-8.800948142979654332e-01
-7.037985787212378552e-01
-2.919102319492781206e-01
-7.813333774465803794e-01
6.436207224714918240e-02
-4.274033409344897283e-01
6.150666649434972655e-01
-5.284109520828161877e-01
7.555224341528434806e-01
-2.654681039020914124e-01
8.175110479574397571e-02
1.537559753924329087e-01
1.711275352349317380e-01
-4.134459870629025313e-01
-8.312738696040427033e-01
-1.734878550624658344e-01
-1.947478839707030840e-01
1.174657158548455538e-01
-1.000000000000000000e+00
-4.345171092105384325e-01
-2.807628578387115770e-01
3.998535694210487712e-01
6.381804629204774759e-01
-7.686123386897341092e-01
1.383287823695136254e-01
-7.649431555908652314e-01
6.128506045822756931e-01
2.958109032450198517e-01
4.372100178870881315e-01
-2.509684066217614529e-01
-5.851780719860730784e-01
-1.614346255411158171e-01
-6.622041651113286242e-01
3.995665214743218119e-01
5.886446396731501718e-01
-3.454209994249795024e-01
-8.209150769272241521e-02
-5.494442684955940237e-01
9.098608874216127518e-01
-7.081388241287198682e-01
7.999497421449470735e-01
7.421147866963158091e-01
2.890741519782475955e-01
-9.833551575673618039e-01
-1.404189472868606625e-01
5.411423554476706421e-01
5.500662891862728721e-01
4.714113870507478099e-01
5.649746387653287183e-01
-1.000000000000000000e+00
6.062508042579881073e-02
8.985550229059768856e-01
5.035266830862766829e-01
5.251882305028494624e-01
-4.490635889514462686e-01
1.000000000000000000e+00
-3.666462429682806334e-01
5.925256728844781051e-01
-2.281055676685191658e-01
-2.042951381349285001e-01
6.438665365397361340e-01
-1.107959605201920272e-01
8.153190670391088357e-01
-5.699539405226463629e-01
-4.335399359134123887e-01
-7.450853242775488106e-01
2.268328234657064346e-01
-6.822059809667166963e-01
7.504555613969403627e-01
-5.534214388935334572e-01
4.101595364494086127e-01
-1.010112961779920937e-01
-2.731174977639172496e-02
-1.000000000000000000e+00
6.312401646400753741e-01
7.165873936852928949e-01
2.565107342432615400e-01
-3.781159786376735443e-01
2.876422839093519812e-01
-3.610287335301541334e-01
4.451935892257972149e-01
-1.839438813482665580e-01
-8.750581820899332453e-01
4.968850067666905623e-01
-5.194227320098927514e-01
-2.488310726667051220e-01
-3.587392664096075157e-01
-7.992705907476043148e-01
5.536593189942906612e-01
2.056117561601236154e-01
-5.938250713244337398e-01
7.333123085650972151e-02
4.733585701382565514e-01
3.748881602697407001e-01
-1.000000000000000000e+00
6.872829141997138791e-02
2.870456317612020136e-01
-1.650776059514647010e-02
-9.002358078894072690e-01
3.455993535200225786e-01
-2.401977151377820974e-02
4.290676547746035130e-01
-5.145463133406527056e-01
-4.005591794814524764e-01
6.863129358127715296e-01
5.733059796816926124e-01
6.254234021548845668e-01
6.399831624145455589e-01
-1.818625456223383896e-01
-7.783695367972383039e-01
5.906152565327729143e-01
-5.199821543876296248e-01
-3.087104432937259890e-01
2.924776137234788020e-01
-7.099097676709624771e-01
-6.894375674809924970e-01
-4.235646341398815462e-01
8.908340025092308379e-01
-2.587270180161416189e-01
2.395923249654408060e-01
-4.671500689914456217e-01
-3.634379633749923455e-01
2.354705413511986867e-01
1.000000000000000000e+00
-2.636683407737068219e-01
2.987355003119731567e-01
-2.528952699318191555e-01
7.736091410174410488e-01
-1.534012145147580775e-01
1.000000000000000000e+00
9.619770273589955956e-01
7.985157581574704455e-01
-6.953803767958369741e-01
7.489290310700114084e-01
8.333189798038194152e-01
3.978845919883014504e-02
-3.043583214765548384e-01
9.695903629924465528e-02
-1.000000000000000000e+00
1.727689728255616952e-01
-3.865715279688490824e-01
-9.564834973409930274e-01
1.628565785557314349e-01
-4.612073051588969630e-01
-8.009143706179415734e-01
2.521037457248787583e-01
-2.811417815426209277e-01
7.562291628933069942e-01
-1.000000000000000000e+00
9.032667725147438542e-01
8.446744699332648931e-01
-8.086608869345108808e-01
6.272621152546069556e-01
-6.199476516573144691e-01
7.795204337696522989e-01
1.000000000000000000e+00
1.451149782988949422e-01
-5.685605389746776206e-01
5.057032512341779196e-01
6.325033089127483077e-01
-2.496982153749575939e-01
1.000000000000000000e+00
2.501116492111395417e-01
-6.327081677432684348e-01
-9.615700506408209058e-01
-7.839238281863365465e-01
-7.181602900643191401e-01
-9.926834001496256388e-01
7.905180633820614311e-01
1.000000000000000000e+00
2.512986374461205763e-01
2.934317498739191787e-01
-8.693184808613589887e-01
-2.689914343267996166e-02
-8.149090248401424930e-02
1.070993968675432173e-02
6.051343085485005879e-01
-7.532715501232938315e-01
-7.981644692925888851e-01
-4.791936205751918809e-01
5.068159147111419571e-01
2.184181478736799686e-01
4.997282907927688145e-01
-6.371202060207281637e-01
-7.514783283388848378e-01
3.718153791836781297e-01
-3.738772320892915779e-01
-8.269474905561855493e-01
6.356242502784659187e-03
8.749438173681738373e-01
1.940496117067478377e-01
-3.457571878191829651e-01
5.280153926707564782e-01
-2.828766062076759624e-02
-2.443234471132963437e-01
-2.352681224026444973e-01
3.839819304588185656e-01
9.479306368680088246e-01
7.387948331255935752e-01
-2.726560947569367510e-01
-2.280762196082917193e-01
5.121989126558569305e-01
-2.488294773226515932e-01
3.414602894919651632e-01
1.933448440190248530e-01
-4.024698837211213576e-01
6.233460050739936253e-01
6.039072254141617524e-01
-2.788308591663974934e-01
7.535391688542607547e-01
8.068192664802138481e-01
5.778612830169795878e-01
-3.322179104377014358e-01
-6.196825133676654440e-01
5.669006066513115893e-01
-6.281377453364744845e-01
6.700498949094813028e-02
1.025716802586915666e-01
-2.551310136316318200e-01
8.330952912675064770e-01
-5.476953231015315726e-01
7.385228210659930959e-01
1.000000000000000000e+00
9.951821424527573789e-02
-6.250881096280025417e-02
5.801113886828631605e-01
2.738137017366266135e-01
-9.661538301651482197e-01
4.254220010322841139e-01
-3.256033668216444799e-01
-9.607203815904430400e-02
-5.461931332212321966e-01
-5.116429161481028665e-02
-6.533518607454644189e-02
-4.597914233119750893e-01
4.475874188166616419e-01
2.534170496464678290e-01
1.954867429765545506e-01
-3.728879357325092236e-01
-3.887161175423910486e-01
4.870954958971764892e-01
7.197564488212739864e-01
-4.556108264015248377e-01
-6.192202874006078606e-01
2.663349639629282728e-01
-3.896643858890576073e-01
-5.635913577548855580e-01
2.741898141682681533e-01
9.824660641762721358e-01
6.242483210619245160e-01
-9.416052431824522007e-01
5.182178273252333600e-01
-6.771616365135730842e-01
