-8.015783768726691960e-04
-8.772420833116041372e-01
8.731225137415861148e-01
-7.083315641180596423e-01
-7.928786025328509179e-01
-9.013591978443002972e-02
-4.172936826673931954e-01
6.226249230310860749e-01
-6.113766044177881831e-01
-3.285395630006371359e-01
-9.157792599075056383e-01
-8.517255927171532015e-01
-4.511363293884544934e-01
-9.643722801549325929e-01
-1.030867073812244961e-01
8.608764432853512893e-01
9.780312094674079582e-01
6.066209628584682267e-01
-7.040047636948498777e-02
-9.055558309119537963e-01
7.662342979794178888e-02
4.557636017189534705e-01
-7.469121479753511039e-01
1.414788279881074029e-01
2.996134380603112657e-01
-9.042917209165344250e-01
5.676708282823961227e-03
-1.153938590134540032e-01
-1.464833196026018580e-01
8.524909950291619243e-01
2.510593495551372012e-01
-6.072821120229672243e-01
2.458873529511926836e-01
1.954172947540817606e-01
7.917127576529117139e-01
4.806841055320398848e-01
-7.580302633304305537e-01
-5.727538707447354938e-01
-7.641727882294175878e-01
-8.650976339284135452e-01
2.536654645188758384e-01
9.987129845424882468e-01
-3.923742973122386068e-01
9.490424831890620361e-02
2.114206936673066473e-01
-6.113982295311142234e-01
-4.716015559241533150e-01
-7.688217513490742672e-01
3.271207404140072939e-01
2.694168419768032674e-01
-9.058200993764948805e-01
2.784130740386547842e-01
1.058337464978735820e-01
7.929779768914830829e-01
2.807886139498820821e-01
4.469899120161000550e-01
-1.895721709891218243e-01
6.976221607230710386e-01
3.266239819885976559e-01
4.169940290051021847e-03
9.167166299904678795e-01
9.345480617030406112e-01
1.168946892600994936e-01
-2.327450181489032488e-02
-3.760761038918476462e-01
6.859412889592553242e-02
-4.257306575901369516e-01
1.649568182213063672e-01
4.233897244837268037e-01
-5.705829536069213503e-01
9.019979876502326466e-01
2.072752495852325794e-01
1.928492330510696018e-01
-3.906759468352414277e-01
-9.795177122594838082e-01
-6.032140725052996810e-01
3.282449999575831612e-02
-4.838398575271802837e-01
2.271068359834289563e-01
7.240267552698758102e-01
-5.403811560665765512e-01
-5.660871833352651983e-01
-2.940393536882868197e-01
-4.913041117325589457e-01
6.904453783309376647e-01
2.637419440250776681e-02
-4.374245943757051336e-01
-7.220809058356647547e-02
4.219718260646945218e-01
7.092517247382215118e-01
9.925605376496882126e-01
3.920266489311896585e-01
-6.633106157446910789e-01
-6.069485266967993287e-01
-5.914922009251799562e-01
-4.501041455775998124e-01
-7.941814372508737563e-02
-7.248510490828155017e-01
-8.313530751405564523e-01
3.820972648224161272e-01
3.664382502768650518e-01
5.745304504924566569e-01
-4.514070018313085519e-01
1.174263621821833858e-01
-1.639909113145086028e-01
-2.607267357641440686e-01
8.385828898397686970e-01
-1.267082295591195340e-01
-6.111277357706585978e-01
5.621350674373439826e-01
-6.845546070208337053e-01
-8.439628746473013532e-01
-2.594999199378857924e-01
7.334901849299588772e-01
2.803196358479018713e-01
3.247158210975951143e-01
4.139134614022443870e-02
3.468138840606957984e-01
-2.202774757836944985e-01
-3.020336916655388393e-01
4.303845329103861417e-01
6.721008848928093915e-01
-6.824516930905855094e-01
4.838896379873380837e-01
-4.400906340621781876e-01
-2.925360034956758781e-02
7.924194359066196736e-01
-1.799842032219927113e-01
5.697618047323647072e-01
4.858738336657193457e-01
5.710396890307971596e-01
1.318568876387309352e-01
-4.302765021701098203e-01
-7.045708746969343572e-01
-2.350798857501830152e-01
2.644731754547571256e-01
7.911103966369259499e-01
-3.654610729053258122e-01
-7.017551635397927257e-01
1.470892821716152099e-01
5.406092929666224123e-01
-6.794005861334491136e-01
-9.964954884746366481e-01
3.172711976007620560e-01
-7.029621415358258130e-01
-6.931347194946269052e-01
-8.003113639221186570e-01
8.287894984669448295e-01
5.472552751556145623e-01
7.129225408837029931e-01
-5.248732874309516294e-01
-4.443477302443827881e-01
-2.406449131840528999e-01
9.097724452153932440e-01
1.789608449143835767e-01
8.981389393600487381e-01
2.680675817005344630e-01
-8.622390487061495357e-01
-2.208539739161645699e-01
4.331870558207941979e-01
-8.262355532435414762e-01
-1.016608000736889394e-01
-7.584581857090466617e-01
6.255566742743767783e-01
-2.175511983151401374e-02
-3.218299218962885622e-01
-1.829648598231563561e-01
5.553945164629192632e-01
3.384226218895203253e-01
-7.589358766094087549e-01
-9.815556941641179201e-01
-3.913025881705283204e-01
-9.359499222238223393e-01
-4.233368448590901778e-01
-9.894778066865406174e-01
2.162259413425176025e-01
3.334772623611481634e-01
-1.744654566410224206e-01
2.793671689838661543e-02
-1.087105126357974516e-01
-7.180806863423017106e-02
-6.426845602212141184e-01
4.518910866565040152e-02
8.616641304005696611e-01
-4.737283867830128781e-01
-7.657329352529516076e-01
4.798040063790425247e-01
1.562710037569254862e-01
4.194233557118394184e-01
-4.211908741461916073e-01
8.703075700589233410e-01
7.236569441176856632e-01
-4.788807718278054182e-01
4.764535241455547521e-02
4.233010888996429077e-01
6.066858828662584635e-01
-6.871993084174847777e-01
-7.048739079891430670e-01
1.376712313079491157e-01
5.691725819494553029e-02
2.741244540834337773e-01
-9.024944329635091744e-01
7.110521960239271078e-01
8.592417574084481036e-01
-3.844675251687090789e-01
-1.449785126195364260e-01
3.289526863626410780e-01
5.249519596819531841e-01
-7.954724917040323362e-02
2.048228326617458350e-01
-4.427337156399595575e-01
-8.009105822290349952e-01
2.824595858330736231e-01
9.993133369071640626e-01
7.702821924841589674e-01
-7.241860869790208710e-01
-3.707298016619164915e-01
-6.306309183502800675e-01
-2.596149567175805029e-01
5.398675395326923976e-02
1.152130993693400995e-02
8.018464450331208582e-02
3.974202375630080386e-01
5.447802156950352082e-01
-1.420276353218055121e-01
7.288243539802188309e-01
5.692425960584788225e-01
-6.477595600697316769e-02
-9.009066678487358537e-01
3.635389846824832460e-02
-7.733012934012502004e-01
4.522733501393421118e-01
-6.528759445281488993e-01
2.742330273142767894e-01
-1.316423628127718626e-01
8.028800347310989238e-01
-1.086056000810955435e-01
-4.710240858211678372e-02
-9.007130635652338402e-01
8.288281167227322666e-01
2.812454080720288019e-01
-2.905172529079402821e-01
7.260002133888261433e-01
3.539665863852661243e-01
8.245774923126489853e-01
-1.431113175042686425e-01
-7.069187222948736249e-01
1.688842616348298353e-01
-1.204857291214072035e-01
7.047273307123580466e-02
1.719764234738807573e-01
1.584831436875644428e-01
5.984612797380497451e-01
8.477433378109151541e-01
4.909813206760811344e-01
4.622729643970036051e-01
-6.981240066313343373e-01
9.929674445781608849e-01
9.869278975889117511e-02
4.853891903504856664e-01
8.574506493085931602e-01
5.057321677129549276e-01
3.778928080488430652e-02
-5.049569911346081241e-01
3.399991046280046447e-01
