-1.663634360462055983e-02
-3.006866426907133238e-01
-1.327958786448831321e-02
-2.583793534153331906e-01
-2.877380928691439799e-01
-9.829832345794398130e-02
-2.172526614005891865e-01
4.112175934883957051e-01
-8.001218690323548266e-01
4.801841004485958297e-01
-7.344961152103974822e-01
1.812924831340154697e-01
-7.252031794381148533e-01
-6.819028427390327884e-02
-3.263872748457872230e-01
-4.632288915972358756e-02
3.852204355791075674e-01
-3.352562100611413132e-01
-4.031082049391681021e-01
-3.994097076105331823e-01
-5.792151814107503460e-01
-8.788770404847334738e-02
4.221627227532856463e-02
5.840432947249718509e-01
4.209488768264619818e-01
9.240259427882926424e-01
-3.044330815415843272e-01
-6.696889391187605955e-01
-3.413059161292049115e-01
7.507355574800240738e-01
3.438901314838498369e-01
3.460758684907146998e-01
4.667998987685224588e-01
-1.374906447561052569e-01
-5.194551225125594307e-01
-9.418865042212769545e-01
1.119935143014052503e-01
-8.459152610599355304e-01
7.544315410246276166e-01
-2.689338951909758801e-01
3.875025908417666365e-01
1.000000000000000000e+00
-6.893543796012744362e-01
1.038036094745340421e-01
-7.825777636980979501e-01
-5.123605571787614998e-02
-4.481427624316952629e-01
-3.221550300712015813e-02
-2.158612906711301349e-01
5.214807891442181376e-01
3.825035203667950245e-01
6.123782157630802692e-01
-6.481836989782370217e-01
2.691333814365990396e-01
-4.746667420651942138e-01
-5.216095338429085349e-01
5.835568726178186338e-02
-8.170902818735370499e-01
4.874073028627665671e-01
6.995878327347230252e-01
1.819248613987365371e-01
-1.775654212770915730e-01
-1.968706082059910878e-02
-1.719701585024688839e-01
9.497357909313656199e-01
-2.123605014495559828e-01
-3.720969869272069963e-02
-7.922395091635106024e-01
-1.359851956652574079e-01
6.891340505521987847e-01
3.440285244618126459e-01
2.196190341763506471e-01
-6.307499726856600208e-01
1.666742313833922129e-01
-8.762444152303854317e-01
7.390054901377989260e-01
2.924995019613029212e-01
-7.239927436378150727e-01
-4.739710972537174438e-01
-5.085394296559568872e-01
-6.876765379650182641e-01
2.462715893777998044e-01
7.739677644796705280e-01
-3.008082997140263948e-01
4.083576706477806684e-02
5.919076877435913708e-02
-1.359972074890012372e-01
-2.200487204688788001e-01
2.639547902585881456e-01
-9.300810892910564842e-01
-7.500043236714367678e-01
2.109941204542511994e-01
1.190213884303306102e-01
-8.475881728879197663e-01
1.097677116282125276e-02
4.984997466070342220e-01
6.542326968116074504e-02
-5.054982334937380140e-01
7.695849800651104466e-01
1.316605273573632218e-01
8.438485189857234392e-01
-6.306253657869347329e-01
-3.042365762473782098e-01
-1.255099099620848868e-02
-6.239320857305759027e-01
-9.550567770231014331e-01
-3.767521566753704310e-01
1.893850804456854303e-02
-3.181726477497697214e-01
-6.066916811151988886e-01
9.847045281659163596e-01
8.454081139966294067e-01
8.832213269691353563e-01
-7.636309141849519921e-01
-2.249536194701373670e-01
-2.142788587772104236e-02
5.015417593062914126e-01
-6.928926567984239338e-02
2.334194068568382630e-01
2.479618086425272594e-02
8.216919526690382725e-01
8.797605261735710336e-01
2.639030253804535153e-01
-3.217900175613688241e-01
-8.011048052685387777e-01
-3.362833837335348353e-01
-7.020834670543336653e-01
8.656304508665748632e-01
7.550429851115995072e-01
3.252392592676993655e-01
-8.380914485105585010e-01
-4.221922740998333978e-01
7.497269089737073067e-01
1.633735991010703548e-01
7.155692449558634927e-01
5.341256459559298730e-02
-9.653641806593757924e-01
-5.047102688355260547e-01
-1.000000000000000000e+00
4.335067514632638952e-01
4.895456767470817705e-01
1.796627478439014880e-01
4.976389390373061605e-01
5.410334323797370004e-01
7.629905992156662542e-01
5.255312232633242431e-01
6.830916309249390750e-02
-3.303806462424056789e-02
3.165723076083948317e-01
6.925915120222969623e-02
2.155359221576997886e-01
-7.806550241867677986e-01
-1.418114972682693598e-01
3.446925454181852810e-01
5.117455009090841056e-01
-3.766140620613036560e-01
-9.121928320801613310e-01
1.648370542719312382e-01
6.001438192827299734e-01
3.972843525548122035e-01
-6.021350938680263276e-01
-8.561421814089693605e-01
9.881356033340209510e-01
9.683021592794682775e-01
-1.000000000000000000e+00
4.264630914627807190e-01
-3.573159153983156422e-01
5.661170122460340570e-01
5.201686340007320997e-01
-8.530671759610548577e-01
-7.943447515745218901e-01
9.769884753448729864e-01
9.892651344791625334e-01
-6.084013649789511424e-01
-3.494704746513761506e-01
-1.677225857175781432e-01
2.925000140996425468e-01
-9.578791070409136132e-01
-9.095409259475024655e-01
3.691002081754000130e-01
5.612599746103927867e-01
-4.581487515386728493e-01
1.433750751254549982e-01
-5.529762359715501008e-01
-9.982682453730729044e-01
6.926559077440324064e-01
9.127313160688252935e-01
5.746135533527578776e-01
-2.249071511797060552e-01
9.803626939785208272e-01
9.173286311473168031e-02
-5.116843112334663601e-01
-7.512297351592511774e-02
2.527047553695662696e-01
5.772407087294727929e-02
7.592138215422532532e-01
-6.128824263599532696e-01
5.667748991702270533e-01
-8.340039450400427157e-01
-4.150483918746664114e-02
7.538911016104203888e-01
-1.582772143991671709e-01
7.551124866111817990e-01
8.302947882966140725e-01
3.929507704779591215e-01
1.000000000000000000e+00
4.582572608680947068e-01
-7.563783938105494986e-01
-1.383325263851735709e-01
-6.228630601128699595e-01
9.063809532481241771e-01
7.231173663930398621e-02
5.229291823597881361e-01
5.096469087934351050e-01
-2.076737558987962196e-02
-8.197840397611220187e-01
7.900486305835094925e-01
-3.636162748605904493e-01
-1.178487553712899150e-01
-3.783311878378254889e-01
2.311779105746318841e-01
-1.966656910823556537e-01
-5.535088010304605177e-01
9.226065448249975987e-02
-7.945076437394028579e-01
-3.212299525414548107e-01
-1.328218720353881999e-01
1.876356570138599800e-01
2.354752876836013475e-01
-2.046261721954163448e-01
-2.627702715659749888e-01
1.000000000000000000e+00
9.177490801599241799e-02
1.907583457249970582e-01
-6.778473776686421148e-01
3.818248247915985161e-01
-5.289351196766842733e-01
-8.715703753884920246e-01
4.922400142150311075e-01
-5.315060187997961982e-01
-9.184780602615940648e-01
-4.934051353589827826e-01
-2.201164965628369941e-01
-9.779251954227345944e-01
6.063400385513162405e-01
-6.746155523157337797e-01
2.748776282146958572e-02
-2.041502683888902769e-01
6.010297011334841955e-01
7.368873105408310087e-01
8.811654463014739758e-01
-1.233673578844479840e-01
6.461636270246052804e-01
-6.889374489920885303e-01
-7.938611547389624601e-01
5.582010544524913520e-01
9.161240570990897281e-01
-1.863624570165898220e-01
5.275999168711391629e-01
-4.888960546694054443e-01
2.269548934150724118e-01
-8.784889173868384304e-01
4.582507735438237639e-01
3.613668915445097940e-01
8.160357636907443479e-02
