2.875402460420484196e-01
3.482312872480171073e-01
7.386576792035886019e-01
9.653423770870062093e-01
-2.242325283130301994e-01
-2.785496016273965036e-01
-7.816143821361341004e-01
-3.728952222727206500e-01
-5.436831015172147730e-01
-7.984146400258553822e-01
3.658675016453407647e-01
4.749418149019448698e-01
7.536386652341020564e-02
4.622854989843636631e-01
-9.745492983108798857e-01
5.906807265804594476e-01
7.180039757443221760e-01
-6.512049589791828463e-01
8.744258326437999163e-01
6.015830536401278739e-01
1.490513963987631918e-01
8.524598914979097941e-02
-5.914711573918225440e-01
-8.065458663661191352e-01
-5.844049976082654752e-01
-2.159874905950656121e-01
3.568258603577958432e-01
1.110951442685814694e-01
5.307471694790126815e-01
6.473909527289360977e-01
-5.079223985123282326e-01
5.606901745621000188e-01
2.722771137251582818e-01
9.709181928969508046e-01
2.013966012518992876e-01
-3.147851466088213979e-01
7.912097491771998836e-01
2.273761490977754818e-01
8.705094747530759403e-01
-3.083706230878549004e-01
7.313532290740081265e-01
9.105136825403268297e-01
7.952880517559222096e-01
2.388301442957236898e-01
-7.400978109768201474e-01
-9.970259947156261404e-01
-3.439443616081283572e-02
3.650982260603266027e-01
7.395553136186050480e-02
-5.312708633289209281e-02
9.945073230686911625e-01
1.757618886075156261e-01
6.638860102613139968e-01
-3.937612028474528625e-01
3.960862391933310800e-01
-7.262159217763071162e-01
-5.405079362133218268e-01
2.021980188555087543e-01
8.361429919373692954e-01
5.216720094668767516e-01
3.083125561670931880e-01
-4.122099693994791814e-01
6.229879039085635117e-01
7.744558964193375417e-01
-5.759567709715951445e-02
9.327831196754816645e-01
8.021908029364801518e-01
-5.354418318916831510e-01
1.341073105870900228e-01
5.603721169441149286e-01
-5.598014484004760760e-01
8.234318166431484620e-01
-3.197686304462172835e-01
-5.089149384334485937e-01
4.494111120768038425e-01
-1.774609865508727236e-01
-3.035637551644254639e-01
6.648466337510960944e-01
-4.390136262233146347e-01
1.000000000000000000e+00
2.247832310085564611e-01
5.308860625870299721e-01
4.489969655635750456e-02
-3.303967498758479948e-01
-7.683840690979268917e-01
-6.930412342932932290e-01
7.882229431533478436e-01
6.483305700759613988e-01
-4.309728671182377902e-01
-9.340913570035869196e-01
-1.253897925501699095e-01
1.000000000000000000e+00
2.568255641018122315e-01
-5.544397418035220682e-01
1.000000000000000000e+00
4.363140522427855217e-02
4.225861816415790173e-01
-7.811432778858720116e-01
1.000000000000000000e+00
1.355551240748709141e-02
-1.864615523421850884e-01
1.762460281922682004e-01
9.575815996646155348e-01
-3.834425734736541802e-01
7.988618712955901646e-01
-6.509851937514397058e-01
2.834227108925186922e-01
2.370746044403082564e-01
1.000000000000000000e+00
2.739762313979299257e-01
4.192041932992482955e-01
9.287478801563882058e-01
-7.486868357248772643e-01
-6.972646123078585223e-01
-4.346253175885221864e-01
-1.137625943701703335e-03
-4.800590201621366404e-01
-6.442130077792129761e-02
3.278271174731872684e-01
-9.140037549564148378e-01
-5.270642401955500933e-01
-6.041519293624055820e-01
5.357418340414010771e-02
1.306543477994288605e-01
-9.068426562153553139e-01
-4.464128719134630163e-01
5.858020746673036072e-01
-1.007411188708753347e-01
1.511662493074115154e-01
-5.334655748314898194e-01
-2.265334323786468707e-01
-6.004201675110287795e-01
-2.573815171028637216e-02
-6.487798850258608141e-02
6.528665262889048471e-01
1.108791873460335253e-02
-1.478178956949234291e-01
-4.034257042937523519e-01
-9.979821453214577920e-01
-4.356059989496752216e-02
-2.424129981725409166e-01
-9.154088065122205631e-01
-1.461380606868754040e-01
7.060677020467345244e-01
7.952559154252023532e-01
-5.453599128045885092e-01
-5.667637029901997359e-01
1.107832879843373419e-01
7.352529401192253733e-01
6.766498526998176999e-01
5.435914747453138851e-01
3.230205136125960941e-01
-1.942641179612469848e-02
-9.280180058207265770e-01
9.849363622340370217e-01
-8.652863779026480628e-01
-4.712134364886767512e-01
-3.931223105941170082e-01
-4.049063528888183772e-01
-1.593440686588265542e-01
1.000000000000000000e+00
8.575108556809563076e-02
3.952505503739141002e-01
-4.216091308565415030e-01
4.627643952642013225e-01
7.010601932580367013e-01
-7.993398160118412310e-01
4.725247763545592505e-01
1.541693541542956680e-01
-7.492248951483717612e-01
4.762957671293412409e-01
4.377096085834963901e-02
-9.217092951827932090e-02
6.005019088550977990e-02
8.637383147367698744e-01
-4.939596489458559780e-01
1.000000000000000000e+00
-9.340913570035869196e-01
-5.784553910585916725e-01
-3.123336675261725315e-01
-2.564380547743221328e-01
-2.443917397722128459e-01
9.285879879532477066e-01
7.676563456575558053e-01
7.488898882896499742e-03
-2.824324342448756298e-01
6.294836979754738771e-01
8.036031400760992316e-01
1.000000000000000000e+00
7.954657192491980666e-01
-7.379737986753540646e-01
1.760586294097656879e-01
-6.848230640368717648e-01
6.294054498095547068e-01
-6.997682695336913117e-01
-7.244852719490157966e-04
-2.416720110876269256e-01
-3.970617650404200116e-01
9.978252917671743827e-01
-6.890676936582580403e-01
-8.579819685701020049e-01
5.727077363551489331e-01
-7.076101057927099980e-01
-2.180605824102845869e-01
-1.325661298222320372e-01
-5.179404909723692718e-01
3.467996554743761894e-01
6.005463832690647319e-01
9.744607548019472709e-01
-1.000000000000000000e+00
-4.090639896397261221e-01
-6.123917288672364734e-01
8.118362562250911463e-01
-5.722102546215070973e-01
7.675714078087716441e-01
-9.977772886557945142e-01
-4.343409710111130195e-01
6.227678109319105815e-01
9.186566468875767555e-01
-5.429437032842778788e-01
5.702063195526021477e-01
-7.135898187482883070e-01
-3.876253118041121937e-01
-5.899713977511842344e-01
-6.934731873317683259e-01
9.341431738331757995e-01
-4.687233753829009864e-01
3.208555948198066332e-01
6.778152172319291680e-01
-7.384120558490652186e-01
1.535993458770008036e-01
7.227284213493456733e-02
3.668652424983909754e-01
-4.959131091599882080e-01
-4.193090405410033750e-01
3.552156399580914670e-01
-6.924443178557084799e-01
-8.927550750231751930e-01
2.289594598526583091e-01
-1.000000000000000000e+00
-2.461795628798033597e-01
8.101955801194817841e-01
-6.211275943158611756e-01
-2.537687387384437443e-01
-4.541598011753369413e-01
-9.068733008382815486e-01
-5.850326009082862377e-01
8.721603856304567248e-01
2.632793737538092760e-01
-9.893817728338127893e-01
-2.806004419610554912e-01
-2.358462615751837355e-01
-5.300672817251559366e-01
-2.937768194422152312e-01
9.324659657735523410e-02
5.536156810487335989e-02
5.416041776971964872e-01
9.757803717881157191e-01
4.952101357353699829e-01
4.318084559357404650e-02
-6.829034286295874168e-01
-1.909079107325695190e-01
1.584089990358594768e-02
5.215952361924265368e-01
-9.071175321732645180e-01
