-4.639139879546663181e-01
1.582776353096426447e-01
-3.284698006688016036e-01
-3.912868648378342029e-01
4.314616775869488663e-01
-1.199876908208367815e-01
8.157424921780759286e-01
-2.210198095644646532e-01
-2.265928686433118511e-01
9.686632345274492906e-01
2.568210652330117916e-01
-1.555927253348678152e-01
6.970258849264777679e-01
7.771827894121738911e-01
6.401170819424989444e-01
-9.309502256994794944e-01
2.350068422786708577e-01
8.618071855224529454e-01
-7.962885048253373066e-01
-2.273022007780731713e-01
6.298379116977217418e-01
-8.812690802250562616e-02
3.440448862424660970e-01
-1.000000000000000000e+00
9.593297937268400188e-01
2.303635283261162847e-01
3.421509150507413555e-01
-2.432114738052781888e-02
-4.866072010943331971e-01
1.046141893417440460e-01
3.956742109836239862e-01
1.843168213201527017e-01
6.341632910084709085e-01
3.873724237034927853e-01
6.354861153686608422e-01
-7.616127819525170262e-01
9.290638796489905094e-01
-6.818725041381903385e-01
-4.090309612023745878e-02
-2.625336283911479107e-01
3.714257904813265121e-01
4.700432129223056088e-02
-1.000000000000000000e+00
-4.572628523222037056e-01
-6.219048438014278535e-01
-9.467493373439902493e-01
-6.142035424953342648e-01
3.289910348963455133e-01
8.210190440508013943e-01
8.835447511304690416e-01
-3.904521203848314581e-01
2.143984310694362350e-01
-9.242025764237629670e-02
-5.938141841032822388e-01
-1.193644302523554912e-01
-3.780916802243971392e-02
-6.425357195882352990e-02
6.989350743134850052e-01
-5.368957661098709977e-01
7.152514000639107472e-01
-2.939365659104489215e-01
4.187132815868352953e-01
5.272957359477964401e-01
-4.896186771244199765e-01
-9.575508426506782467e-01
2.872538738375656209e-01
7.675589994062841370e-01
4.243045548660115407e-02
8.903094790977652551e-01
5.367701854020134888e-03
-2.443917962341837224e-01
-4.257482975631479150e-01
5.428632507233179805e-01
-8.099841658811016698e-01
-1.726304298832447848e-01
-7.926017040412725034e-01
6.637266884811510170e-01
7.631846952238757753e-01
8.165797250574409194e-01
-9.231958464620102500e-01
3.415054252842310012e-01
7.357201291851502845e-01
1.928570183895839674e-01
4.293897401057515939e-01
1.000000000000000000e+00
-1.003383360956588977e-01
8.935405913876099948e-01
-8.586116418675512896e-02
-7.954724821057090889e-01
-1.569138397006727692e-01
-2.787201409954225273e-01
4.044831089191064932e-01
1.273530683055544843e-01
7.307037420466496735e-01
5.525814410218845563e-01
-8.197629686323977261e-01
-5.485265248770174740e-01
1.547105923740870193e-01
-2.880477483530172744e-01
9.119090560695042313e-03
9.221943771717324712e-01
-1.515980968729287726e-01
-8.401782658192674669e-02
-4.069928452826172549e-01
6.983339875206739933e-02
4.217089852392803540e-01
-9.234154307805910733e-01
1.000000000000000000e+00
5.150811859222689248e-01
-6.517658125637159072e-01
4.967737711115344235e-01
-3.315813219576971282e-02
7.878509035507201830e-01
1.894730016718961796e-01
-6.169799034864904552e-01
-9.847404149475876833e-01
-4.842862784178233460e-01
6.614385929792688801e-01
-1.324123280013785875e-01
3.546047031342376421e-01
-4.180244245037136736e-02
-8.515840737195115029e-01
-3.578751024655790758e-01
-5.134509491648289181e-01
1.706659352446807665e-01
1.000000000000000000e+00
8.883130520770509131e-01
-7.318293609932442489e-01
8.691383447210405677e-01
-8.772280012063242705e-01
-1.000000000000000000e+00
-7.687622138614096379e-01
-5.974406112336252406e-01
-9.695522288317179882e-01
1.000000000000000000e+00
2.256520027110440751e-01
7.015885225000875192e-01
2.639823465029917937e-01
-5.673038248412207718e-01
-8.440776834477083934e-01
8.542335419627052895e-01
-3.330925149917504102e-01
9.717707437912054269e-01
-1.061741671110348895e-01
-6.044699479808225417e-01
9.864687490341398357e-01
-5.041412365868123135e-01
1.000000000000000000e+00
2.366393810110123119e-01
5.605486384976521297e-02
-7.523409339837880960e-01
-2.431513753629815089e-01
-2.253957099681768717e-01
1.698819646018916718e-01
-2.107643180374025316e-01
-2.228946729298347529e-01
-7.013291490410056284e-02
-1.986419965003795307e-01
2.859031797411984432e-02
8.408909893258460500e-01
-2.558137355135259305e-01
5.460337408556613648e-01
5.252859813538387490e-01
5.240110763746481659e-01
7.256347882376978919e-02
1.000000000000000000e+00
4.836746293123009854e-01
-8.355926192615675818e-01
-1.000000000000000000e+00
-7.092318616744944793e-01
8.660511721957364628e-01
-4.408735907670302545e-02
-3.015337619259801927e-01
2.614207626331426226e-01
2.970576717554360702e-01
-7.962169642157815863e-01
-5.211180668062086463e-01
4.981453171245128209e-01
3.570397157272771071e-01
9.517780261079945570e-01
-1.040282538552562558e-01
-1.493286386223073303e-01
1.000000000000000000e+00
-8.516418987738509916e-01
7.266613668148874661e-01
-9.555813219675084458e-01
-3.058827194607816047e-01
-4.941217154915560350e-01
7.351776389040145521e-01
5.197465183083582740e-01
6.860932931007091007e-03
5.171178520528332268e-01
-2.431934911267772947e-01
1.800640996716958986e-01
1.347777974992275529e-01
8.925410126542454581e-01
7.436527002927801888e-01
-1.852119187885352958e-01
-8.360315699470970419e-01
-1.747509510235984997e-01
-4.167350095835905543e-01
-8.846612199629171336e-01
5.052006025644091292e-01
-5.134101725208608524e-01
-7.471903460671175390e-02
-3.600573270560457062e-01
-4.750801183546872752e-01
-3.562804292159717501e-01
-3.305880311865856958e-01
-6.185234425189523044e-01
1.545172500499880919e-01
2.525154362895020155e-01
7.585020676330332945e-01
-5.984957214201032730e-03
-6.057032452836773329e-02
-5.510405941214925329e-01
-1.956106197654878254e-01
4.522348443287320385e-02
2.990039485106825157e-01
-5.878101742017768361e-01
6.214188223879868467e-01
-5.674585636042277503e-01
-1.966409360549524754e-01
-6.478813528347970863e-01
4.129521996230799963e-01
-3.799195003880646571e-01
6.772212988409954670e-01
3.154488399501979012e-01
8.957390730284560121e-01
8.453619110376424661e-01
5.702983129729231049e-01
-1.837319979644780332e-01
-7.051868619023715645e-01
4.666855413861817348e-01
-1.624673925058532920e-01
3.016042912067731230e-01
7.134213758485263845e-01
2.035686135883525982e-01
-9.117173924002072716e-02
1.000000000000000000e+00
-3.811019448670749932e-01
5.721252474622918749e-01
-2.836116674006710081e-01
4.567825627065540961e-01
-9.190238384276515626e-01
4.128035090222035297e-01
-4.124443632524937287e-01
8.635639822925369469e-01
7.941000958103916485e-01
-8.083723833773368561e-01
-4.627651943948641322e-01
-9.978068768561203505e-01
-4.534236872151112818e-01
7.306982018217416108e-01
3.278326375313486141e-01
4.002738792046477423e-01
2.054578605955729650e-02
9.507356101428405815e-01
1.434861605505972082e-01
-2.427502902825084963e-02
-5.825432952865784442e-01
7.198908026881050137e-01
-1.739872879848738396e-01
3.259439899122968942e-01
-2.532182386996544854e-01
