5.769705515359502268e-02
-1.722816435321911088e-02
7.000163942520218896e-01
-3.996437855312588439e-01
6.973442811557862830e-01
7.663886838676446656e-02
-1.713348643660947690e-01
3.777751016828826414e-01
2.307993606481459348e-01
4.190680517920116754e-01
7.655745428668421226e-01
1.592607092534920055e-01
8.116930308629338731e-02
-3.790714087394747578e-02
5.913858960638437162e-02
3.167381451452105923e-01
3.225144554125495278e-01
-4.324519535927753844e-02
-5.540490067095253934e-01
-4.148484063937127875e-01
-9.424213676207321422e-02
-1.586864490963868501e-01
-7.342878631725088812e-02
4.805312198962952697e-01
2.966616098478643826e-01
8.178055446270378337e-02
8.176310584585874119e-01
-3.965462620634884194e-01
1.176467446945873851e-01
7.790113042174307001e-02
-6.484698641131677599e-01
2.214285321076389090e-01
6.391879823588329790e-02
-5.926607201072386921e-01
9.137749059621688708e-02
7.623003257915095254e-02
-1.000000000000000000e+00
1.000000000000000000e+00
1.362887983699672123e-01
5.464105533259365766e-01
1.163840749666371632e-01
-1.344181411585819164e-01
4.239936991931547161e-01
6.384068100258304401e-01
7.633985828909272131e-01
-2.952949145108264006e-01
3.755304834507003919e-01
-3.000390013173374060e-01
-7.031499090917248118e-01
6.288478914199239211e-01
-2.251254860400946356e-01
5.511817960804255012e-01
-1.000000000000000000e+00
-3.940056198579998115e-01
7.031933223874690109e-01
-4.922821701121644078e-01
-2.473013028871929864e-01
6.692223768537193251e-01
-6.901968857077916963e-01
-1.000000000000000000e+00
-2.668146545648903967e-01
1.837936875955930305e-01
5.841519109796491360e-01
5.104061074427331812e-01
3.199470241092949307e-01
-2.927447820658422573e-01
-1.167348349137616176e-01
-3.448535920803566523e-01
1.000000000000000000e+00
5.433650980551640863e-01
-2.576889482235562856e-02
-2.839758511084160553e-01
6.150376061341183975e-01
3.903402733452552842e-01
2.763405450441343558e-01
4.739965836110322517e-01
-1.915986584092794764e-01
-1.359169416678143172e-01
-8.284479877869722619e-01
7.433752531034959476e-01
-7.435321299863655309e-01
7.792651547640625509e-01
-5.830749202908902529e-01
-1.582437047878942904e-01
-5.177942176023704324e-01
-1.481700879761702616e-01
-8.704963323214782722e-01
-8.495028498631753688e-01
8.553138223565849296e-01
-4.414704435779628899e-01
3.819595240163901062e-01
-2.968322545033036386e-01
4.886828493859203815e-01
-8.607451731246568150e-01
7.224434173834078932e-01
9.108831170702957891e-02
-3.380703540062732770e-01
-1.000000000000000000e+00
-2.093074798494543587e-01
2.666220717241601368e-01
-2.674548257850122290e-01
-6.327253093923528304e-01
-9.185713575111430496e-01
7.307859962413914001e-01
8.208125413421800687e-01
1.275320247386937944e-02
-1.000000000000000000e+00
-7.485085705904513942e-01
-5.379495490461370100e-01
4.504871141239955579e-01
6.640305889312723142e-01
-1.000000000000000000e+00
3.707358153611879925e-01
1.000000000000000000e+00
4.210554515180880975e-01
7.585904630789672698e-01
-6.139256367842044204e-01
-7.908743322615796600e-02
4.266062221328256743e-01
-8.479309246560797764e-01
5.120652921877820729e-01
-3.622152128919680081e-01
-1.736521617870586398e-01
-4.708682495719421213e-01
6.349738431364808644e-01
3.436653979889733312e-01
-3.118757543810443678e-01
-1.000000000000000000e+00
2.402982375393821757e-01
1.000000000000000000e+00
-9.071720977403302522e-01
-8.441318408604897572e-01
-6.459285612498272267e-01
8.549201154164628447e-01
8.827253990550216756e-01
1.199705118756437955e-01
-1.000000000000000000e+00
7.924649894484597779e-02
5.400914339037513612e-01
-9.515169785128267943e-01
1.000000000000000000e+00
3.853408906211247542e-01
5.215167612832775079e-01
1.000000000000000000e+00
-9.220925047998320689e-01
-3.298507568279155922e-01
3.959185609625911484e-01
8.513494552726609266e-01
-6.605603008283074118e-01
2.869962689574160897e-01
-2.369871408461161066e-01
-1.000000000000000000e+00
-7.417750417779108707e-01
3.545445626783901849e-01
-8.566367755133793560e-01
7.745138217116156465e-01
2.133737280825627192e-01
3.841969495973018844e-01
2.278664267864885344e-03
3.310175895352637232e-01
9.566118416337072716e-01
4.624677390175820912e-01
-3.591797466400202254e-01
-1.401077769049036137e-01
8.127477541232186464e-01
-9.775135886475375679e-01
8.102928164047820681e-02
-8.758788726755938336e-01
8.627583841785368968e-01
1.669630833129943093e-01
9.516014970648449811e-01
2.693090321164947620e-01
3.622297195637482203e-01
-6.588408187312611020e-01
8.951194731049687547e-01
9.679777950136678188e-02
9.878188823629912019e-01
9.758405112437951168e-01
-8.862271427715882055e-01
2.724098116527267077e-01
8.377378692062186216e-01
1.000000000000000000e+00
-4.757842096866841675e-01
-3.289365181624878121e-01
-7.213198938419258521e-01
-4.791687012922031530e-02
-1.223533777559177721e-02
-7.145471219400637009e-03
-4.160866381038417217e-01
6.882786040561412744e-01
1.000000000000000000e+00
-1.824275480081035405e-01
-1.000000000000000000e+00
-6.888698061900029312e-01
6.869397256441729382e-01
8.932576551999582559e-01
4.941082772286045088e-01
-7.179998503490016004e-01
-4.008912426003434226e-01
-2.883667865674220399e-01
2.358390256025184317e-01
-4.667567793578994984e-01
-1.000000000000000000e+00
2.497299755238404917e-01
7.662126717895921812e-01
-6.379821015397777462e-01
-1.000000000000000000e+00
4.837778534188290624e-01
2.694995059594837428e-01
-1.009510661867580872e-01
4.623501552572994999e-01
-5.045373454788197876e-01
6.019131537498848550e-01
-8.386961883702784282e-02
-9.579910735785059916e-01
-2.209020139610604061e-01
7.354102864220377622e-01
-8.300647390661510805e-01
-5.196462488949973313e-01
1.000000000000000000e+00
7.780128840820091929e-01
2.986500118216103283e-01
7.047984408969377723e-01
-1.000000000000000000e+00
2.958095255759742026e-02
-8.651082656053693531e-01
-7.832259278021277416e-01
-6.422816183497607190e-01
-4.334861444210530435e-01
-6.185836471932526504e-01
-4.755173510053544161e-01
-5.199051083098173986e-01
4.938505906650533239e-01
4.946024396202420292e-01
1.090874375514495065e-01
-5.958978731624708924e-01
3.784301658785919620e-01
-1.000000000000000000e+00
-5.408140693911122066e-01
2.463330642928240888e-01
6.517577417882542967e-01
5.257302601071026649e-01
5.142081754745961852e-01
8.967623765949199743e-01
3.587464164415795076e-01
-4.542044629760748631e-01
-4.652423431376475627e-01
1.366329317134075128e-01
8.571250857725600802e-01
-4.549681490542309970e-01
9.723159325891364002e-01
1.375012056537970317e-01
-6.840646087517936180e-02
5.019248396984443694e-01
3.515488930069980977e-01
-8.265130463572495367e-02
-5.299688770789459102e-01
-2.337832709631041395e-01
3.292332735978092950e-01
-7.397336773986677994e-01
-1.000000000000000000e+00
-2.426657829256918253e-01
-1.000000000000000000e+00
1.000000000000000000e+00
2.117908594210816675e-01
