-5.636375636288086799e-01
7.255291765816272997e-01
-8.664700126561373228e-01
1.863074857675727225e-01
9.367382407100981467e-01
1.234618990457369836e-01
-6.774309787213413925e-01
-2.412076753606672008e-01
5.473126354692995355e-01
8.525760354167819521e-01
-7.452272149812214086e-02
-1.909222627672135797e-01
-1.000000000000000000e+00
-3.562698065616151655e-01
-7.834897041507625781e-01
8.032252866385422574e-02
9.857827024662707549e-02
-1.000000000000000000e+00
2.773014075373123610e-01
-9.627347568286793722e-01
1.000000000000000000e+00
-7.004119356178605260e-01
1.300377601097993663e-01
1.000000000000000000e+00
-7.588330013389368300e-01
-4.652534998174243652e-01
-1.000000000000000000e+00
-5.853620325862586293e-01
7.796995716923287301e-01
-9.539214566737777012e-01
-6.839923790071661402e-01
-9.031880455926968310e-01
4.244502443678493386e-01
1.000000000000000000e+00
9.424803236809238260e-01
8.108941727923507647e-01
-5.505573143152731053e-01
9.074469079899638579e-01
-1.838375218896243224e-01
-1.000000000000000000e+00
1.000000000000000000e+00
-8.980275432307298633e-01
-7.734656801589699926e-01
-9.773483948449268599e-01
-6.807484301293775797e-01
8.239225928724668302e-01
1.550065030607347683e-01
-8.069624842681790700e-01
-6.024276770766650024e-01
4.594689150302060099e-02
-5.017154564427248609e-01
1.000000000000000000e+00
1.000000000000000000e+00
8.553020390031595976e-01
1.000000000000000000e+00
1.227643395754112743e-01
7.565835123882655999e-01
-6.637704473826124829e-01
9.301604710659330255e-01
-6.082292940555250604e-01
8.101016658825116457e-01
-4.949616904419090746e-01
-3.797367339761199556e-01
7.073566593031517247e-01
1.596216017558389488e-01
-7.959335203386487256e-01
1.650201240365712085e-01
-4.701839844682828007e-01
-2.650621452478290618e-01
6.879390299498257255e-02
7.347033712798386462e-01
-5.875831104650666159e-01
7.979341644812257828e-01
-7.194983964076613336e-01
9.750217568039901694e-01
5.943563792295962767e-01
4.997561786809316953e-01
8.445675920705485451e-01
-4.720567947414291421e-01
-8.068160216697013443e-01
-4.048942544248918529e-01
1.015097391806636939e-01
-8.177385126491485412e-01
-5.535668296504019370e-01
6.945036660049767052e-01
1.000000000000000000e+00
1.780433296360588169e-01
-3.364801329681110786e-01
1.000000000000000000e+00
4.804063663173888665e-01
-8.870912653801945602e-01
-3.939722022971655080e-01
-3.594780540814613845e-01
-5.843638121166475630e-01
-2.129138041735411935e-01
-3.547039371221562543e-01
6.001747804810639852e-01
4.426030652838529589e-01
-2.086303738106131678e-01
-8.936878870179265633e-02
2.486197509403217654e-01
4.427567662093315204e-01
-1.889784980396979341e-01
-4.433742042987169896e-01
9.164547096123678571e-01
-8.112905465788822212e-01
2.107793857619491562e-01
5.708896433427972372e-01
-7.802986460143291891e-01
4.649172119496239874e-01
6.231772665548513945e-01
-9.659863175157142878e-01
-4.042842569394093921e-01
4.491620830428169620e-01
-1.000000000000000000e+00
1.000000000000000000e+00
8.702552207122721262e-02
3.436754147952921778e-01
-8.610934864419482748e-01
-9.938731404456211393e-01
-7.945041479955422536e-02
2.049650468691212313e-01
9.944556321615158900e-01
1.000000000000000000e+00
8.780757718216669616e-01
-7.918379708598992650e-01
-7.671109706963852304e-01
-1.000000000000000000e+00
3.026595830147792432e-01
-9.120342397668406154e-01
3.458023297375059646e-01
1.000000000000000000e+00
9.534687647940619515e-01
7.282382071999613515e-01
1.113936040336762495e-01
-9.794913939540254022e-01
-1.000000000000000000e+00
-5.769349484097600067e-01
-1.000000000000000000e+00
-9.981202202202741347e-01
-1.000000000000000000e+00
3.992892923602326949e-01
1.000000000000000000e+00
6.173800348074737210e-01
1.641620135376274658e-01
1.000000000000000000e+00
8.266684468537121022e-01
-6.188762889854882987e-01
-7.785564527709590843e-01
-7.771782365272944526e-02
-8.618882042150921574e-02
9.824228824393488324e-03
-1.149201370040473513e-01
-6.980826432528165482e-01
5.423683243297933165e-02
-2.244053997947202395e-01
6.870664800769444858e-01
5.026332756260237788e-02
4.053385209598953653e-01
-5.043079424047026693e-01
6.813665216366592281e-01
9.565596275603723830e-01
-9.977157023535563329e-01
-5.568683731194257192e-02
1.000000000000000000e+00
5.407940396956303353e-01
-7.192718445143373440e-01
-1.324280100030340024e-01
4.341493300294095303e-01
-2.157848489645395329e-01
6.832179681994166032e-01
-2.556657072413942022e-01
1.050187981325733377e-01
-1.000000000000000000e+00
2.055662803422760865e-01
1.000000000000000000e+00
-7.096422840323690640e-02
-1.041284953488068599e-01
-2.840092055805382709e-01
-4.950733735218747489e-01
-8.187278463114796567e-01
1.000000000000000000e+00
5.661967905100917520e-01
7.981860812619507861e-01
4.739584184991217919e-01
-1.000000000000000000e+00
1.000000000000000000e+00
8.867624601087975567e-01
3.654942220114329454e-01
3.506829032639159904e-01
-1.549002950631235276e-01
1.000000000000000000e+00
-6.394380436547133506e-01
8.753176357069246682e-01
-7.418747230072626486e-01
-6.235241244139082539e-01
5.357687883852833011e-01
3.701793748887852731e-01
-4.502473584282941088e-01
-6.525859408857691557e-01
9.841257256509694518e-01
-6.442424234960907325e-01
-8.002980728523290122e-02
-6.157924409770348939e-01
1.824428581883056899e-01
5.676073721854295595e-01
-1.919796232638530942e-01
1.000000000000000000e+00
-5.792693922573171061e-01
-5.190472282767122358e-01
-6.982715101216898645e-01
-7.723167168564354368e-02
-2.902979438260201994e-01
-9.332400832532372625e-02
7.660953113716360008e-01
-5.278366619771567292e-01
8.743255618721523792e-01
4.829814618679619254e-01
1.000000000000000000e+00
-8.835826532227718522e-01
-1.000000000000000000e+00
-2.905936491249829223e-01
4.069348134891047630e-01
4.281660259746081221e-01
4.048874305764920689e-01
-8.352219840092875991e-01
2.798640818814078779e-01
2.839961965188106396e-01
3.474277568430780838e-02
-9.638709494334499195e-02
-7.791002834671054700e-01
8.232595609922226387e-01
1.000000000000000000e+00
8.028844230632078416e-01
-1.000000000000000000e+00
-4.025042662346546285e-01
-6.526599090229020517e-01
-3.132199613887939882e-02
2.701418689493788605e-01
-1.762204891419686670e-01
1.000000000000000000e+00
-3.593153366081519584e-01
-8.231293795220340215e-01
-2.105682263091120110e-01
-8.441224195259444674e-03
-2.455457086578544112e-02
-1.055390090136448800e-01
-1.955405212486968636e-01
8.467987890480936919e-01
8.976178108921857302e-01
-5.213479741019986236e-01
-8.527851208963053153e-01
1.000000000000000000e+00
9.560722814597930053e-02
6.420579936140027311e-01
-4.655804960505933732e-01
-4.641766586397916838e-01
-6.126543524841706612e-01
-1.000000000000000000e+00
8.689301823319690171e-03
-6.429143295973447358e-01
1.000000000000000000e+00
1.000000000000000000e+00
-1.000000000000000000e+00
1.915768275951423849e-02
