-6.875357309720935284e-01
1.000000000000000000e+00
4.204799471094864405e-01
3.477803474940713180e+00
-5.179395610383614734e-01
4.960543937444947815e-01
8.213900967281594356e-01
-1.245761589178316919e-01
-9.511867860681102460e-01
1.061363976042821289e+00
5.311198239175762836e-02
8.501532024900468887e-01
-1.799307011791460020e+00
5.344232346750230622e-01
-1.000000000000000000e+00
1.000000000000000000e+00
-1.793504740662594577e+00
-9.558057689116681299e-01
-1.000000000000000000e+00
-5.911935090867490583e-01
-1.000000000000000000e+00
1.911478192921647334e-01
9.587831669978317262e-01
1.000000000000000000e+00
-5.668290662964402538e-01
-1.000000000000000000e+00
2.191894073348344685e-01
3.274704338212236499e-01
1.635566863143134597e+00
2.056359046541889057e-03
-2.642779566242691169e-01
-1.330195620940367363e+00
9.143771393520205848e-01
-9.887510806905006611e-01
-7.455236135849674373e-01
-4.275481487033935823e-01
-1.293837233521461405e+00
-1.359870396378926927e+00
7.361082171733748236e-01
6.980831018764752649e-01
-2.634296324247639154e-01
1.774960014558801813e+00
-1.305803302082938711e+00
-1.320837075537231731e-02
4.445969892131571011e-01
1.844864911604195967e-01
1.000000000000000000e+00
7.952630083532473693e-01
-5.838437300775624061e-01
2.988538917609995238e-02
-2.103770847632061347e+00
7.114419204851818446e-01
1.594401000773886246e+00
3.428990185973157523e-02
-1.278806103766662705e+00
-2.985106710104640237e-01
1.261520514182972175e-01
5.973883868120621887e-02
4.283176666181045533e-01
-9.382769261556163087e-01
-2.376944066235524122e+00
1.000000000000000000e+00
1.000000000000000000e+00
-2.273769735530035252e+00
-1.000000000000000000e+00
1.000000000000000000e+00
-9.169828578899739124e-01
8.444420523393918465e-01
1.721604092317281953e+00
-1.000000000000000000e+00
-7.273700369884403827e-01
5.845205965045086050e-01
-1.694825114034254065e+00
8.685179520538699460e-02
1.000000000000000000e+00
-9.581424039868696729e-02
3.531560747238885467e-01
9.674849235404912040e-01
4.289513570063633319e-01
4.704456905907299369e-01
6.137632660638649984e-01
1.128780961765231128e-01
5.267930644583687094e-01
-1.000000000000000000e+00
-1.287249453667894450e+00
-1.000000000000000000e+00
1.000000000000000000e+00
1.000000000000000000e+00
-7.065859013224546903e-01
-1.000000000000000000e+00
2.573247007650939500e-01
1.000000000000000000e+00
-6.064580909108137075e-01
-2.259447939338677380e-01
7.023183162414528002e-01
6.639120074347983902e-01
1.148148065224945169e+00
-1.691829813955241013e+00
-1.275243619057515154e+00
-1.388820726354280666e+00
6.871405216881210087e-01
9.905476931537415819e-01
-3.364934215091688885e-01
-1.000000000000000000e+00
-2.151196396345729678e+00
-9.344707342235607506e-01
-1.728339498638395977e+00
-3.024079384575777407e-01
7.728593377412168453e-01
-2.653299802286956943e-01
-1.003495786250971911e-01
9.184126177141905822e-01
1.708919235423219440e+00
-5.165354618181535740e-01
-1.000000000000000000e+00
8.264795286372375038e-01
-1.000000000000000000e+00
-9.277346495694669404e-01
6.931367525836142907e-01
7.486324543474078830e-01
2.467406909033961870e+00
-1.330528921910117290e+00
-1.000000000000000000e+00
-1.136369041460736806e+00
-1.000000000000000000e+00
1.635517300311643885e+00
-1.000000000000000000e+00
-9.934753689563458057e-02
-4.708834849917747922e-01
-7.128565288659740595e-01
1.393622034684502298e+00
6.624067792476309169e-01
-7.732977613405922490e-01
1.758026284114385662e-01
-1.000000000000000000e+00
-1.333136092639424675e+00
-1.512451553820132188e+00
-1.551402787591046106e+00
9.118328505930561878e-01
1.919952598993642345e+00
1.000000000000000000e+00
5.382245563916820963e-02
-8.242601977918235789e-01
-1.788257863506990120e-01
3.384037757954472259e-02
3.208632926324694878e-02
5.682628137195866458e-01
2.382523863868887037e+00
7.261941179371256272e-02
8.914686806959941645e-01
1.395801926861347075e+00
6.735451277422614957e-01
1.071576119351146161e+00
-9.161005018519348120e-01
-1.846986886401969397e+00
-1.985870986705788876e-01
-2.652500293026698763e+00
-4.184240538268924059e-01
-6.210382463928072472e-01
-1.606192731060826162e+00
-3.890233299071732542e-02
-1.272998062192041147e-01
-6.449319218180029623e-01
-6.440215847771360025e-01
7.685908053914491944e-01
-7.530308739309419241e-01
-5.972435195577820988e-01
-1.141147909617357681e-01
-2.179306614660149410e+00
-5.078349433241587940e-01
5.645912612715755508e-01
1.623619345016151794e-01
-3.074708676506113569e+00
-3.210127248035098191e+00
1.375737207358553871e+00
-6.829538972326121282e-02
-7.702851513387842797e-01
-5.165462150626807247e-01
-9.848649300530614159e-01
-5.223555557256858162e-01
-1.826338017834483463e-01
4.944285185910834990e-02
4.283523090650467324e-01
9.709324495433119262e-02
-6.476725616955898435e-01
3.865026621438807375e-01
1.009702015425287813e+00
5.143352391693509773e-01
1.000000000000000000e+00
1.000000000000000000e+00
6.832281755560161152e-01
2.427500784544557533e+00
-7.774745849572637368e-01
-8.451294789123453555e-01
4.718700065102277019e-01
-1.000000000000000000e+00
5.908515238527196622e-01
3.094103495093755818e+00
1.000000000000000000e+00
-1.000000000000000000e+00
-6.311621611525450870e-01
-4.416464187110522577e-01
-7.791283709522266454e-01
4.762389917621190349e-02
3.546813385235232374e-01
-1.000000000000000000e+00
-2.298182146008879378e+00
9.282251597169666191e-03
-2.232599021768043812e+00
3.411100143214119695e-01
2.954085013600705190e-01
-2.145249392002939182e+00
8.142680650719464897e-01
1.839219517893979416e+00
-1.468998354706156917e-01
-1.000000000000000000e+00
-5.386813499775142677e-01
-2.117789644890223366e-01
8.541228942472253172e-01
-2.311260800203951693e-01
-1.000000000000000000e+00
-3.754170836781598464e-01
1.170026332106782307e+00
5.095636009176841563e-01
1.835133095425315330e-01
-1.000000000000000000e+00
-2.180740225218116279e-01
1.885097803970913199e+00
-1.000000000000000000e+00
-1.075111952717371810e+00
-1.000000000000000000e+00
2.608222133153891287e-01
1.000000000000000000e+00
-3.560037953612673611e-01
3.707241839822709162e-01
4.853450651186277942e-01
7.000439435390081178e-01
9.965537120660612480e-01
6.292905948106599645e-01
-1.000000000000000000e+00
-2.852008830870219613e-01
-1.041194897184007040e+00
-7.521640054618443649e-01
6.748545601337975208e-01
4.137190340434597768e-01
-1.000000000000000000e+00
-1.569143104615928763e-01
1.841096754279681225e+00
1.036743709004413372e+00
1.000000000000000000e+00
-2.273018191823558687e-03
7.023752017159363703e-01
5.484551629033980191e-01
-1.580484203665232679e+00
2.898831312368580493e-01
-1.534928588739259192e+00
-1.855621347256247500e+00
1.000000000000000000e+00
2.120107584141049717e+00
1.000000000000000000e+00
-1.000000000000000000e+00
-1.398483817695899134e-01
1.773478869296420291e+00
-7.532542421675718636e-01
-1.000000000000000000e+00
