-1.080169938828343668e-01
-3.920034274033767918e-01
-2.914000085537016282e-01
-8.424316152695940918e-01
-8.912169656521606864e-01
-5.239766727013523973e-01
9.686797143474814575e-01
7.353884344742824819e-01
8.937581557329885573e-01
1.712730265040338651e-01
5.356043747135263988e-01
-4.767611994548730525e-01
-6.761809513581200637e-01
-5.929536518989582117e-01
1.481515317405901477e-02
1.000000000000000000e+00
-3.734643165768010142e-01
-5.669451044534066231e-01
-7.396065443631172354e-01
-7.470392258089075810e-01
6.528895525327615967e-01
1.000000000000000000e+00
9.565751317424258104e-01
7.875936868787158929e-01
2.893594848412934795e-01
6.907073057637196367e-01
5.057546107418264825e-03
7.484257748041978076e-01
-2.499662983631985025e-01
5.085207270342733121e-01
3.922368265384057473e-02
-1.000000000000000000e+00
3.181416234019565081e-01
-3.383313965880132557e-01
-3.725712629957114164e-01
-1.575228486182536081e-01
-6.958797129646723256e-01
-9.956288100567807220e-01
1.000000000000000000e+00
2.714203914965893638e-01
-3.187773038710781659e-01
8.153684120211899256e-01
5.753235996471950386e-01
-7.215619748764015018e-01
3.991069632319665939e-01
7.054034077559483418e-01
-4.805656535008009378e-01
9.377599860313765578e-01
-8.705512581795120663e-01
5.555510648864860901e-01
3.473352682530816971e-01
3.388150054984606641e-02
-9.440825727318478133e-01
3.256285975511212794e-01
6.285939750981590635e-01
9.813370357151367518e-01
1.913234747829650750e-01
-7.859715834872751383e-01
2.184168972557061217e-01
-2.182685576588141441e-01
4.937671580519171766e-01
7.663768374837847119e-01
-2.093388546543426543e-01
-2.809182928792917089e-01
-5.140105592750465746e-02
9.607270832289682705e-01
9.165557797740417900e-01
6.844255400244758647e-01
1.561395649758527959e-01
-2.722567105580964153e-02
5.551989731227791047e-02
5.436441230962538729e-01
7.801293459112885742e-01
-7.298922637682143666e-01
8.682781623528870174e-01
-9.482198359486002648e-01
2.376758771093503420e-01
9.333017189325978347e-01
-6.868471467165648825e-02
3.876077860942817033e-02
-8.354018030096379555e-01
-4.447055916116555707e-01
-6.758447898639898810e-01
7.672618907517001485e-01
-3.752069896362066892e-01
-1.780629954163368556e-01
8.883683075516664029e-01
6.354152357200923973e-01
5.562014145136131571e-01
1.328611713997827071e-01
2.899591698614671920e-01
9.751634982592909395e-01
5.646299364683395883e-01
4.561196139150252016e-01
-4.064488937228289966e-01
-5.097444479398980377e-01
1.101154567950013430e-02
-9.290013778791266219e-01
-8.777264636805051090e-01
-6.529445605713972700e-01
-1.983174049171843034e-01
8.995912719474852270e-01
7.450274142532269384e-01
-7.381547048813097422e-01
5.091122916817663047e-01
-2.305160005929942635e-01
-2.146872662426371203e-01
-7.833405757588696172e-01
2.675030957332378279e-01
8.086597466176941307e-01
-6.546283074829652993e-01
-8.162037078874457841e-01
7.156177936905419035e-01
4.198084591214621408e-01
-6.545684626036707421e-01
-8.916284510346168535e-01
4.234380771755004158e-01
-1.698384375480530561e-01
4.013024537370732947e-01
5.771070217841975936e-01
6.904751087735581105e-01
6.648649505736907717e-01
1.188374799661426895e-01
3.059231749264172961e-01
5.226102127959997290e-02
3.442457727145888935e-01
9.272277749473618602e-01
5.390669447036982032e-01
7.669071449142899066e-01
3.692640933944169035e-02
5.822438205141338141e-01
-6.824497095550368098e-01
7.697315662426054139e-01
4.716679085461461529e-01
-4.819632329810912275e-01
-5.725882174956482551e-01
2.860126888937621903e-01
2.735890795803106457e-01
1.628366091369146673e-01
-1.268347923826373957e-02
1.000000000000000000e+00
1.000000000000000000e+00
6.031044248988304268e-02
8.128263649984335260e-01
8.637249874961749896e-01
-7.438475588068782507e-01
-5.950035303229028738e-01
-3.078802531643658469e-01
2.348104394319394661e-01
5.754396985363445793e-01
2.747428606929598338e-01
-4.822681543582036934e-01
2.458993147243948574e-01
-4.265205001667449203e-02
1.000000000000000000e+00
-6.368387677200004759e-01
-3.201874349357720639e-01
-6.177390821429096235e-02
-2.546606829606297140e-01
5.824815351393124452e-01
6.553868780511453718e-01
4.838939432568696297e-01
3.487203017759479273e-01
-6.866498756165428929e-01
3.007769029110785031e-01
1.000000000000000000e+00
-5.184182222936246642e-01
9.449139174058045487e-01
-1.122739453786010255e-01
7.871833048621963425e-01
5.555816316469777139e-01
3.450325043076387654e-01
1.982006625254033594e-01
-7.704812902347337733e-01
8.766398273791597973e-02
7.902376815738663129e-01
3.943982791102325081e-01
-2.639096669544795937e-01
-3.730766512637757604e-01
1.000000000000000000e+00
-3.975191163248728010e-01
2.298860366147534862e-01
9.418752005751453993e-01
3.884133553098179092e-01
3.019774177561271866e-01
9.525169748445661000e-01
1.000000000000000000e+00
-4.178958942431851842e-01
-4.680427764438057636e-01
-1.257414694451612913e-01
1.000000000000000000e+00
8.256848971053276642e-02
2.139631266036734480e-01
7.022123185614486118e-01
1.000000000000000000e+00
-6.280469892571529655e-01
-6.518252472048755575e-01
-2.310493659608550132e-01
4.753725855133770217e-01
-1.164163213431179678e-02
-4.086741238682638500e-01
7.903381482257643142e-02
3.185500563810690355e-01
1.000000000000000000e+00
1.000000000000000000e+00
-1.428751495780988812e-02
1.000000000000000000e+00
8.604841986606146520e-01
-2.464247407043762550e-01
-4.319708673665660914e-01
1.428296393697789934e-01
-1.688347661469022931e-01
9.706841841427109596e-01
6.676923310948454926e-01
-9.367157392021585594e-02
-6.152724387880479373e-01
2.402636534858719752e-01
7.331371441959346757e-01
-3.035517235285682958e-01
-7.452462461322202358e-01
9.129034289485045139e-01
2.975500524241885270e-01
5.456683328496803043e-03
1.000000000000000000e+00
-7.663225591436195749e-02
-6.370265352902320100e-01
-4.141629872857950367e-01
9.684102436847754625e-01
8.251985512730568573e-01
5.988680170009019754e-02
-6.040339963646195187e-01
-6.723849043447152063e-01
-1.761082599973480267e-01
-5.902968259004879314e-01
5.522423917624279532e-01
-3.890072636917729643e-01
-5.462196953627702634e-01
1.447714214507571651e-01
-1.954265570620599135e-01
-6.290464133030160276e-01
-7.654623779406450890e-01
-3.116858316165069809e-01
6.406539386859055885e-01
5.969066953897665950e-01
8.540548014260667120e-01
-4.224345436479099991e-01
6.577147647637593408e-02
9.096837937086899029e-01
1.385515609225107525e-01
6.334103592006254946e-01
6.894464846996184448e-02
6.524252616574852670e-01
2.277994633270943314e-01
-7.967942519566006965e-03
-6.927477809263478115e-01
-6.464291368890773271e-02
6.020188283883420866e-02
-6.485121491860346143e-01
-4.724182135257983806e-01
-5.129386740179096016e-01
-9.086659960696157334e-01
4.174264174031030450e-01
6.084364715712691218e-01
-3.643505872148986580e-01
-5.634409114583327494e-02
