-1.000000000000000000e+00
1.000000000000000000e+00
-4.189340651629617218e-01
-5.764283988671190517e-01
4.706043962560136906e-01
-1.000000000000000000e+00
-6.435341858639396229e-01
8.574319109012448759e-02
2.540011505527473012e-02
-1.000000000000000000e+00
7.502344153715456709e-02
-1.000000000000000000e+00
-1.000000000000000000e+00
1.000000000000000000e+00
-8.929483564045899158e-01
-4.333566424334762690e-01
3.775981975966776760e-01
1.000000000000000000e+00
-1.333017210181237922e-01
-9.844893258204450159e-01
-8.613044243266374522e-01
-7.883685787544096879e-01
-4.206957908628270459e-01
-1.000000000000000000e+00
-1.000000000000000000e+00
5.092827964920940698e-01
2.112196069863252479e-01
-1.000000000000000000e+00
1.000000000000000000e+00
-1.000000000000000000e+00
5.432561448629662504e-01
-1.000000000000000000e+00
2.160676905225139555e-01
-2.601132627291347088e-01
1.000000000000000000e+00
-5.344302593485705799e-01
6.923666131182526495e-01
1.000000000000000000e+00
-1.000000000000000000e+00
-1.000000000000000000e+00
5.091539471045040122e-01
1.000000000000000000e+00
-4.478281099121947939e-01
-5.337649172781591123e-01
2.439107548279737525e-01
1.000000000000000000e+00
6.763083409216446018e-01
-9.331004124389824517e-01
-8.117285209650179634e-02
-1.000000000000000000e+00
-3.796547278720979746e-02
-4.318066519107854884e-02
1.000000000000000000e+00
-1.000000000000000000e+00
-7.410608970915819604e-01
-6.097139952377896854e-01
-7.339069995798384038e-01
3.015739013782825495e-03
2.464870821044468086e-01
-1.000000000000000000e+00
1.000000000000000000e+00
-6.390589900114105326e-01
2.485231330054148424e-01
1.000000000000000000e+00
-6.445809263714302739e-01
1.000000000000000000e+00
1.000000000000000000e+00
-7.464988423804861384e-01
9.244665022028339951e-01
-3.099967221426958019e-02
1.023552134737264474e-01
6.481486501684350365e-01
1.000000000000000000e+00
1.000000000000000000e+00
9.376090485983645806e-03
-7.731819864080798910e-01
1.000000000000000000e+00
5.959533934987304438e-01
1.000000000000000000e+00
-1.000000000000000000e+00
-1.000000000000000000e+00
-1.401365389588399846e-01
1.000000000000000000e+00
-3.668907884462837554e-01
-3.964008188095613505e-02
-3.747084656431356464e-01
-9.551754668579979235e-01
1.000000000000000000e+00
-3.342548890948338070e-01
-2.684442273857949868e-01
-1.000000000000000000e+00
9.524918340169221675e-01
1.000000000000000000e+00
-8.670621281140045156e-02
-1.000000000000000000e+00
4.301625198257762461e-01
8.485782289676405687e-01
1.000000000000000000e+00
-5.767611878335283659e-01
-1.364570989304249027e-01
-8.009181771798810079e-01
1.000000000000000000e+00
-7.397188819822921868e-01
-2.428241356905223025e-01
6.726310048026498123e-01
-1.000000000000000000e+00
-1.000000000000000000e+00
4.401208563727068146e-01
1.000000000000000000e+00
-1.000000000000000000e+00
8.118882626825008053e-02
-1.000000000000000000e+00
8.416552753594412906e-01
-1.000000000000000000e+00
-6.901283355656199214e-01
-5.720706095570275984e-01
1.876586134804731909e-01
-7.868796838908098668e-01
1.817050648888584030e-01
-7.421768076188055563e-01
1.000000000000000000e+00
3.962132939726603631e-02
1.000000000000000000e+00
-7.209157406046627914e-01
2.071988909624455921e-03
4.814212956949379119e-01
1.000000000000000000e+00
-1.099164563089060076e-01
5.112658417573953118e-01
-7.455370742543557805e-01
-3.537108569088065479e-02
-1.000000000000000000e+00
-7.903183555176442887e-01
-1.000000000000000000e+00
-1.000000000000000000e+00
3.863971849191731867e-01
3.715957252951782586e-01
1.415441600322859261e-01
-1.000000000000000000e+00
-5.354637234489478814e-01
-4.166025912687112975e-01
1.687269924568775281e-01
9.530524068375534341e-02
-5.150169586674847588e-01
4.466215967080473526e-01
-9.299441489858351062e-02
-2.885397872875066216e-01
1.000000000000000000e+00
5.794487591069137356e-01
-1.000000000000000000e+00
3.182524363258600886e-01
-9.255313524317085871e-01
7.827492090887746556e-01
-1.000000000000000000e+00
8.167600469612366076e-01
1.000000000000000000e+00
3.070952750825948208e-01
-4.314175940113591512e-01
-1.000000000000000000e+00
-6.863642541304690869e-01
5.530382543280845109e-01
-1.000000000000000000e+00
-1.586526808136075051e-01
-5.548679755446481732e-01
2.229032105251924634e-01
3.604004205418289697e-01
1.000000000000000000e+00
1.000000000000000000e+00
-1.000000000000000000e+00
1.274626779734561177e-01
-1.000000000000000000e+00
-5.070034601108772132e-02
-2.453843413624589020e-01
-5.815851066763577659e-01
8.277009451894498104e-01
-4.015975620230641252e-01
-2.768042101666676746e-01
1.212896278978863318e-01
5.641153514497141419e-01
-1.000000000000000000e+00
1.000000000000000000e+00
1.000000000000000000e+00
-5.633884199757084321e-01
-1.000000000000000000e+00
5.343398310205325075e-01
-1.000000000000000000e+00
4.611579237557823507e-01
8.773959178524104452e-01
-8.966331732626997564e-01
4.526404984719982760e-01
-3.530106635768868739e-01
-7.036432433157783217e-01
-8.471777898000223406e-01
8.740077773912497960e-01
-1.334931716040150818e-01
-1.954033262215927880e-01
-4.215817087193279855e-02
8.837121898963935518e-01
2.500068127287049524e-01
-1.000000000000000000e+00
-4.117157355491969373e-01
-6.933177385809941029e-01
-1.000000000000000000e+00
-1.000000000000000000e+00
-7.865473374936643447e-01
-2.102774144282690272e-02
-1.000000000000000000e+00
9.403842991744393309e-01
8.007521298165329870e-01
1.000000000000000000e+00
-8.778450126690935384e-01
3.056812824831071085e-01
1.550014730671223084e-01
7.784270823511139081e-01
-8.079956629692131020e-01
1.000000000000000000e+00
-1.000000000000000000e+00
-1.000000000000000000e+00
1.000000000000000000e+00
5.073872395823272319e-01
-9.760610364077680901e-01
-1.000000000000000000e+00
-4.436109215014770735e-01
-8.187843612319378739e-01
-8.971330727035938812e-01
-1.000000000000000000e+00
-8.463520752064150887e-01
8.228205370773783445e-01
7.755181683819283300e-01
1.000000000000000000e+00
1.000000000000000000e+00
-1.000000000000000000e+00
2.109126834284888452e-01
1.000000000000000000e+00
9.100729393692963409e-01
-1.000000000000000000e+00
1.000000000000000000e+00
-6.754412890276111359e-01
7.441953741365250341e-01
-9.531803334175054099e-02
5.264248150570187690e-01
4.638241188013179639e-01
1.000000000000000000e+00
-2.183714993564578322e-01
5.678909610458270363e-01
5.418355044952674060e-01
-1.000000000000000000e+00
-1.000000000000000000e+00
3.930590833140856777e-02
1.000000000000000000e+00
1.417003599704971251e-01
1.000000000000000000e+00
1.000000000000000000e+00
-1.000000000000000000e+00
8.140656385353420843e-01
-1.000000000000000000e+00
-5.710089818580249554e-02
1.000000000000000000e+00
1.000000000000000000e+00
-1.000000000000000000e+00
-9.099240184249388630e-01
9.849236648066832522e-01
6.650180877487279485e-01
-5.930625464121054291e-01
-1.000000000000000000e+00
