3.506461360501944569e-01
-3.515066625951901447e-02
-3.598974481590800911e-01
3.308883410729979158e-02
-3.762264894600702014e-01
-7.478243375546257399e-01
-2.533164406823616988e-01
5.477786712520772427e-01
9.939544101853280411e-01
-5.492523765266900115e-01
-8.915782155534622833e-01
3.839449045321545739e-01
5.665769833101007569e-01
8.579622468764220855e-01
-7.328758264782347931e-01
6.290893045851954080e-01
1.487651556365657268e-01
3.627956052873532178e-01
4.097511796017934693e-01
-7.165878236745721885e-01
2.636683781294376638e-01
-6.480625883397554965e-01
-5.709829063384469494e-01
-9.402805277349092217e-01
4.393211114402252870e-01
4.480398257477555268e-01
8.115924979840839493e-01
-6.580099848742330115e-01
-6.764758818400165019e-01
-2.211358726079124537e-01
-4.053710061908658013e-01
-1.048947670752169159e-01
7.620423452228598515e-01
-7.713763428437286906e-01
-1.334584096909397222e-01
-8.992015391411302405e-02
2.944049399162314007e-01
-2.270763152229987591e-01
-6.033910740386873028e-01
-1.603180273227944319e-01
-2.628996763680516713e-01
6.890577473734508240e-01
-9.777232071744673680e-01
-6.685459882176568724e-01
-3.842247350930213523e-01
-5.199738113107891246e-01
-3.937284323430777500e-01
-2.508015080211349890e-01
1.000000000000000000e+00
1.205579765904866291e-01
-5.541524988409451957e-01
-4.106003723517234055e-02
7.367589622322983089e-01
2.282077598207381819e-01
7.946731290439146278e-01
-5.305906839007759057e-01
-7.737144989302439935e-02
-2.790312761756942317e-01
-1.236050661576905962e-01
-1.779508643488181552e-01
2.016658306321625904e-01
-1.893714222986641604e-01
-1.609236883021833986e-01
-2.306815508311157170e-01
-8.670182757255304740e-01
-7.501669793246782403e-01
-5.877691660130546225e-01
-2.851500100915925207e-01
-6.570452293944560873e-01
4.034425911538135345e-01
-6.595914193124026159e-01
-4.502345897992797719e-01
2.418131483062606335e-01
-7.503996552736813541e-01
5.107266220535551238e-01
-7.387733656281511019e-01
4.843507513560386668e-01
1.217249977157071061e-01
-2.761608899051638533e-01
6.641339605488374431e-01
-5.508198738573240050e-01
-7.796606365608844680e-01
8.443305740250824920e-01
-4.199509237059435574e-01
2.880667624962005569e-01
9.927369035351820692e-01
-2.538729271670727705e-01
-5.497046866039406732e-01
5.299106391925063886e-02
-4.560675843403643737e-01
-6.511883203919245355e-01
-7.729767760430057422e-01
3.417059281700145501e-01
-7.688624137881564513e-01
9.267125916448324396e-01
-3.103331819432904037e-01
-5.128694557754436278e-01
-2.226273045590473898e-01
6.126236523775724363e-01
-2.905576037708945125e-01
-8.762961839737060110e-01
1.565697366542859736e-01
2.338010519859125835e-01
-2.669919804805789276e-01
-7.239519039080397622e-01
-2.892075349682844410e-01
7.048355933735273027e-01
7.856067610674259960e-01
-2.986000458850912587e-02
7.256499354537317981e-01
-3.174241138183517275e-01
9.395291594800903034e-01
5.513408260639420799e-01
-7.125808622746366838e-01
7.134014702382365791e-02
-2.980788319059939351e-01
-7.124871499713364420e-01
-9.189636233251432529e-01
-9.891778103683510626e-01
7.022482816352486612e-01
5.922965127414513420e-01
8.172271839267553073e-01
-8.995906236673582024e-01
-4.071935296803295273e-02
4.230415989019207235e-01
7.238709332763910709e-01
-8.697580265781528208e-01
-4.340558131813385678e-01
8.299833097654524261e-01
-9.418468420478323111e-01
-1.154367208614808793e-01
7.159099209223571680e-01
1.716494187599084398e-01
-6.358244408506413814e-01
-5.576598222185793485e-01
-3.072172107763300741e-01
1.075355822377193071e-01
5.403898320644031639e-01
1.513208729961716126e-01
-1.452899936178736751e-01
5.109291132614517394e-01
-7.768661788026129944e-01
-5.294730020369566859e-01
-4.543164390192470092e-01
3.937561515774665732e-01
1.763790708749048142e-01
-9.701034249940161391e-01
9.610391370100781483e-01
-7.567030401672950601e-01
5.153715766361407491e-01
5.083789371497313692e-01
-3.985067799375660580e-01
3.844767198818795084e-02
7.666660775320270904e-01
7.857024457814547613e-01
1.989997578399667344e-02
4.060925288629004815e-01
-5.947590685021917345e-01
-2.782550695259684570e-01
5.531917129283514534e-02
-2.950875541482473885e-01
-9.826748496083063111e-01
1.504220332284083583e-01
-3.945119791309898982e-01
5.259231801072238310e-01
-6.902584241047300395e-01
7.369056452989992678e-01
-2.905296710301674690e-01
1.467203018646594526e-01
-5.397605794952109459e-01
-1.785725517493910730e-03
8.893387232543907839e-01
4.975701820066895653e-01
-4.198159387495662420e-01
9.370128757735752822e-01
-3.391589328469999387e-01
-5.127363667320641305e-01
-6.696666337481631537e-01
1.034359153674428988e-01
3.390247650790702283e-02
9.810045802450673147e-01
-8.408400032703556848e-01
-3.411899221166256879e-01
-7.827690900357553438e-02
-1.000000000000000000e+00
4.793008181689737413e-01
6.874842200478117338e-01
-1.243582552620771525e-01
6.158475821477810142e-01
-8.629931395599124144e-01
3.219928704130711195e-01
1.129325309421390089e-01
1.922865964485218626e-01
-4.513780180736897130e-01
-6.830137807672560513e-01
-2.308320700758008659e-01
5.632862825569088239e-01
9.159551982947775617e-01
9.430498708328252100e-01
-3.939816323823842059e-01
2.612936850362333474e-01
1.596709240637799176e-01
7.852016310670779931e-02
6.770245220454212953e-02
1.290868893603597800e-01
-4.367803043410167785e-01
-5.706530098688367136e-01
7.296212288629727594e-01
-3.551946258040777904e-01
7.530144726540155542e-01
-6.558562055514596256e-01
-4.091051158773831853e-01
-9.346166197812437737e-01
5.383027710204326688e-01
-1.542440749376416953e-01
-2.615124744797077128e-01
3.917997573914106524e-01
7.014073658160131508e-01
7.072719804668519128e-01
7.250296317414333114e-01
-2.185679131510562256e-01
3.082115013055531372e-01
3.737130712747425143e-01
7.667898847084151370e-01
6.486411566495735581e-01
-2.926978975398637495e-01
-8.595484775536026412e-01
6.306429345762067928e-01
2.872774855329620625e-01
1.594916234981561820e-01
-6.990487384128936388e-02
3.864837971732177913e-01
-5.646654695196187124e-01
2.026838808641096001e-01
-4.194473223480766899e-01
-5.355974519819223234e-02
2.563701585662687688e-01
-2.235904962849184080e-02
-9.685492471244366852e-01
4.166660962413083480e-01
3.491506072945205208e-01
-9.712149866076255078e-01
-2.063342703570147929e-01
6.838240115857968648e-01
5.804053061803760016e-01
5.399915879561827392e-01
-6.537346049869481313e-01
-1.952132728502914971e-01
3.791921799981694541e-01
4.638999243633992187e-01
3.942568423931827049e-01
-3.304245437946852215e-01
-9.798446256815398492e-01
-2.770882528232941899e-01
-6.470076541623763777e-01
-1.000000000000000000e+00
1.000000000000000000e+00
8.544154704111508458e-01
3.745085269739790723e-01
-7.713011392108890529e-01
-1.000000000000000000e+00
5.823896459852475616e-01
1.258687826714415536e-01
6.523148974061665495e-01
1.204640906757687008e-01
