-6.328905230220107647e-01
2.732794413458033977e-01
8.303813183605287529e-01
6.092973019990148842e-01
-8.152284385124686228e-01
-9.671494873299419925e-01
-7.845255660586727409e-01
5.121571102641608864e-01
-8.537515659165071380e-01
-9.537780851296526752e-01
-5.154276545410292343e-01
-1.000000000000000000e+00
5.973514034056983668e-01
-5.757530825122008089e-01
5.291444710904857907e-01
-8.502505842148846416e-01
-2.731020448014318536e-01
-2.944793857504806045e-01
-2.879757069822187487e-01
-6.425622975502871537e-01
-4.464930257607711561e-01
-6.905812022963078167e-01
9.957374886043963702e-01
-9.216639867422995458e-01
-5.446746464776295316e-01
-1.000000000000000000e+00
-7.792595094234662234e-01
1.000000000000000000e+00
1.000000000000000000e+00
-4.679858012050619465e-03
8.135563331889548166e-01
9.456425642382642049e-01
7.553415258696017931e-01
1.747940634325291231e-01
7.905855389815135137e-01
7.914369562941310221e-01
-6.790059327116413357e-01
1.438140131291524015e-01
1.769189585654558361e-01
-5.876896030857076125e-02
-3.824892700065866125e-01
-4.254644949209105964e-01
-4.723610442287356492e-01
-4.209946350847415530e-02
5.312036892156810630e-01
-7.490979143700744469e-01
3.801867196507457969e-02
1.131192946561208057e-01
-7.070383828434542717e-02
3.705156591183668136e-01
-1.271759729305446118e-01
-7.793006592780019615e-01
-7.234614612322984861e-01
5.659790391835344270e-01
-9.053453439925029933e-01
-1.000000000000000000e+00
-9.697487512012294975e-01
-7.466537019839440958e-01
-3.821013931291388221e-01
3.907295290936063648e-01
-3.136652350369262265e-02
7.524651545782914397e-01
-8.077605706956980658e-01
1.283443866434951230e-01
-1.603364519360601648e-01
-3.699574789027130217e-01
-3.857725367357056623e-01
9.231280302366806634e-02
-2.256503437540284818e-01
-1.862986934689015994e-01
-4.590379878501036903e-01
1.537025307153649933e-01
4.529065894319120877e-01
5.755105374815880914e-01
-1.385901193935764608e-01
4.705731180831596028e-01
-2.343834777969067140e-02
3.785836961322865957e-01
-4.947277972681894953e-01
-8.926617915922057112e-01
-3.065822319179999922e-01
-7.370648443251653914e-01
-6.376949219549084003e-01
1.835618341838303191e-01
-5.567708863121012541e-01
-7.408189775034464963e-01
2.262378585987627755e-01
-6.200951439859503367e-01
3.729633165945553941e-01
7.466919977964086019e-01
-9.475344832362830871e-02
-1.616139259240649828e-01
2.551801567721090347e-01
4.528861153972616460e-01
1.000000000000000000e+00
5.861822937575709158e-01
1.670782409890325670e-01
-2.732489484402056412e-01
-6.045567769984472317e-01
-7.613599243614530554e-01
-1.447171869925542864e-01
-2.170317735001003889e-02
-4.509733079394765420e-01
-8.002941626015485088e-01
8.976369231402181459e-02
-6.353292894631668020e-01
1.776224918762638882e-01
7.062081485369109402e-02
5.857606547557805410e-01
3.818838225349487914e-01
3.083438338388357902e-01
-5.382004134427428310e-01
-4.836143418671399186e-01
4.776997294261227101e-01
4.546765745735363851e-01
-6.062989701061747283e-01
4.376738667013932993e-01
-3.562493473398709032e-01
5.351974176926659332e-01
-2.691995555621206626e-01
8.991193471768155199e-02
4.104034644710997659e-01
2.890099841915195755e-01
-2.660685441072663249e-01
-6.914498360966376822e-01
-6.074675734924380732e-01
-7.674676828685962349e-01
4.577786988054461936e-01
-3.979925750957875596e-01
-9.043571274886923472e-01
4.883770167628667114e-01
-4.244033774012121452e-01
-1.861683536214970847e-01
6.348907174860070057e-01
-5.402651917544059046e-01
3.273649108246852180e-01
2.033653961221526529e-02
7.932877097634576380e-01
5.690265150577271669e-01
-7.877224846383332757e-01
2.080954508540264203e-01
-5.491738729093345039e-01
7.006084604023714579e-01
8.899619487078906932e-01
-3.791843654954163978e-01
-1.291152153471687714e-01
8.276523331948159035e-01
2.943566412730846960e-01
1.237593819717872634e-01
-2.951774269738727807e-01
3.853213482822709368e-02
6.379462394450787777e-01
4.206683165210804987e-01
6.710512536938444406e-01
-2.176344393145568379e-01
9.618633002503200746e-01
-9.321607629182921961e-01
-9.538345150229210478e-01
-8.071899651005962628e-01
-8.435157324819448910e-01
-6.927620166179453420e-01
7.654426850066253785e-02
-1.024649334278404655e-01
-8.086109800726619390e-02
-6.798009781081111313e-01
4.131779917636930755e-01
-2.146127222923222000e-01
7.059796993102998020e-01
6.374378284216511981e-01
4.110814271590357283e-01
9.828241348338542238e-01
-8.551876193853842345e-01
-4.410261426869546142e-01
-9.132292930115928353e-01
7.364273776690923867e-01
-2.629733625389006346e-01
3.198497482958577720e-01
5.629951659605230141e-01
-2.167341858073708050e-01
-7.951246186626690360e-01
4.392225312107017055e-01
-9.937730652073184512e-02
7.432264925959173318e-01
1.093180831639730677e-01
-5.598110465132455360e-02
5.053788094323348190e-01
7.803223659891702635e-01
9.835453278826844503e-01
3.511121613874201852e-01
9.604726693877219112e-02
-5.722936169878449775e-01
-7.932740300775371622e-01
7.754328364212205171e-01
8.709124630304205805e-01
-5.626712563733422545e-01
-3.745678858446009896e-01
-6.631706872458722479e-01
-1.387785930528611100e-01
6.003841403764297313e-01
2.778971690126765814e-01
1.066880082906510041e-01
-4.243223936333809232e-01
7.348207473003516288e-01
7.497403196451815077e-01
1.169499564413540860e-01
-8.815110540789363736e-01
5.176278801038040889e-02
-8.135550302333752204e-02
2.633495135240122575e-01
-8.244815193383603358e-01
-6.515563722905559629e-01
5.102848388909544952e-02
-5.641106507665520908e-01
7.941010923802696020e-01
6.776289232401229157e-01
6.186171651107035263e-01
9.366759395638078745e-02
5.630608225931208466e-01
-3.833208695937738164e-01
-4.111217065918104652e-02
8.996995660656599281e-01
-5.364262104269765796e-01
6.963834756852917973e-01
-8.195462192588005568e-01
-8.376254243575564917e-01
8.660391955718882429e-02
1.993541803435550097e-01
8.628466494073092630e-01
-1.387230830672445681e-01
-2.433682157257836265e-01
4.710546013409555588e-01
1.936084300086948762e-01
-2.650961729565384228e-01
4.368990426693697415e-03
7.051237173027836702e-01
4.867831089623576024e-01
1.440080114220177454e-01
4.386529732923805103e-01
8.542407865747622120e-01
7.611164926216813509e-01
8.039031232660442949e-02
7.763043595059677671e-01
9.260053411123636558e-01
4.900814009060510124e-01
-3.158627245545357898e-01
1.242270131999405891e-01
8.163389388821873371e-01
-4.862089960197735206e-01
7.809121326243348982e-01
-8.383313175980613430e-01
-1.417867459795867369e-01
2.421499922016918660e-01
-9.223457235180705371e-01
4.842541396437873846e-01
-5.574648823167378531e-01
-4.922741036134492543e-01
5.771687555368582023e-03
7.961684970408872131e-01
2.725973789795368418e-01
4.083615308311789871e-01
-7.313688731654407471e-01
5.919234770058201534e-01
-1.937424660785760921e-01
-1.529369284285312380e-01
-7.216688477340842400e-01
