7.089737716057822325e-01
8.430752798435227346e-02
8.615276339052260757e-02
4.691911210081750605e-01
3.576557346472906129e-01
7.309597000995415872e-01
1.253066609434523304e-01
-2.326237519772196560e-01
-5.587325277288177627e-01
4.054582017199681587e-01
-9.150164677306886762e-01
7.528941053562361319e-01
-1.959546483844198939e-01
8.864983079807976507e-01
1.000000000000000000e+00
5.886998525300656260e-01
8.904093638568546520e-01
9.114708696468072358e-01
-8.749232227951381224e-01
-1.451137730619178612e-01
-8.524388148037678192e-01
-8.626012801035957134e-01
-1.200442376237188247e-01
5.573072513367978154e-01
-6.571817321323916161e-01
6.111425405854891135e-01
9.927432112788450169e-01
5.928553184213392058e-02
8.166740976886726067e-01
1.080365250511583497e-02
-3.555177883902140845e-01
8.564113991921279423e-02
-5.225931235641887440e-01
-6.723933020271749550e-01
-1.073959427551343659e-02
3.189041831857394316e-01
-6.288760373532049641e-01
8.821952299264450570e-01
5.377747951466749221e-01
5.124719196934753862e-01
6.396685698505948092e-02
-2.196740764138802593e-01
-6.852884359817402737e-01
-9.387461441479800772e-01
4.221161500410017808e-01
-9.886065731165012416e-01
1.955536608570713208e-01
-6.802111085010678071e-01
-1.564759590197652983e-01
-1.389883569928007656e-01
7.803889562669101831e-01
3.749633241835104158e-02
7.230956496867801953e-02
9.346472255806398399e-01
3.059666767477697835e-01
1.062772381135250743e-01
8.195457519750244391e-01
-8.329936456032360770e-01
-2.750235798083539018e-01
4.053469625967020540e-01
-9.852781237100453060e-01
-6.103279021001948301e-01
6.945945458950677498e-01
4.659305985279131868e-01
-1.496574778903647651e-01
-1.865273785687439068e-01
-5.760621968434420648e-01
-6.027628016343097306e-01
-8.677537078740116261e-01
3.747578302478599688e-01
4.098959689927924588e-01
1.297968359656095361e-01
4.894158278052156419e-01
-3.964586320627527805e-01
-8.931526413980002133e-01
-4.932704483659795525e-01
5.316202077654841318e-01
-1.000000000000000000e+00
3.471053887416304384e-01
5.425649744314424705e-01
-9.262258068751945128e-01
1.877982534646496782e-02
7.297655057507818066e-01
-8.389608364948124564e-01
-4.362673318720649562e-01
1.761631619219720113e-01
-1.332288496005773482e-01
-2.420212260073792976e-01
-2.855504382016278431e-01
-5.909322295577621453e-01
2.681284780403592194e-01
-3.469105261770686344e-01
-9.007451653398970137e-01
2.038234188436296446e-01
-3.167696569280782359e-01
8.529240897666989785e-01
-6.675049897748608352e-02
-4.454739300379939593e-02
1.814971503556996046e-02
8.596670237167653994e-01
4.965209438457640623e-02
-2.321866661201410498e-01
-3.091408484923556799e-01
6.111644902540427360e-01
-6.071506460942832639e-01
-3.302535844677629839e-01
-3.704652240760153425e-01
-5.981584659657115388e-01
-9.200938374729168423e-01
-2.819364345332164845e-02
1.751436283869167720e-01
6.388998521405675479e-01
7.106401818504708423e-01
-7.620913325489224732e-01
6.107786587829958647e-01
9.904120731705421399e-01
-5.169247073754468236e-02
2.756366145417106228e-01
2.863093834954784089e-01
-2.827295913868641541e-01
-5.528548015306018470e-01
4.029215613251193595e-01
3.480060947134011595e-01
3.619618548399301527e-01
9.136007899765191675e-01
6.279299704445686636e-01
-6.232947031246371949e-02
-2.760940040581903454e-01
2.169708774319425298e-02
3.139710687679272416e-01
5.140894693724776809e-01
2.952123558792489333e-01
-9.991645236138533281e-01
-8.942696570019896818e-01
-8.573461996157176745e-01
-1.959830242775955078e-01
3.910678507676731974e-01
2.959712066686379650e-01
6.953051071971922958e-01
-5.352353663300659647e-01
-4.678837652456560026e-01
-8.692336024828908325e-01
4.247876908399957907e-01
-2.260412939160372225e-01
-2.368776803459939906e-01
9.477181551297404472e-01
5.826311878936554223e-01
-4.948511816163497223e-01
-7.783986809961174202e-03
-6.800099684526107469e-01
7.668119045150101343e-01
-4.263220435279950760e-01
-1.088855194053508502e-01
4.786889119661847936e-01
-4.152951458963791143e-01
1.000000000000000000e+00
-1.463570778068632450e-01
2.707613212773967160e-01
7.065905163065874239e-01
6.952584058391120259e-01
-7.692002673000553070e-01
3.243192733337945111e-01
-7.959090129222496923e-01
-6.424996852532138814e-01
-5.243027487019087385e-01
3.106924273053062180e-01
7.471659446645328995e-01
-8.974508405700849512e-01
4.611771879010415631e-01
6.724230088584427778e-02
-2.203947568063908680e-01
6.882079025842282594e-01
3.325387426374772915e-01
7.123328502669057372e-03
4.121301992363037847e-01
-6.027567885764939515e-01
5.156362582981254272e-01
-8.174128014879022963e-01
-9.420940594141589131e-01
9.533024066153370502e-01
-5.242786337157832044e-01
9.845633535784181767e-01
2.310991359616167973e-01
-7.129804440986762248e-01
-2.562418577087097749e-01
9.710226216469703964e-01
-5.869807402781861416e-01
5.186351153593196095e-01
-3.488851811465860653e-01
-2.176537105986048048e-01
2.995361108409699824e-01
-1.145391452899398033e-01
1.294712103671147307e-01
1.510721494563991296e-01
3.648564359023039883e-01
4.556418451739874254e-01
1.406906416908904056e-02
8.423320795037106956e-01
5.677356700958509084e-01
3.403239884591063857e-01
7.069858720100314908e-01
-6.771738015628756546e-01
1.000000000000000000e+00
-5.737592671014951629e-01
-8.460032213662653788e-01
-6.442702738445941213e-01
1.937358356758457356e-01
5.871203351009198768e-01
4.350576599328159766e-01
7.691412898561998945e-01
-9.834812947441124997e-01
-2.263007781094648063e-01
1.872140740246062141e-01
2.718352792549145747e-01
-2.921823489582775490e-01
2.906729126973145449e-01
-8.239135391395742136e-01
-2.534001041704122548e-01
8.621425891803686792e-01
3.988892319435604072e-01
-2.337395158213810831e-01
-8.178488023488144076e-01
-9.859743739018419495e-01
-2.716240136688310436e-01
2.214826797436933725e-01
-2.913513389922790520e-01
7.910665394670219897e-01
-5.860929606082598831e-01
-7.880213840593035535e-01
2.444358408215503431e-01
-4.578602568626752856e-01
2.127768433676953119e-01
-9.833451512905100333e-01
-9.258183786330729248e-01
8.906835814722910971e-01
-5.880038399784126568e-03
-2.122094038320210263e-01
-1.361549184393047174e-01
6.329347028668553810e-01
-7.950849872023215692e-01
-9.768169266975812448e-01
5.772026384446486968e-01
3.279467078883931408e-01
3.866498143760760398e-01
4.921452521470839336e-01
8.601175873327722154e-01
-2.194263220584631302e-01
2.843402618534460746e-01
-7.327907127697597112e-02
-4.432275061424597595e-01
-7.080678676317928577e-01
3.016886572140244915e-01
-6.926356131645974301e-01
5.304503501412722866e-01
7.510537911338384109e-01
1.057015703201502621e-01
-4.212621528915374558e-01
2.514571239748643328e-02
2.595659799239125043e-01
-4.364588801533069162e-01
4.250333214047670727e-01
4.067635686098207692e-01
-6.945591253672511733e-02
-2.902035907398159975e-01
-2.187170169451517765e-01
