-6.454842993754846825e-01
3.977569252773346387e-01
7.224786961494592541e-01
-5.084424520405066428e-01
3.921480283124760824e-01
-6.553873706656880849e-01
-4.226534088257261068e-01
-5.195380881864792855e-01
-8.985503191852545202e-02
-9.592886687628380260e-01
-7.818961352341795568e-01
-9.416954728866533397e-01
-8.754569429065064412e-01
-3.852666035415631129e-01
-9.355287422137625875e-02
-3.141039726938388288e-02
6.127948238864482366e-01
9.606042028681436307e-01
2.146537692736504022e-01
1.377767929338768668e-02
-2.189614718330918919e-01
5.413607602513763328e-02
-2.775486574593828415e-01
-6.976720760714913983e-01
-2.043264213173650035e-01
-6.629074762692784839e-01
-9.501664909314988527e-01
4.320319414262625557e-01
-6.808492539719728232e-01
-8.982627523822974691e-01
-5.289620088052091607e-01
5.015986261186249351e-01
2.856704043318101238e-01
1.345277341904211887e-01
-6.234886491621680626e-01
-9.341006963117202133e-01
2.175919174172156745e-01
5.772786570356831515e-01
9.341696418907665667e-01
-8.215689099090954794e-01
-7.719859293056299254e-01
-8.500253646847324429e-01
-2.796845437173467452e-02
-9.328340837271253960e-01
4.135415853445700840e-02
3.459186062573411657e-01
-5.258021732699457162e-01
4.403225514756337056e-01
8.659659811055167022e-01
-7.787361909852561492e-01
-7.303389109541760238e-01
1.191838391319743895e-01
5.837309086886617315e-01
9.774556083762675485e-01
-5.813611373215148426e-01
1.318622057891383204e-01
-3.367772060249374366e-01
-2.002306682396674531e-01
-6.085858090512814567e-01
6.862885161582295002e-01
-2.542261623198400766e-01
1.488321249506396882e-02
8.041202975162953237e-02
-1.490925949782814786e-01
5.887171310053005424e-01
-8.822069595094816918e-01
3.865721374580712855e-01
-6.556886388899776374e-01
-7.708466301617047378e-01
-5.202840968935513732e-01
6.129695902785540218e-01
-9.265551334836130692e-02
9.325343158036805136e-01
3.653130918348532763e-01
8.092910331974083604e-01
1.446394223954383662e-01
-4.977074658735869406e-02
-7.693589478605985521e-01
-9.157431479110689221e-01
-1.874091955418830668e-01
2.806941600983053342e-01
8.311808886204762326e-01
1.338665707988424547e-01
-9.296012051116945285e-01
-4.746287008422145348e-01
6.794004294038009650e-01
-1.000000000000000000e+00
-6.731939686525066913e-01
-4.463305318750743211e-02
3.726666679449701647e-01
7.105015423499997373e-01
-1.389112251475310700e-03
1.000000000000000000e+00
-8.442550822336205574e-01
-8.230947472943652699e-01
5.619695206181820613e-01
8.115824551722896629e-01
1.104221027195564364e-01
-4.899451768809837682e-01
3.859263967744965829e-01
-8.076801644323370333e-01
-3.889137860973388983e-01
4.146568176003875283e-01
-6.732724207549083406e-01
-3.140701916454279319e-01
-7.577647346458420419e-01
1.292871141607856988e-01
-7.314496995799522061e-01
7.711869357484464338e-01
2.469724107274026692e-01
6.417115679790286187e-02
-1.000000000000000000e+00
-9.714389404649397264e-01
5.071328921819476809e-01
4.649989000491119295e-01
7.319503522865937750e-01
-1.288639117630677733e-01
7.164697089306779620e-01
6.337139266908118351e-01
7.717922305921345316e-01
-4.966580450502109390e-01
8.593564858351434577e-01
9.646962066232278588e-03
-2.389112178170973988e-02
-9.346713111161530918e-01
5.832967171471725720e-01
-8.241403402165601300e-01
8.237330784007532714e-01
-6.894146444617885727e-01
2.826823251592984199e-01
2.565133453516521556e-02
8.304133841823929663e-01
1.903076645867973760e-02
7.308231439537694607e-01
9.228926203203446921e-01
-3.395851904616800088e-01
-6.228565823162275361e-01
9.543211689057063962e-01
-7.687598095186809477e-01
5.648916929163676492e-01
5.125806702960151728e-01
-2.381536899278720032e-01
3.078237421884202352e-01
7.946329231052646769e-01
4.685390810636536063e-01
-9.005418541133480836e-02
8.222258139292535351e-01
-1.235781877576291182e-01
6.883485208344575224e-01
-1.000000000000000000e+00
3.185880315373669225e-01
-4.363591321944122470e-01
6.866721102607923344e-01
9.769188115243019332e-01
4.312828392996628235e-01
-1.111884898653424936e-01
5.923200111791419031e-01
6.135853015233175833e-01
5.143199277832082306e-01
6.560045125867655091e-01
-3.305732411297291895e-01
7.864396842456755632e-01
-9.474495591441169928e-01
-3.305216842471815908e-01
6.881162980036631405e-01
5.912204584287081843e-01
3.233202920662150426e-01
9.830168311563107775e-01
5.805835567379511453e-01
-3.308145124314896268e-01
-7.202635076051647767e-01
-5.576527164642428591e-01
-2.750605457868608439e-01
9.766469486020479263e-01
2.443324083830438476e-01
6.343551768036543859e-01
-8.757938821508297611e-01
-2.041668749204124111e-01
1.184177301326047177e-01
4.623956958154551433e-01
-1.049709340179723477e-01
-4.097017034787182599e-01
-7.930648116211744814e-01
-7.500474850237287550e-01
3.799343703103508219e-02
5.096102012396936942e-01
6.384901302136769541e-01
3.019294772350340494e-01
-5.785243111365110380e-01
1.923271881987216325e-01
-8.281573541820210771e-01
-3.876463910481524611e-01
-3.412620123760712332e-02
3.298571617130058309e-02
1.000000000000000000e+00
-9.559521970279492020e-01
1.966866332238591808e-01
8.755330477900726827e-01
-9.023389648854607259e-01
1.383125916270835365e-01
4.443808985394388511e-01
-2.608838055139608425e-01
-8.357231905051067944e-01
-4.307030268784339810e-02
5.819026900405958047e-01
-9.798318072744929275e-01
8.685574331128388392e-01
-1.644675147129313064e-01
-4.136174608466491875e-03
-5.035683106103427953e-01
-6.577249474841545540e-01
-5.040895743791542483e-01
-2.387442972678508468e-01
-7.927225198307035203e-01
-8.695464031012973827e-01
5.722970754110279223e-01
-9.521809363749167421e-01
-4.437392973295111176e-01
2.203620810876620872e-01
7.621043337132260564e-01
-1.131965806620678361e-01
-6.961951074312304755e-01
-3.142010458095860770e-01
1.502849640869177716e-01
1.275081091561525160e-01
-1.647086655053850435e-01
8.724661774112836277e-01
9.495970461859724043e-01
7.181532280915833288e-01
1.923467491095115223e-01
2.188275990692008233e-01
7.443922712886043014e-01
-1.855392820099743822e-02
7.337980041550730137e-01
5.627078575948167849e-01
4.675172594373488977e-01
-9.953053541671199600e-01
3.488292246897073401e-01
-6.653001013995352153e-03
-2.448286246216706541e-01
-5.684675343727233487e-01
1.814114994006317261e-01
-4.793734326090126618e-01
-1.061279154136487435e-01
-3.763500810183937340e-01
-5.111925999591333536e-01
-3.236798360325525703e-01
4.529418466521479836e-01
-8.682693905992431294e-01
1.390679626952984194e-01
-6.720211868339909245e-01
-9.424386990313293744e-02
-1.662430987316176889e-02
7.726057336479150717e-01
-8.344983895127918716e-01
-5.532444489531274101e-02
3.541348546778875228e-01
-9.169256906115306194e-01
8.269032793928556835e-01
3.662024813836674553e-01
-1.736202531862826581e-01
4.955060496511913826e-01
9.322897307389097499e-01
-8.475242214005491714e-01
-3.989005453861662609e-01
