1.477870397428326377e-01
8.196386017734749174e-01
-1.922226228195739184e-01
-2.375975881522343069e-01
1.000000000000000000e+00
-2.105065777353554157e-02
9.366577812119341040e-01
-3.979613963791819864e-01
6.320329304745886390e-02
-3.218989170390178511e-01
-7.896167344879043704e-01
6.985025533237054773e-01
7.311176815393087836e-01
8.871994668766494119e-01
3.762360315420187895e-01
6.113989602790694811e-01
-7.048203687026979303e-01
-6.472150471440860642e-01
5.214185439116091336e-01
-3.109479387833116171e-01
-2.672164562125582954e-01
3.332621397890602744e-01
2.001223749560906984e-01
-1.560978136731874244e-01
7.418755865279953454e-01
6.997377700599671790e-01
7.810506721501995209e-01
-4.791921586355645801e-01
-4.352162218200166244e-01
-6.535178498379163869e-01
-2.741536414835350488e-01
-4.627984530087614345e-02
9.335307641828352043e-01
5.124137811391676900e-01
2.082466340533104532e-01
3.314215611797642902e-01
-5.047854994791416416e-01
-8.708840435319789020e-01
-4.045240758639186973e-01
1.000000000000000000e+00
-2.829114391594592104e-02
8.367182745281225298e-01
-3.798974434664234012e-01
6.485307693916346761e-01
5.443384863698044196e-01
-3.331779497987121808e-01
4.174756411608443463e-01
6.169555055740920668e-01
5.357307678557164943e-01
-4.578826147339046804e-01
6.894557649717332204e-01
9.109070490240999129e-01
-7.366763746500657462e-01
-6.503555228361748153e-01
1.000000000000000000e+00
5.968881131863581491e-01
-7.449900273011484941e-01
-7.815925894304137644e-01
4.759349516259154811e-01
-5.169410916131249589e-01
4.365381847540432680e-01
-3.352578146676972182e-01
3.193923165630014882e-01
-1.770081254520878833e-01
1.556686422095521216e-01
-4.602623388781761915e-01
-5.915008493486624275e-01
2.483279129269280183e-01
-9.195833704954095023e-01
-6.798455095698408002e-01
-3.977487853879546065e-01
-4.818611069804490943e-01
5.584086905466701944e-01
2.594818521905573050e-02
-3.777163822830185147e-01
-2.997159829892176441e-02
5.970646728872018860e-01
-5.717147332486304245e-01
-7.950739401837555453e-01
-5.139476974737254567e-02
-1.016199901785032056e-01
7.387362866833253605e-01
-8.499338557809114070e-01
-6.545828139773903764e-01
-2.608428458589242549e-01
-6.364310881509083195e-01
4.115446855728162046e-01
-9.207969788439707148e-01
-6.348130694664129159e-01
7.972666171936702018e-01
7.966664736742995467e-02
-1.771371044062422795e-01
-3.050337207741302681e-01
2.445731122527685930e-01
-7.480561538680043920e-01
7.592875903232316759e-01
1.734742385590266611e-01
-2.926643287748351696e-01
-7.960468302476060298e-01
6.399847689184829935e-01
8.904169702762940730e-01
-9.585976765723994708e-01
-8.836174664811866641e-01
1.915350325988509628e-01
-3.721100434235585785e-02
1.000000000000000000e+00
-1.764439886562427784e-01
-1.845709556948711416e-01
6.691641203037574925e-01
-6.377553650200989965e-01
-5.914400102495701583e-01
-9.011356965673885666e-01
6.502798839640104578e-02
4.536194840632691294e-01
4.553644017616498840e-01
7.522457819552963443e-02
8.318711511435383787e-01
1.000000000000000000e+00
-1.133811106905840554e-01
5.878462841415748041e-01
-4.786087654455408180e-01
7.656058347850600576e-01
-8.276684199267128061e-01
1.189705505051441570e-02
-3.020717097305751775e-01
1.000000000000000000e+00
2.598106933602503665e-02
5.494574874319699820e-01
7.488816030913059141e-01
-1.803847742243341878e-01
-6.884882828677485467e-01
6.155540226327734787e-01
-3.788377041723292038e-01
4.602589898141512537e-01
7.082259871084994884e-01
-7.697210496725555018e-01
-9.801581219747151907e-02
-7.101276267251529495e-01
-6.808317110298636177e-01
-3.900926774885024595e-01
1.639106770946267833e-01
-3.763863730965201770e-01
1.000000000000000000e+00
-5.796097966586477579e-01
7.455952419620166527e-01
3.777138249186416386e-01
5.636072883873233241e-01
8.130966471834990550e-01
3.548766823617861554e-01
6.445202703875374528e-02
2.173135748502192655e-01
8.846106049300406227e-02
-5.443381564942246786e-01
3.846437811930282225e-01
-4.572588864632911587e-01
3.914963812420870770e-01
1.000000000000000000e+00
8.829881766274549904e-02
2.465558425141565202e-01
1.986922889425251082e-01
6.563797126924733050e-01
-2.242871417507049103e-01
4.114662093334282567e-01
-5.888388095294008195e-01
-2.954185715149904023e-02
6.434846926565596092e-01
-1.641552980256626437e-01
-5.835966562893313281e-03
-1.000000000000000000e+00
-8.960376194994119636e-01
4.860997461106666973e-01
-7.131026368489724598e-01
-3.462087590987761310e-02
1.000000000000000000e+00
2.470686636886842980e-02
8.357901662562849943e-02
8.676904285660875793e-01
-2.006188529387397113e-01
8.142407778391385076e-01
6.908343700292368661e-01
-2.188760542289991395e-01
-8.455577204989312978e-01
-6.296081542345020043e-01
9.195343635252150039e-01
-4.810720113252948682e-01
-5.450049967481394031e-01
1.880401317893188873e-01
-9.429468683725537037e-01
-5.664854513226030841e-01
6.368375386300232366e-01
5.684526555985409679e-01
3.204333029661189935e-01
-3.654953625753158963e-01
3.033153938084068302e-02
-4.932454851375944749e-01
7.969101702204975934e-01
-8.570333215134167126e-01
-9.143747120782212967e-01
5.465143533827123701e-01
-4.418679843207867775e-02
-4.608153353197919078e-01
-7.988305335793217665e-01
3.988450516857933170e-01
7.914731819527339729e-01
3.483945700466339890e-01
1.642892170186099343e-01
-9.527590048755316676e-01
2.336380665992181249e-02
-6.382994846827961810e-01
7.166387833838986365e-01
-9.697292734114656421e-01
-1.534239416349336693e-01
-8.588576580529680982e-01
8.711038365728382971e-01
-1.000000000000000000e+00
-6.685124876291009821e-01
1.000000000000000000e+00
1.842773853201157275e-01
8.119658225325445677e-01
-9.518828052124297390e-01
-5.342464546021801208e-01
-3.548267389635817448e-01
8.062511090059386598e-01
2.675273643952211788e-01
-9.708464116862876025e-01
8.132997758619200379e-01
-8.825796735775223167e-01
-4.277365391261975791e-01
6.378549021178443468e-01
7.997202544320133333e-01
-1.825271831486414698e-01
9.034885861005528263e-01
-6.727149260749457627e-01
-5.285667784259424629e-01
-8.697081745179620071e-01
-1.000000000000000000e+00
-8.735633410156309342e-01
8.908710466791869287e-02
-2.443747999041596675e-01
5.967811622694221274e-01
4.713814516473442406e-01
7.235021180558121046e-01
-5.009216835538410351e-02
-4.355788225664432023e-01
-9.787713908268609320e-01
-1.000000000000000000e+00
-8.360250384996179562e-01
4.774443588844274333e-01
-5.344347468195898010e-03
8.097604066060972716e-01
-4.930832719473092762e-01
7.637373905631384963e-01
3.447345965162911668e-02
3.674090713030153665e-02
3.667735816793877279e-01
-2.037183599369308817e-01
1.605468672381327178e-01
4.634728676879855680e-01
-2.450170021034160373e-01
-4.903354625102067654e-01
-5.705113419924578988e-01
1.251161267877153316e-01
3.576521602893342755e-02
-3.382186595827721964e-01
-7.973528952870327924e-01
