4.054092338747564139e-01
-4.977357475340431492e-01
1.870552174895417086e-01
1.775334233624244473e-01
-6.141414109221245976e-01
-9.204145222021715700e-01
-4.004570554840050645e-01
5.111987417478168760e-01
8.904624602975235170e-01
-1.000000000000000000e+00
4.787342248691568436e-01
-7.627662872916980419e-01
4.488955828158680550e-01
-2.885547892679749538e-01
3.373931310508430093e-01
2.829616736295507140e-01
-6.845886203661577518e-02
-6.692148081091862100e-01
-1.285210216068431999e-01
-7.869840235347222990e-01
3.445430454665476261e-01
2.805531145540606230e-01
-9.716537550028476744e-01
-1.000000000000000000e+00
1.887033233182509179e-02
-3.649963360501087273e-01
-1.958751106167264666e-01
-8.885385302293580256e-01
-4.928034339643243000e-01
7.434001032382375751e-02
8.741991614245377962e-01
-1.353978578140009326e-01
3.937769634331121649e-02
-6.658496219327862953e-01
-4.770325858059236146e-01
6.104064508791564592e-01
7.067803189912444384e-02
8.806591554850251580e-03
-9.815048005594706471e-01
-7.735538212682315784e-01
2.920780748586194187e-01
-2.546322535795544906e-02
-5.897397263919244015e-01
1.198168195130104863e-01
2.233376203265239335e-01
-1.936661625033835321e-01
1.537642842223833628e-01
1.913502459658565635e-01
-8.086616023353130345e-01
5.284394952442169613e-01
1.370231428550849340e-01
4.566001085842228413e-01
6.450327405355863464e-01
8.055763908582206367e-01
4.768570039187338683e-01
2.647842514870778485e-01
-5.921079270935294403e-01
-2.896215917087903158e-01
2.670632449524398266e-01
5.294879560252102602e-01
6.064988400292031789e-01
8.603583994832738474e-03
9.318346143396665227e-01
5.129550645986269419e-01
-9.527395114545231247e-02
-5.247635868062678899e-01
-8.161243654618373089e-01
2.425242877433209376e-01
-1.070338333175351181e-01
3.235741039456145329e-01
-3.679156704047961135e-01
7.285519187309941191e-01
-3.215898144212862020e-01
3.880284036401593362e-01
-9.775587730302711664e-01
2.782978483457730912e-01
3.180376657310591826e-01
-3.268820671929276722e-01
-7.912111985155354521e-01
-8.894535046385528831e-01
5.418334210516990712e-01
-3.624419969872363367e-01
2.565211588342470872e-01
3.986967586236377370e-01
7.049832174654351302e-01
-3.747735213477980665e-01
-2.780582260430188857e-01
-2.126289461735904052e-01
-1.000000000000000000e+00
9.635492728572758736e-01
4.177819267680892290e-01
-5.455693446908804756e-01
-1.278623483480363365e-01
-6.753911276031510091e-01
-2.209292521258571784e-01
-6.321975960391021943e-01
3.308742322316067241e-01
-9.524693352002983060e-02
-3.407289412034798515e-01
-2.146575376456532069e-01
9.965020408029868770e-01
-1.475145968041778610e-02
1.073058425467079413e-01
6.317058334459191293e-02
-9.914677532939841775e-01
-3.829656247332712260e-01
-4.539181715021491925e-01
-5.356669214193554573e-01
2.451325791216305561e-01
4.512959828747810653e-01
-4.756971429338545665e-01
-7.368978845489464469e-01
-4.808678294311198864e-01
-5.684751113320590798e-02
2.468093846898979371e-01
7.597424878843643814e-01
-6.171478377477357391e-01
1.955162808590808765e-01
-1.000000000000000000e+00
-9.601295506883104069e-01
7.574953973285557529e-01
6.936949046853264633e-01
9.778117105299299894e-02
2.298210896157864419e-02
-9.257954226175445500e-01
8.091504618691480744e-02
4.665834033102702616e-01
-9.428217223431107907e-01
-1.824974511647159403e-02
8.761511677920090779e-01
-2.696584467775231531e-01
-8.598098894909955714e-01
5.932535332783255289e-01
-4.684312475172516255e-01
-6.556494725988570860e-01
4.939327284657505368e-01
4.793775551496389231e-01
7.803467749318993008e-02
-4.518830018595126896e-01
3.102567713215573231e-02
8.220905175364329187e-01
-3.133859204358361850e-01
-6.862015308387944268e-01
-4.072358038360250898e-01
-4.621268080605479556e-01
5.826243393177723551e-01
-7.833192073505979014e-01
6.664057576615758371e-01
9.414544562161245578e-01
7.247864613092626085e-01
-8.333434761909062072e-01
8.142922292948004959e-01
-3.033788087919286891e-02
-4.623779912510559420e-01
3.101129937363595879e-01
7.210972869013729802e-01
3.801057555661626619e-01
9.168160391649585739e-01
-3.707619318865816582e-02
-5.554563091341664371e-01
-1.052000020069104730e-01
-3.646715658587192932e-01
1.730098950203472208e-02
-9.251044764680571575e-02
5.511538049002018269e-01
9.296988535602654924e-01
5.189944792026582876e-01
3.554944100581662880e-01
9.764427110005668986e-01
3.737757446429366137e-01
4.354754312815425354e-01
-9.331719179944898412e-01
-4.918716405963116101e-01
-5.281258809807574117e-01
-3.746331463682408547e-01
1.966689961247219398e-01
6.059720823242680243e-01
-2.640839141575817006e-01
3.380505016966426357e-01
-1.000000000000000000e+00
-4.685105499083682679e-01
3.791191039999335932e-01
-9.824302285370805077e-01
-2.875657605068522860e-01
-6.653200907482784698e-01
-7.642755747909550923e-01
7.119377828021915544e-01
3.492597200672840074e-01
-5.874791496611186936e-01
1.347081469890578920e-01
-4.971168458997232698e-01
4.119370860515206290e-01
5.253932839477154504e-01
1.452947243856427678e-02
5.827181172809942078e-01
-9.142903993578244126e-01
-4.142861612061120580e-01
-7.107168385231987795e-02
-6.916295638384973854e-01
-6.008176970425975760e-01
1.867053776584325364e-01
-9.523245912313564876e-01
-3.327928764572414266e-01
7.227305841961273458e-01
-5.255981155676160421e-01
-4.589314295479807182e-01
-3.642536191312168992e-01
5.286282750608480852e-01
-7.065232545061732594e-01
2.052585398988084897e-01
-1.781190862124670815e-02
-9.032406283839879979e-01
5.339483130311404313e-01
-7.261747051464153557e-01
-7.780140092304017596e-01
-1.486780048395133780e-01
1.923278106083651240e-01
-3.293681763937450491e-01
2.859407502696221792e-01
-9.392319373890246625e-01
-3.697804691378733244e-01
7.616552955530919711e-01
-7.832973404901270031e-01
-3.278790710676829367e-01
-3.697966779398456638e-01
6.079010204287657038e-01
3.610843004582851568e-01
-4.067020207495976036e-01
1.000000000000000000e+00
-2.364893076236087577e-01
4.582816566687047399e-01
-1.571910463430721272e-01
2.017854810970542423e-01
-1.250188060276267166e-01
-4.750525806513259397e-01
-1.531623330699418695e-01
7.986765904987818132e-01
3.938129470746700722e-01
1.000000000000000000e+00
5.339285356658219905e-01
-8.394855990898612008e-01
7.213541746795557597e-01
6.636728016758197679e-01
5.392798023850483569e-01
1.396957835474400278e-01
9.380746722109957192e-01
-6.135031809885349574e-01
8.094728364875991566e-01
3.806338348760868739e-01
2.151928989374513324e-01
-3.875888009216510444e-01
5.034508459117207346e-01
-1.769469829985982345e-01
7.204506169686260009e-01
4.564116197157388477e-01
7.446094343167591889e-01
1.946749633003257707e-01
8.345997498914843327e-01
5.589704241422214226e-01
-1.464814007866391266e-01
7.772146968226253949e-02
8.758759815807743987e-01
-7.856620856176560475e-01
-5.809482438532352910e-01
3.380807796902547402e-01
