3.105034098635439666e-01
-6.530968864387287631e-01
-5.364132478265732917e-01
-2.105755002659805974e-01
7.302252449528198186e-01
3.830097227059352516e-01
9.059936406962820765e-01
-3.802325238314660516e-01
3.480706065183758469e-02
-4.695699273100364945e-01
-3.871802714753076469e-01
3.804929671045331752e-01
1.280738677235123968e-01
-8.200442920543060676e-01
-7.866887340376480520e-01
4.561623139306265617e-01
5.929851901681852944e-01
-5.754362864832991420e-01
-8.366781314613320752e-01
-4.497472629545831713e-02
1.562816416103748607e-01
-9.291946466219236367e-01
9.315108994514478269e-01
-5.090415844218376673e-01
-8.324280273593864798e-01
9.735274272910474647e-01
3.129211544501599995e-01
-6.684180499911240858e-01
-7.651361586504961121e-01
1.561789497620673650e-01
-3.969708566669316596e-02
6.173048124518980551e-01
-7.999378378998489580e-02
-7.721039525899587863e-01
-5.357760821913361005e-01
-1.129551246306111090e-01
-4.609316575912713043e-01
4.227039507908507687e-01
7.349299970907998691e-01
-2.602671459255845310e-01
5.972952135499717263e-01
5.887544102133039914e-01
-1.779151124329183542e-01
5.138085647802226319e-02
8.266932925707360935e-01
4.476476549186765852e-01
-7.803006662153921802e-02
-7.383602975478371633e-01
-6.512217559210876638e-01
-4.732953502748377672e-01
4.478619564915835571e-01
8.177534763155041020e-01
5.614084423701699578e-01
-6.999799500854690937e-01
3.664107921973701609e-01
4.177256307068180075e-01
2.336682309151518755e-01
-3.985999236626069919e-01
5.540960166059177849e-01
8.300092687142091030e-02
2.964618846181732437e-02
-9.314961574447486736e-01
-3.756835850740911087e-01
-8.840936371540586425e-01
9.599513555791958641e-01
9.486773620978877775e-02
-9.549197204067531863e-02
8.846438732649630765e-02
5.151393290972123840e-01
6.647316175720919817e-01
-5.071050903541838295e-01
-1.669212807003387644e-01
5.910609193293947516e-01
-1.807239982336756867e-01
6.886831769510290968e-01
4.588722950643377985e-01
7.959290257894117149e-01
-7.662954728167841179e-01
4.286507977363163135e-01
-1.000000000000000000e+00
3.019986837459180951e-01
-7.311963181715415427e-02
7.459415724976130591e-01
-8.048526846041424709e-02
8.018171207058911731e-01
1.875200249882068571e-01
-8.770462807855265996e-01
8.320553109764955435e-01
-9.792643666061520147e-01
1.000000000000000000e+00
-7.298029757445394228e-02
3.585021806044037529e-01
-1.577650877940120211e-01
1.498140863423043090e-01
-7.700648082059939892e-01
-1.000000000000000000e+00
-4.354565307103553384e-01
9.340788526466012875e-01
1.891752939274293777e-01
-6.575365967179976900e-01
8.022775415405436483e-02
4.133350221343456976e-01
-2.764858831858132970e-03
1.294415806309597017e-01
-9.533187830347641389e-01
-5.181477165934668117e-01
-1.944967285680379299e-01
7.946566402186165945e-01
9.279788603771634836e-01
1.000000000000000000e+00
-4.959003954745556109e-01
7.985027283163799172e-01
1.243716613111455482e-01
-4.552205456778799647e-02
-8.366825778064761465e-01
-5.729993650550313511e-02
-1.480932330433520905e-02
3.506993915029104070e-01
-1.000000000000000000e+00
3.296764232120192317e-01
-3.685657492824403469e-01
-5.417506817410917552e-01
1.155480959162156346e-01
9.159009009626075670e-01
-6.589398876728330690e-01
1.094923333128351439e-01
9.823070544498050394e-01
-2.962855774299151257e-01
-3.818956110766893453e-01
2.943090251141592395e-01
-8.512673733007100063e-01
-2.595381643610736866e-01
5.675904945229097720e-01
2.347657962457132541e-01
-8.275328241394976914e-01
8.837272130720440488e-01
4.857700090754095701e-01
9.715914488896054690e-03
-6.456123689279147371e-01
-2.495226563350010363e-01
8.876479159919599127e-01
-9.522623313740414819e-01
-1.000000000000000000e+00
-6.863020349237425322e-01
9.636368946265574387e-01
7.873771386639938363e-02
3.300283431006572066e-01
3.714720081826774489e-01
-7.648563484776416121e-01
-1.000000000000000000e+00
-6.975139864720538707e-01
-2.800950002334601230e-01
9.790392874595768014e-01
8.246778414030190296e-01
-5.186938541228012234e-01
-7.744161536476400487e-01
6.767588146885672451e-01
-1.338004814885805915e-01
-4.032136398236785269e-02
-8.905637649089648278e-02
9.410537931630158504e-02
3.058485927854502906e-01
4.477893042811904589e-01
5.603924929292878332e-01
-7.326588959217632535e-01
-2.817065669142411188e-01
3.317441514848813444e-01
5.452994558384719470e-01
2.061703772255216727e-01
2.223427011594092395e-01
-2.402524785771194826e-01
-1.157807749072914394e-01
-1.917780520688259216e-01
-7.063082171361678707e-01
1.000000000000000000e+00
-9.908753324117455241e-01
6.477898654741207629e-01
5.376523701998503491e-02
-5.250307987251248143e-01
7.077291217354707564e-01
-8.320501729275378566e-02
9.020197338654984964e-01
-4.708533234336035878e-01
1.402228260882765198e-04
8.435521709341282648e-01
2.869513106444725459e-01
-2.868242655693411525e-01
5.836833734235331583e-01
1.654882410033242657e-01
-2.596538249815878996e-01
-7.643218705291006110e-01
-5.239429488728928330e-01
-4.708298411154994145e-01
1.292788104676514394e-01
9.611685329170109870e-01
-1.362290328146906759e-01
6.756024012229209230e-01
8.708213304670453514e-01
-9.758162071691329764e-01
-2.341265559968097598e-01
-2.775142737851500341e-01
6.140796786187661116e-01
9.839909384876273091e-01
8.316352390863231137e-02
6.610892136382040540e-02
-4.261996409307861611e-01
-5.820774187774431230e-01
-8.891230335322166667e-01
5.393704028022956454e-01
-8.475370872909495645e-01
1.458500591415536618e-01
5.881568991294162940e-02
-3.834667336548136518e-02
2.518862856678082407e-01
7.064239052653864537e-01
-9.452551990906529200e-01
8.498131100010027916e-01
-4.715936459922716040e-01
-9.409776704663169733e-01
-5.538129103659239494e-01
-7.013615919385109976e-01
-1.260854049984811154e-01
-8.105792180567543692e-01
-6.469783204304897506e-01
2.974882507910060481e-01
5.217981001018860976e-01
3.299486107924694545e-01
-5.949163221057431894e-01
8.017772411697106083e-01
-5.054146793577483088e-01
-7.097159684170346594e-01
1.239728781247010359e-01
-8.875700565599600744e-02
7.179056331025261972e-01
-8.797080054112149661e-01
-5.319519327707115108e-01
5.281468206914312347e-02
1.160326749739728491e-01
6.470514371624450645e-01
6.363356738055867545e-01
2.677756934236048547e-01
-8.079073715634943476e-02
-2.637012155018239046e-01
-8.364690446946376756e-01
-1.824742229350795331e-02
5.152938120507351005e-01
6.928313252270551503e-02
-2.277681408027624754e-01
-2.348484904087388969e-01
-3.773600419425519048e-01
-8.271865509155342799e-01
-5.402125923186225087e-01
-1.162979621025725940e-01
-5.993297485105932021e-02
1.882613955718750176e-01
5.262780873047701036e-02
2.298548577153969874e-01
5.136129535684030856e-02
-2.658256168060355584e-01
7.229628505710783415e-01
-7.714406638756646784e-01
6.764117144704432372e-01
-5.266779588076275775e-01
8.484472536986378266e-01
-4.205014545904499634e-01
