-1.926035346651115143e-01
6.251297970707658802e-01
-4.959304321304499052e-01
-1.576108506284079613e-01
-3.701513814798553237e-01
2.041462962568281470e-02
4.290306673783355063e-01
4.975717098236873692e-01
8.943643251193069688e-01
-6.611391342265868776e-01
7.865836640540042612e-01
-5.900148703623633306e-01
7.743341610212972626e-02
-4.596347520638770501e-01
3.641244078565402109e-01
6.003799720024798336e-01
-1.173364195998851389e-01
1.481473369144894470e-01
-3.252475052692263002e-01
1.821613088514193179e-01
-7.606295730921971421e-01
-7.629284361786956570e-01
1.721839788255589698e-01
-7.087758725575391550e-01
7.317459605441587467e-01
8.017523708471618882e-01
8.387638269920717482e-01
6.418536208590489567e-01
8.562636282736213467e-01
2.890627508683854541e-01
-2.348391172886514777e-01
9.909513250905240822e-01
2.719404922377346434e-01
2.423111509421265186e-01
-5.258917573747039498e-01
4.688790389776655299e-01
5.753074559209874206e-01
-7.713382443970480118e-01
-7.477263112202363615e-01
4.272105844197167102e-01
-8.718301113799491464e-01
3.468800642700551329e-01
-7.944031383259788637e-01
9.478060806368284741e-01
5.020908880573239363e-01
-6.033927619891926719e-01
7.269625587704456882e-01
9.705534729640441505e-02
-3.141611696636195106e-01
-4.716086105214604141e-01
7.941910662072331206e-01
2.353623902732644713e-01
9.756189236973393797e-01
3.915360988331689773e-02
4.587782747662830229e-01
-2.671955847269466555e-01
9.816163480216121284e-01
7.006303609574888736e-01
6.431328191419077855e-01
1.726817674868976471e-01
5.464744355691466549e-01
7.356095596481646570e-01
2.319073451026481547e-01
-3.003308372517725644e-01
6.337763019175579604e-01
9.384245340737942254e-01
8.543232599947254702e-01
-2.551059199438802105e-01
-3.401645030565192407e-01
-4.831137089838545284e-01
1.000000000000000000e+00
-9.022978537190022852e-01
-9.579145907995827436e-01
3.204115146953513404e-01
6.740992952549946793e-01
9.161352099063510557e-02
2.379592677733990691e-01
-9.857397756857615434e-01
4.328052730025009343e-01
-8.847554794363290398e-01
1.132153585195724704e-01
-3.197150061358479123e-01
-9.026050539961211205e-01
-7.585013048835985427e-02
2.066502141176029261e-01
-9.181795960018763747e-01
-5.591575654364375758e-01
-4.216334453625577572e-01
4.910821436736295675e-01
7.327980999918346505e-01
-6.305840869586387676e-01
-1.340442852412295979e-02
-1.745338054288456675e-01
5.794741807438152925e-01
-5.550281724141310491e-01
-7.701849909869185051e-01
-8.189615233499267788e-01
4.461569305351755221e-01
2.395445580333072921e-01
-6.214729401035995471e-01
5.721832746106649825e-01
5.407803180210590116e-02
9.034160197852739715e-01
-2.680433633247669700e-01
-4.575924397437079461e-01
6.213863145328812898e-02
3.203313127417330985e-01
2.359557484950148831e-01
-1.782929970502766803e-01
1.930487789385415542e-01
4.830596064818784008e-01
-8.829831353078614331e-01
7.633460363040725505e-02
5.919211886682242962e-01
8.972538809516170666e-01
-3.551884709748720503e-01
-9.173647109974241154e-01
-7.216753610104917893e-01
4.276053764773531107e-02
1.843160294374344144e-01
3.633869719295481637e-01
4.324731000094629296e-01
-1.578098482400376312e-01
-9.108426240615343783e-01
-6.350778238581634705e-01
-1.493085289740823107e-01
-8.384758144635295896e-01
-7.416288361844253219e-01
-3.748598733999365940e-01
-5.393117481145459635e-01
-3.183869239153180319e-01
-1.161090674144840129e-01
7.983319027089585962e-01
-2.586730797555424344e-01
-3.503183850959945556e-01
-3.532655539946860657e-01
-2.506433208197742513e-01
5.438670996535531765e-01
5.917346437520809577e-01
-8.054524070260520308e-01
2.735021609162760492e-01
-3.277752024544589027e-02
-3.304073442431292307e-01
2.527833281387664721e-01
-7.473259830916778590e-01
-4.607694690290027317e-01
-3.416744569088270289e-01
-3.232093890015719229e-01
4.448308871403466869e-01
-4.599523257295542455e-01
-5.552821200459534534e-01
3.667148584832096159e-01
-1.533278525166870132e-02
-7.336687453029538952e-01
3.631943421885091006e-01
3.246426245996627546e-01
3.740352447869270680e-01
4.821415191506053244e-01
8.600556366234380912e-01
1.695402329589092982e-01
1.018663849623561990e-01
-5.838497327080046650e-01
-5.048867840641174665e-01
3.988318104476867854e-01
-4.305313107365913994e-01
-2.103410445845627363e-01
2.654350238827130060e-01
3.799951034311475073e-01
-3.918798036963888620e-01
-7.596986821635781650e-01
-1.000000000000000000e+00
3.514170537520293625e-01
-6.213398532077212266e-01
1.000000000000000000e+00
-8.931750192560804491e-01
4.841575023947187750e-01
-3.179011550337011993e-01
4.141554193613984358e-01
1.000261157518376326e-01
-4.285939036892369436e-01
5.857759368431697533e-01
-9.982432105076446960e-03
-5.379747129295586738e-01
-2.064195852444812296e-01
1.000000000000000000e+00
-5.568638547840314423e-01
9.521059259874914416e-01
-5.356486792402674890e-01
-2.370361449035056078e-01
9.906458198633518730e-01
-5.973703589733028174e-01
-9.494744275070594597e-01
-1.653477012275723912e-02
7.343598156906210317e-01
-2.779441026029595974e-01
-3.037535120762865359e-01
-1.328074592577281887e-01
1.151030675673469922e-01
1.465770078892041084e-02
-1.122852250141060382e-01
4.681192921851161093e-01
-8.508962034705118693e-01
1.000000000000000000e+00
8.248263197882016451e-01
-5.872782440752195576e-01
8.864931088392938308e-03
-4.650008789610967641e-01
-4.656937528582896224e-01
-1.988590773967531256e-01
8.629395403863882041e-01
-9.240086168895346175e-01
6.267569924349984944e-01
-7.994253741125231238e-01
-5.851293371290762491e-02
6.648269452208752650e-01
-4.306238334484904784e-01
2.909322459194076949e-01
3.921023236266789336e-02
2.789315641733396411e-01
7.516416108257992779e-01
-2.310187077203390560e-01
-4.286855276263268344e-01
-1.000000000000000000e+00
-6.807915312685743903e-01
-1.927743473623445003e-01
1.844222919283153850e-01
1.845369682771735853e-02
4.827645207623461054e-01
-8.468690820591966428e-01
-4.572067683796330329e-01
-1.548890308918320358e-01
-1.490267504454478864e-01
4.503042155849155126e-01
8.987856369406388435e-01
-3.324627636542243914e-01
-7.174472864517018600e-01
-5.214764411961784196e-01
-2.814734292970745289e-01
1.000000000000000000e+00
1.805704140042132533e-01
-3.963524467618426139e-01
9.543514265028758548e-01
8.843356993569374547e-01
8.384766619025068035e-01
-7.544816146245769684e-01
8.714308279065985374e-02
8.999245628060622559e-01
1.783639250575454194e-01
8.583442464975927777e-01
1.681384560771150005e-01
8.723183709480716308e-01
-8.605394695662216265e-01
-2.775258276475957991e-02
-2.317415238637639263e-01
2.976815294036671000e-01
-4.946189245517107480e-01
-9.218126641449291281e-01
5.715387607240370871e-01
2.514623338281464227e-01
-5.943864106651418622e-01
7.735236833888439190e-01
-7.661276765208280271e-03
-3.469117931791814158e-01
6.497212518210473409e-01
2.451079254526088991e-01
