9.707728195646303515e-03
4.662360939695546769e-01
-1.000000000000000000e+00
-2.801291175256653276e-01
-5.773379678331720388e-01
-9.703316830105179758e-01
-4.724357968027059207e-01
2.806937133457231281e-01
-3.494219256017877528e-01
-6.196949669895973623e-02
6.516525983693435276e-01
8.784166702970336305e-01
9.056840534100841777e-01
-9.225845346414984771e-01
-6.875394529158808110e-01
-5.237624693923956798e-01
6.393220098596212875e-01
8.894831820019571955e-01
-7.828060049312554058e-01
-2.325756524228590472e-01
-3.893841765476380168e-02
-1.000000000000000000e+00
-8.953371333508572949e-01
-6.180081321645156112e-02
-3.519416371675720967e-01
-2.311085180363912084e-01
-1.108918593343826836e-01
-4.441274094832672881e-01
-4.943021427645623300e-02
-5.188719219942505845e-01
-6.194249993246245811e-01
-3.252884044100878835e-01
-4.496058459146080599e-01
-1.864919812171670355e-01
-5.030366703692726871e-01
-5.408475734685578296e-01
3.943986396377254233e-01
2.673785987671175590e-01
-7.970307838879189255e-01
1.126410732798477643e-01
-6.291491986215299592e-01
-2.790274321306473460e-01
8.358886444377036096e-01
-2.839227745016636995e-01
6.600295787562797667e-01
-7.184425394882463234e-01
1.007571569840574888e-01
-1.000000000000000000e+00
-7.776624991404749165e-01
-1.049956360209801098e-01
1.758217558185551643e-01
2.268408493636044909e-01
-9.979394244996242502e-02
2.795665279765219280e-01
9.248950794789652097e-01
3.092849364443175375e-01
-7.510908333176103957e-01
-1.330239828506846744e-01
1.393331512387246951e-02
6.633279635761585302e-02
1.259511405400375317e-01
1.000000000000000000e+00
4.107564185731563677e-01
-6.190228637606068340e-02
2.458602598147539009e-01
4.745527768171572403e-01
3.779332640361008910e-01
2.272647988066525127e-01
8.047443421290014776e-01
2.608666157640677774e-01
5.701913078194473794e-01
5.746376910364978663e-01
5.413422058098723566e-01
-5.860713777353364629e-01
2.485908160667806843e-01
-1.000000000000000000e+00
7.741881039781072227e-01
-2.498199469182249555e-02
5.533030817253191680e-01
2.772769633747106943e-01
-1.164325746793312966e-01
-8.008779344800710520e-01
2.706870913181865790e-01
-1.240792801244474247e-01
8.297897213278586648e-01
-1.298029293259144179e-01
5.853127896458260038e-01
-4.555451054825192525e-01
-5.491140839825510156e-01
5.796806088585364503e-01
5.843204364751992952e-02
2.817690749042495169e-01
-5.153016892930126769e-01
5.273634670510595202e-01
-1.000000000000000000e+00
-8.514039209903829786e-01
-6.578362759567123463e-01
-5.082255627695824174e-01
-6.711417783458739628e-02
-2.969767350157856978e-01
-9.537297417647038200e-01
-3.808327746409068681e-01
2.183491924254985228e-01
1.098933970689006112e-01
-2.155116478522504098e-01
8.327028850717692610e-01
8.232631151808335046e-01
-8.218644143360092080e-01
6.185812066605766990e-01
9.047694801818373378e-01
6.150846684943900300e-02
6.544757492259370979e-01
-4.314373762381988886e-01
1.000000000000000000e+00
-1.971846298672796927e-01
7.650083107880674138e-01
8.763891684215769917e-01
-6.057641008377833147e-01
5.067445001729948828e-01
3.078172397914455960e-01
-8.134580748381190496e-01
-3.011853963491037955e-01
5.631074822640851352e-01
6.264607319612991443e-02
-9.005984434724509935e-01
4.604363231980099780e-01
-1.000000000000000000e+00
5.084657424516377811e-01
-7.561288452648706748e-01
3.332037122292559328e-01
-7.138317955099605649e-01
9.156451585760346790e-01
-2.024892326014302579e-01
-8.731399935287225134e-01
-7.479773344033426863e-01
-4.172890853930860677e-01
-7.744717798187126245e-01
-3.178813686230705926e-01
-3.990567693922575376e-01
-5.435660107034387956e-01
-4.087922061730975831e-01
-4.276526356438146159e-01
-8.029203182961069940e-01
-1.000000000000000000e+00
1.281243139406518516e-01
1.799297524758540767e-01
3.179336204063528681e-01
8.728345736979440384e-01
4.988774949285888494e-01
-8.854978027287033759e-01
-7.772825112316812390e-01
-8.363535675642893574e-01
-7.752827253900156368e-01
5.101753478128019659e-02
1.816637934214026806e-01
-2.721584064520496393e-01
6.839300333303944823e-01
6.850527232487958473e-01
1.795932834500769959e-01
-3.330210755596580419e-01
-6.175255606101794914e-01
-2.826556322689003919e-01
-4.594851784084306168e-01
-2.681850602127167638e-01
-7.501894623558222897e-01
8.167106212685375510e-01
-6.269549611579243731e-01
-2.230072913302024451e-01
-7.277077828392050085e-01
5.631183482905287585e-01
7.583603058230936611e-01
5.928887935110225271e-01
1.512636754222402569e-01
-1.520750291207320082e-01
5.756657497470876184e-01
5.676055065604007632e-01
4.323866324740410216e-01
-9.576123882403968501e-01
7.141983954655554134e-01
6.003512103448153114e-01
2.910178246967876081e-01
-4.861260003200532087e-01
-5.935937817405638750e-01
9.867912956066562380e-01
-2.083968954396387130e-01
6.850181993793622581e-01
-9.275876086580496782e-01
-4.343470557102964147e-01
5.731206871727458074e-02
1.643493575787857708e-02
5.639716257468618821e-01
-9.255212563364306755e-01
-4.561020379885683540e-01
7.639623426194447342e-01
-8.291662534376864624e-01
8.601551197524448522e-01
2.013435317253083889e-01
6.734702792362935453e-01
2.762716139097958212e-01
6.530278021018373069e-01
-5.779565596226226010e-01
3.602112655816944176e-02
1.512124663938811953e-01
-7.729598010248254214e-01
-1.343470800884871696e-02
-1.193176214027214521e-01
8.368367265186117399e-01
-5.580276969790090025e-01
3.675549376691484849e-01
5.292601126753825325e-01
-3.400097496680424269e-01
1.000000000000000000e+00
1.251878550913454458e-01
-8.010589580948382360e-02
-2.721097478243670875e-01
4.485898336213859361e-01
-5.089304701542725073e-01
-6.005485441235187682e-01
3.350129888258157607e-01
8.668575678652936656e-01
6.228039344395862598e-01
7.795485538153863470e-01
9.015848310231788787e-02
4.938496756060070658e-01
-1.493896221457583218e-01
-4.514596662243370861e-01
8.536277437024666348e-01
2.900099552444151407e-01
6.286976951745406605e-01
4.675188245818598376e-01
-2.337760776351925363e-01
3.939352650681389179e-01
-3.433895531907963927e-01
2.195740606807266015e-01
-4.042235608044227879e-01
-1.160960154157932994e-01
6.141188364657952370e-01
1.000000000000000000e+00
8.262075649005703459e-01
7.806858648382700716e-01
-5.025743900693560029e-01
-5.773651613347527412e-02
1.579789521254843787e-01
7.599463310236268532e-01
8.457249570403863048e-01
-3.466123287617772775e-01
6.302839912927850063e-01
6.103509551028524216e-02
1.815417505952275912e-01
-8.078530558204417567e-01
4.899608369269685404e-02
8.025784835015138396e-01
-6.195878265915073513e-01
-9.136526057393469236e-01
-8.820639043077398433e-01
-1.649246490856468295e-01
3.837657681313138003e-01
5.087162414718161552e-01
3.966845293606108824e-01
-9.093489134370010829e-01
7.762593693505627224e-01
7.922377257060976286e-01
-9.540968028014573665e-02
1.000000000000000000e+00
7.718928618078690906e-01
