8.245818905011621514e-01
-6.890327574548903156e-02
-5.382705298415939588e-01
-3.932500361942944389e-01
-5.854355675925801972e-01
-7.719335853162305749e-01
4.539430215042223882e-01
4.064888240153907151e-01
-6.510449756529960996e-02
3.604393077988884420e-01
-9.617869255359999814e-01
3.922953524037151585e-01
-5.644311098341421307e-01
6.065704713356978584e-01
-9.689599055346064249e-01
-6.822873553706918504e-01
3.898509504574985685e-01
1.000000000000000000e+00
8.544882824247670428e-01
-2.483416669205354421e-01
3.407152554554813695e-01
-4.577395861651442077e-01
9.027620862472189867e-01
-5.648410609401581794e-01
9.875804261790952499e-01
-5.215734082207277300e-01
2.252270853379806925e-01
8.560996696392693117e-01
-8.274681267878367663e-01
5.578545284061671161e-01
7.914358168078787781e-01
-8.792509050359905709e-01
-7.493341735976215556e-01
-4.572713814210432187e-02
-9.913578961382394361e-01
1.166971733292020696e-01
4.926679539321818790e-01
-7.897576245639340575e-01
-1.207649491050819118e-01
-8.348754212853397583e-01
1.764933109079408480e-03
5.302117095254965662e-01
2.610046558253598797e-02
7.174141020699480453e-01
8.929987050640235680e-01
-8.189656041175090717e-01
-3.759683245028851983e-01
8.497135123421393210e-01
4.554090050374351439e-01
-8.727135232097803508e-01
1.826768279861377131e-01
3.173710556390278437e-01
-8.065817413561918170e-02
8.537223864124616757e-01
8.780722554597153451e-02
3.406669234687665360e-01
4.669246495678347486e-01
-3.419333091699162108e-01
1.308777911256836513e-01
-4.649121232447475105e-01
-5.009891125991445815e-01
7.382927414639699482e-01
-5.385553011141991364e-01
-4.631091509259540051e-01
-5.367047794646062631e-01
8.756481712516782645e-01
1.779135122556576576e-01
-7.549468509713577191e-01
-8.038109644639461759e-01
2.622497538883057366e-01
-6.577985088102785705e-01
4.477467466441378829e-01
5.282693198522352418e-01
-3.334706132358524755e-01
-7.994534394309229519e-01
-5.559668808916190530e-01
7.082431044298215239e-01
8.438239175943521575e-01
-8.962522347269623602e-01
9.998628423251918473e-01
6.821452936845762149e-01
-9.481082863105050329e-01
-3.257612423565610094e-01
-8.363267890010772643e-01
-7.182410418049784973e-01
-9.047869856850688786e-01
-1.000000000000000000e+00
-7.451455645514601933e-01
4.291208316902347941e-01
-4.975548346336602368e-01
6.488849031162720049e-01
-5.264950606696658930e-01
-7.080773277985348280e-01
7.235645761424795708e-02
-4.069894138639915671e-01
1.000000000000000000e+00
-8.600891869487337082e-02
9.248531139196269901e-01
7.915133099286066898e-01
-5.362451285770387654e-01
9.133560150768538222e-02
-8.258240490495727393e-04
-1.701566480919693980e-01
2.193187409864555959e-01
5.301662981726404933e-01
2.113932146612343688e-01
-4.801626782670191940e-01
6.616629249201539942e-01
7.498703704261798775e-01
1.610926834413188014e-01
1.051983561317064442e-01
-6.277649639864138487e-02
-8.492434125741211703e-01
4.184841117370325936e-01
7.541255781111422252e-01
9.578742602103570425e-01
-1.489811978901722789e-02
-3.916731257434664937e-02
1.388900296913550547e-01
5.772977745542947625e-01
1.259747689411438443e-01
9.346797233222038370e-01
7.208655748935122176e-01
2.619302774963991887e-01
-2.870397500912500455e-01
1.344109264694970385e-01
-6.510963841316133038e-01
5.508057410830764500e-01
-2.566610650688860851e-01
3.989768753949353708e-01
-5.670505093239777139e-01
2.466006196255591254e-01
-4.283079468328756523e-01
2.238904559059821386e-01
-5.687527554913879291e-01
5.659726681405025106e-01
6.024761185926967855e-01
8.889535279193027106e-01
2.483783207784088232e-01
1.526274288233998577e-01
-3.661512417467245317e-01
4.703169584931025105e-01
3.047187467469654187e-01
-9.297753835493551833e-01
7.530744565263973733e-01
-5.466187434907122666e-01
-7.190582669440379049e-03
-5.207537551116212526e-01
7.554275104312810907e-01
-7.598213254557804053e-01
-3.607758642578363650e-01
6.577469946508496257e-01
-1.533844249145277505e-01
-8.195166453071300872e-02
3.160162171354121141e-01
4.483121493927526569e-01
-7.832602101752709212e-01
8.509052582743078519e-01
-1.234039977230777518e-01
3.792267791678322064e-01
1.642718154313599632e-01
-4.304281723426528483e-01
-4.408477199413063374e-03
7.800646936315713820e-01
2.941437647757830232e-01
-1.000000000000000000e+00
4.371692980299288767e-01
-9.522175709239855124e-01
-3.133029381063707208e-01
8.268877599250420429e-01
1.755836243154342280e-01
5.471029499379408412e-01
7.478988088788252053e-01
-4.465793163648156816e-01
-7.755416968899816466e-01
4.927568122112513382e-01
8.341541132000400705e-01
-5.706856882068667147e-01
8.511865430628149376e-01
-5.881254861050400073e-01
-3.429654346315468283e-01
-3.705652381399100470e-01
1.000000000000000000e+00
3.190129292286458806e-03
7.504781821648129903e-01
6.780382460622007557e-01
-1.000000000000000000e+00
8.894784508244669985e-02
2.751756718889932785e-01
5.091550472621115819e-01
-9.644994108914396458e-01
-8.735272110146471425e-01
-6.688803177365976183e-04
1.078532087313356369e-01
1.837500613499948865e-01
-1.000000000000000000e+00
4.507539317706504844e-01
-8.888403716966991608e-01
6.007615895107928372e-01
-7.225603783982598172e-02
6.656335567923339358e-01
7.732631757759063362e-02
7.823154244209953312e-01
2.116528172161345200e-01
1.372239468460648149e-01
3.002316013900596658e-01
2.366025555886309695e-01
8.533904560755539714e-01
-7.246437298268837424e-01
-7.329830029003767677e-01
-3.572957006826809057e-01
2.261273662122207373e-01
9.425250731389921421e-01
6.077981071550239145e-01
-6.792268591103169939e-01
5.200544912582771850e-02
-9.100295636297901503e-01
-3.380927310423911258e-01
4.286208011354042391e-01
6.062987838325210044e-01
-8.007338537918372579e-01
-1.000000000000000000e+00
1.475500511927251290e-01
-4.934137792676847045e-01
1.607828091643274671e-01
2.918730855930550816e-01
3.611851626145463623e-01
7.663882045123243669e-01
-6.232238065467634591e-01
9.363079674927194951e-01
-4.611052297225335384e-01
-1.704989387733685247e-01
-8.888271131967178107e-01
-6.795996020237426993e-01
9.159357876043980884e-01
-1.102004297448576087e-01
-9.799603702770300906e-01
-8.404753681172975055e-01
-2.239761080262598902e-01
-5.356454994055613872e-01
9.462942611410959937e-02
-1.092232464978604156e-01
4.762371588626841401e-01
6.749740228735410241e-01
6.286365566213277800e-01
-9.258163759468844844e-01
-9.208070803942096649e-01
-7.434716510485273044e-01
-8.012917873343654573e-01
7.648327465170412509e-01
-5.013485848399156231e-01
6.993927116477188788e-01
-7.597106766104442244e-01
9.838472280848291618e-01
8.225007462641520384e-01
-7.543844867043900670e-01
1.731025932024865543e-01
3.403865815785173110e-01
4.889434894497867168e-01
1.000000000000000000e+00
-8.387021028416989932e-01
-3.912385034146634299e-01
9.176218562908955434e-03
-4.343587490314984589e-02
7.979492544864746906e-01
