-8.920472113111936885e-01
3.054848084629849247e-02
-6.678418529269438686e-01
4.202847333406021235e-01
-6.884900014936028434e-01
-5.529497489357835249e-01
9.152286102718655281e-01
-9.447842692198671344e-01
4.733341503581336429e-01
-2.779597366098440769e-01
-6.057285002707487598e-01
8.931856349363206382e-01
-9.912249020270016420e-01
5.319085283113831331e-01
-7.880153433768037896e-01
5.344952726284791789e-01
3.663909406835499372e-01
1.041692863679138104e-01
4.346488458945918509e-02
7.187806228323707636e-01
4.458892914974572630e-01
-8.074106951853912140e-01
-4.835242819328366970e-02
4.350137465724187580e-01
7.922120152883698196e-01
-5.878343654754235592e-01
-3.527285261542113526e-01
1.000000000000000000e+00
-5.691068213663119657e-01
-9.602650895870132319e-02
1.568560437723243162e-03
1.174573876232481329e+00
-9.678582185163063789e-01
3.931628889471869837e-01
2.129833700112092609e-01
-3.974774496201974872e-01
-5.385635620099069598e-01
-7.910498442917823780e-01
4.794468889545282497e-01
7.133600594664969430e-01
-7.958413326031184010e-01
-2.891178642502246765e-01
2.321426391448027093e-01
3.887246606394926252e-01
-4.577409348967509395e-01
-3.773697807787808056e-01
-9.283015320620380262e-01
5.317032760424786897e-01
2.553740183274348929e-01
-2.183659130749293631e-01
4.564929847487577685e-01
5.449279923441999740e-01
-6.622988819479235234e-01
7.605301620924718176e-01
-5.830749971351332217e-01
7.939643068471812226e-01
-9.055242231311013690e-01
-9.922302233521240744e-01
-6.970329054490100873e-01
4.397019474338332845e-01
1.000035944131840493e+00
3.324891283025241950e-01
-6.814803585510517125e-01
-5.951403180588836772e-01
-7.890394914364557977e-01
-5.850761477849784065e-01
-8.391407382114909330e-01
4.263721175000765307e-01
-6.349354332173960946e-01
4.329485537228165981e-01
-2.417246010069830087e-01
5.615410295600658380e-02
1.702007144709700714e-01
-6.205715259530941719e-01
3.690515919659879684e-01
-3.498606827947934317e-01
1.000000000000000000e+00
-3.136326040276077309e-01
-5.333586981273854555e-01
1.000000000000000000e+00
4.535866256150751230e-01
4.194678416335824722e-01
2.933272887141469276e-01
-3.525888288482047495e-01
-2.882048988624447694e-01
-4.486066900586882511e-01
8.067319678299861296e-01
-7.880381604858806011e-01
1.323150153457472333e+00
-7.149073617535757208e-01
-3.461840388274832758e-01
1.359956836841680339e-01
-8.869002195457909021e-02
-4.112429887832531605e-01
-3.801294274737295753e-01
1.739275509016823262e-01
-4.195011440300751016e-01
2.102174507283723071e-01
5.004122475965816497e-01
4.211175809690992367e-02
4.914433278014012085e-01
4.539243359078416473e-01
9.429105168743370236e-01
1.061769065437276005e+00
1.171447247739077158e+00
9.051906286925046619e-01
-6.204438850057201194e-01
-7.150869248838154224e-01
8.887840740316279575e-01
-5.187853724409455802e-01
-1.604768352058240088e-01
-7.976921849518729957e-01
3.590308828759312121e-01
3.803080085165897462e-01
6.840785558199650174e-01
-3.428636112065490682e-01
8.768324960493536491e-01
-3.503175524627462067e-01
9.104749432573899792e-01
6.764512800637411116e-01
-1.238078110124531284e+00
3.568269413128148937e-01
9.253380279589131785e-01
1.787820530625694460e-01
8.591652599998895745e-01
5.101637677878883004e-01
-5.098523204826368449e-01
4.132592359206650467e-01
-7.886536224334113054e-01
-9.555744551851885760e-01
5.967446025775089424e-01
3.932460462954263658e-01
9.402537983775227648e-02
1.993845732290111528e-02
-6.739509084101116265e-01
1.000000000000000000e+00
-3.070973863323749331e-01
9.621223033248627043e-02
-1.158341048662596684e-01
4.600573263263876278e-01
4.055967615524271735e-02
7.563026582921126284e-01
1.070784608026275064e+00
1.145930449504167337e+00
-4.669800344063503861e-01
-5.743448339004245673e-01
-7.822281209594259543e-01
-1.590420786824382482e-01
6.841475398203040736e-01
5.578402231046375448e-01
2.066315134238072559e-02
-5.387021006726611105e-02
-2.808542288743187676e-02
2.181084704214577841e-01
-5.095612716634859707e-01
-3.163279367341247927e-01
-1.051947315313223053e+00
-9.713362798816818078e-01
6.940273523485159801e-01
6.335320074535534252e-01
4.711991785183561321e-01
-1.968980586481243189e-01
-5.881296082035220030e-01
-2.415530562056699415e-01
8.909252157900684477e-01
4.073907490513362095e-01
-2.416164000527307176e-01
-2.877692524106658656e-01
8.377593374586661534e-01
2.047362341577620981e-01
-4.258545936632327500e-01
7.312871785453143314e-01
-4.480739120267555053e-01
-9.388979342112973026e-01
5.862799602152107825e-01
-1.211456576600615787e-01
7.888297813069313769e-01
-7.064528658526024740e-01
-6.812289894893414077e-02
4.408698081473140795e-01
4.692598986205520628e-01
1.307824400511108376e-01
5.084170926666520263e-01
-2.599874380652164585e-01
8.639989392558160564e-01
4.392710370370283002e-01
-2.807735209498973816e-01
-5.408970565956647825e-01
5.271280951214661892e-01
3.658689108783232946e-01
1.931979356360788991e-01
-7.864573330878920077e-01
-1.121182171075286726e+00
-9.900913889814570990e-01
8.031817484244027083e-01
7.304061988934162919e-02
3.348912788131095386e-01
3.059902484033552583e-01
1.067541278620549816e+00
9.741121144472099092e-01
1.000000000000000000e+00
-8.035894705767505641e-01
-9.691492614405278205e-01
3.866530177586680606e-01
-7.301652998456142907e-01
2.363680028641703124e-01
2.923409983601825690e-01
3.661579932156395767e-01
8.367057637893651201e-01
-4.640534516114993568e-01
6.760162835532090853e-02
-1.459101238442890303e-01
8.691330716224808794e-01
8.746424087842089579e-01
8.163058905109737973e-02
-6.362625709411490194e-01
1.453482273644887968e-01
-7.111091537771678794e-01
3.810031411526313416e-01
6.406772992172956593e-01
3.997948520830384433e-01
3.190277428392170878e-01
-4.645016569726695410e-01
8.977897806912717993e-01
1.000000000000000000e+00
1.668740601393772227e-01
-3.793070452826761141e-01
-8.456221807704411564e-02
6.733097230943717593e-01
2.721137318527814264e-01
-8.527190651071440142e-01
-9.188124766525973541e-04
4.474524476503705106e-02
7.766073368003276745e-01
-2.665735101163265175e-01
3.725811709251502513e-01
2.953670682431523975e-01
-9.676815704861736478e-01
-3.755736169146808301e-01
-1.238048018853108029e-01
-2.623905051230207564e-01
3.882479157349364440e-01
7.919369748318665359e-01
2.579531754826202006e-01
-1.146848988152231463e-01
1.150580326904977024e+00
1.342255310496927034e-01
8.189846001276841481e-01
5.266187674777442762e-01
1.106339264185766780e+00
-6.544233684369591408e-01
1.250251664284163233e-01
-9.829565080944613342e-02
-5.395944359100488530e-01
-5.332719328105020029e-01
2.241695855410257288e-01
3.661841300154805023e-01
-1.723121624861865264e-01
-1.907674212797518809e-01
-2.292347778517906942e-01
-2.759948147354712722e-01
-8.928463192330797771e-01
1.000000000000000000e+00
-4.975730885420439620e-01
-5.118379867686155549e-02
