-2.003663318157380413e-01
-7.652461225119131516e-01
-6.278959002583179849e-01
9.243163804831060482e-01
-4.365671809433089301e-01
2.823877193467816404e-02
3.792298058230483271e-01
4.650872221616035862e-01
4.583429856887581977e-01
6.758762775567879189e-01
3.281670703632322272e-01
-1.407276208827730191e-01
8.256267703053958851e-01
4.752930542349909082e-01
3.405627159297706097e-01
4.698186487787789911e-01
-8.225333286653448983e-01
1.546421179829038373e-02
-6.534331556232433336e-01
-4.032740314172276186e-01
-4.145163075823701249e-01
-8.274940838397699672e-01
7.376651681709598396e-01
-8.853420007329371177e-01
-5.941539430645839115e-01
1.363084651271613268e-01
-1.418953419523409920e-01
-2.142519547048324924e-01
-9.705920468024675785e-02
-5.800315659512222943e-02
-9.826420944022533632e-01
1.849345381513949338e-01
3.111106502699831911e-01
-3.049525389887079996e-01
-9.972070599241300570e-02
-7.678603267012307221e-02
-7.841083831490460732e-01
-5.163118613996722228e-01
7.746412344519721938e-01
4.806475245124417484e-01
-9.446225721331695802e-01
1.049369488053186750e-01
2.281287690429893988e-01
-4.151999278299627338e-01
2.492828400182065529e-01
-1.304827044780545453e-01
-6.618964239219204959e-01
-8.762035057248820369e-01
-4.706299624283196703e-01
-5.049448153435036613e-01
6.171045595723101407e-02
1.100031093692916961e-01
8.678161588521298153e-01
3.433442350944455601e-01
5.723318063420879120e-02
-9.547666006603632294e-01
-5.732910688674843769e-01
-1.073733653864101800e-01
-5.354898865406882980e-01
1.700901688459484085e-01
4.989343853884784519e-01
1.462069475850644729e-01
5.102881244658190596e-01
3.043451285853284727e-01
2.453780625362200762e-01
-3.220696219276275585e-01
6.872015114000997738e-01
-7.767359174280059619e-01
4.319536525534832805e-01
2.871076643870213996e-01
-7.229811915696959801e-02
4.779049696215980081e-01
5.108736688211072963e-01
-6.908519150547378640e-01
8.969680263067960624e-01
9.140393223011944457e-02
5.402318003583912454e-01
2.253940428381477901e-01
7.656363126428307186e-01
1.948013552239427071e-01
-5.792951336553535668e-01
-8.170981266593546621e-01
-4.086709735262961107e-01
3.526230342347140834e-01
2.352969467124703673e-01
2.137991643824510568e-02
-3.583870713628074522e-01
-6.381742766825557744e-01
-2.117593539657436352e-02
-5.686921335255561427e-01
1.936575883270184040e-01
9.211893762878029523e-01
2.213369204348156760e-01
6.812897432592190938e-02
-5.057973396273311995e-01
8.603359695713395094e-01
-3.024931417967122727e-01
-1.028367873903253127e-01
2.920497431006165989e-01
8.082667118346003043e-01
-7.528677492947692951e-01
-2.797382388885603088e-01
-2.029790982953993961e-02
-5.600584667822028351e-02
-3.265667450987832510e-01
8.529012548962950913e-01
4.393570752343334274e-01
-5.101787751161397377e-01
-9.257528166812853954e-01
5.150519903182915193e-02
-9.243084355174511213e-01
-1.718462888933653954e-01
-6.825592859726965500e-01
7.778098149646317516e-01
3.866874929549481976e-01
2.147981545935275793e-01
-1.135943929419347409e-01
6.557863431885602168e-02
-7.509977516179404677e-01
-5.050629557438224282e-01
-4.184520144820436105e-01
8.238167246488281581e-01
3.991436831765444726e-01
-2.265113656465544967e-01
2.566168357838918279e-01
-9.181537560276544774e-01
1.257825902984039956e-01
5.845447241341437117e-01
-8.869365731886220683e-01
-9.263072111026795508e-01
-9.352061144957204419e-01
5.114752750369466749e-01
6.369072399087019054e-01
4.724010197138668321e-01
-7.560384016302108545e-01
1.550930781131500957e-01
8.170548606024696792e-01
-2.700709269305767712e-01
3.297613625417907812e-01
8.707472827221862666e-02
-8.886148429444697960e-01
7.741955767569133062e-01
3.339233827508623076e-01
3.973619607308978008e-01
3.007070205026642906e-01
-3.446216446712879744e-01
8.187427744580160205e-01
-2.976844392017796714e-01
-8.775988374351895160e-01
2.047493295799747148e-01
8.925263697648710970e-01
2.451163861829228630e-01
-3.004939140733742242e-02
-7.373039888594119518e-01
2.352304028607246078e-01
6.372244698490927561e-01
3.314593250766422194e-01
-9.298346151058083375e-01
-3.827362238636391467e-01
-5.745183611358017917e-01
4.967902792177942839e-01
5.130788764473841468e-01
9.034617774679645219e-01
-5.540679801994266018e-01
-3.041709025141026146e-01
-8.297387572917407361e-01
9.146612303035694946e-01
-1.181007176140929094e-01
2.741061288498987114e-01
5.442026775534092309e-02
7.993231870400141492e-01
-5.220812788741242549e-01
-4.937428259761451610e-01
4.123597027629162248e-01
-4.093951145167418204e-02
9.939796234084363746e-02
-9.323597020317664352e-02
7.390174912570606214e-01
8.281381815164206017e-01
-4.579381864830749382e-01
-8.009443001480851532e-01
-3.702982747308010136e-01
-9.359351257462122931e-01
7.032643049693578785e-01
-2.497647711613348864e-01
-3.555042268207930789e-02
-5.517243149360884225e-02
-5.805583746132911838e-01
8.370474748495255746e-01
-9.019752842264416870e-01
-9.915949842812856740e-01
6.683265228236885402e-01
-1.824870191583094492e-01
-8.521414604477741683e-01
9.718116493141455425e-01
-7.330081847687368590e-01
7.033081423000764332e-02
3.020136869973200078e-01
1.727448705032941234e-01
9.789665137897383129e-01
-6.573089954006985369e-01
6.261747918078619524e-01
-3.503312542109628946e-01
3.424103282076624843e-01
8.373446949402274520e-01
8.351285389040656870e-01
9.993306134566262156e-01
1.494922326066030482e-01
-7.975511677013047418e-02
1.393121036112994204e-01
-1.866322034076746128e-01
1.992259881334137450e-01
-4.813202940898901883e-01
1.799254779923951109e-01
7.164066274230069808e-01
5.724904881571135640e-02
-8.205261464038373642e-01
-6.071514159755986295e-01
-7.346254061476922281e-01
-4.644004121474731850e-01
-5.795440555215543021e-01
-9.067170759813112380e-01
3.530556995090126104e-01
1.613511536084144549e-01
-4.002721641226181237e-01
-7.733183131218133166e-01
-7.185838154887418394e-01
-9.599956353630052508e-01
6.734975363250954583e-01
1.296606325480151867e-01
-3.436650140007857512e-01
-7.518433630876588669e-01
-1.007023980483934267e-02
7.599818270986284929e-01
3.772396403500550832e-01
7.580323162664548420e-02
6.871597562152387262e-01
9.427803081888836978e-01
-6.935133520614400471e-01
-4.726008141281992092e-01
-1.675645662890934418e-02
-6.196530256328203201e-02
9.480080384539513183e-01
2.488635303402448873e-01
-6.948988614424727039e-01
1.102240748956782035e-01
-4.655385124142055187e-01
6.726621060012143438e-01
4.678357872342768786e-01
-4.778494030571758255e-01
-3.174561824262767118e-01
-5.648901337403811063e-02
-4.307847378190825527e-01
-2.291792397927738811e-01
-7.838584561880463930e-01
8.353630800124729472e-01
-7.882218403681497954e-01
-9.209695851440922176e-01
3.207954250916422723e-01
-9.496563998564515607e-01
5.155000759942574007e-01
-5.160929143826589183e-01
5.894089879647184116e-01
1.639821994859069765e-01
-8.830912400075241475e-01
