8.836177226911168248e-02
1.439889430871728049e-01
6.367348967013544137e-01
-2.725853584123889561e-01
7.895048641485798990e-01
6.785324833863350946e-01
7.281065537008852839e-01
6.336456776896934873e-01
6.469447893995589061e-01
6.167528776168360594e-01
2.843158708824042868e-01
7.627579312167731551e-01
1.712911381652618137e-01
-5.431157785115867664e-01
-7.026903384436538058e-01
8.254437154700019486e-01
-9.477319710134294306e-01
-1.000000000000000000e+00
-7.224981926302439517e-01
3.664623495508194662e-01
-1.000000000000000000e+00
3.693439452306153115e-01
-1.748332448992201416e-02
2.643767821005346685e-01
7.095634131016912427e-01
1.000000000000000000e+00
1.306940189084837556e-01
9.003299283152492727e-01
-7.928284610263611754e-01
-8.394227786267418612e-01
7.329415680700750446e-01
3.140631419618742370e-01
1.000000000000000000e+00
-9.886784779088202413e-01
-5.497495997131365275e-01
5.313685454187770940e-01
-9.379853877652615246e-01
-5.936929286661896121e-01
-4.843607143206589694e-01
-9.055588199897151025e-01
1.682623169452497902e-01
7.025133283982247789e-01
3.011105461902507940e-02
-5.081703275247599905e-01
3.036790167965714993e-01
-4.964354673647223271e-01
7.498851544360207733e-01
2.505239814592907788e-01
-1.000000000000000000e+00
9.885980200362374237e-01
9.461661965793470852e-01
-9.143800710713121394e-01
-6.703155640627103118e-01
-1.818483971918725128e-01
-2.313732154758525450e-01
3.864947725013063717e-01
8.973514270279976390e-01
7.467283072557118206e-01
1.000000000000000000e+00
2.012850699879167315e-01
-7.566830979071226260e-02
7.212448836051414958e-01
8.470564693616762231e-01
-5.915684210137217569e-02
-1.096118138473440862e-01
1.968812626046798631e-01
-9.629135420627223940e-01
-5.015534082288587436e-01
-5.424937825648796785e-01
2.844045592226953634e-01
-8.605565562882913078e-01
-2.555644169639967878e-01
4.522422226153428593e-01
-6.923090916689613739e-01
2.500780772056423462e-01
8.838789410747158737e-01
9.526713485106161894e-01
-8.420849231245512989e-01
3.551856701251085990e-01
-6.463134064373048382e-01
3.647363094606869138e-01
-9.476955968508120609e-01
-1.000000000000000000e+00
1.511705781055241449e-01
8.140360302347704469e-01
-2.676115455646461971e-02
-8.032055414397258897e-01
6.667273913864009138e-01
-8.945205177988430068e-01
-2.187433096024817836e-01
-2.586570058064578403e-01
5.819801550082603914e-01
-9.738371513531074442e-03
-3.243321304027346752e-02
-5.891675641085925008e-01
-6.835977470780767451e-01
2.937971072983436294e-03
5.730109234270006624e-01
2.848000374650541122e-01
-6.779647141726772297e-01
-3.935914217149115713e-01
1.000000000000000000e+00
4.414857863201978594e-01
1.000000000000000000e+00
-4.714275377843273329e-01
-1.000000000000000000e+00
2.243037440218526024e-02
5.999656322741246939e-01
-1.000000000000000000e+00
1.984840725807410777e-01
2.197208336696551134e-01
1.000000000000000000e+00
1.000000000000000000e+00
-1.637878101803449393e-01
1.050834074357341330e-01
-5.323025638948524207e-01
-1.000000000000000000e+00
2.473760904771777902e-01
-6.659761850623930890e-01
-1.268574805746824907e-01
2.298261248343762553e-01
7.951854837149803235e-01
3.963346708742385704e-01
4.940160757742653175e-01
-1.404455787410642253e-01
5.581432688583563007e-01
1.000000000000000000e+00
-8.699043380107185364e-02
-6.082134018776346185e-01
-8.962674363309901526e-01
6.236308897656142047e-01
5.360313946318907563e-01
5.245026569680451001e-01
1.769631473490258511e-01
-2.804718125052396149e-01
-7.136601109368123641e-01
1.000000000000000000e+00
7.688644713394465757e-01
-1.556273955043474544e-01
2.739860404260050508e-01
9.321844899967723919e-01
2.082589932053349191e-01
1.214491531486931453e-01
5.645855826771664088e-01
-2.592948708270060854e-01
5.221665040925135837e-02
-1.000000000000000000e+00
-3.742811396047525108e-01
4.637547387331705795e-01
-3.789534527593823587e-01
-3.569396886364069044e-01
1.000000000000000000e+00
4.015648351472290156e-01
-1.000000000000000000e+00
2.881999013593037340e-01
-2.302923238829406305e-01
1.983653077510589280e-01
8.884543881172435320e-01
6.623437190041632228e-01
5.130747222156234466e-01
2.584949103787359537e-01
8.011928050933136980e-01
-3.011238001972857958e-01
-8.998269286594891003e-01
-6.432185216636598923e-01
4.561572626069813063e-01
-9.563544499418070721e-01
-9.833779064693893845e-01
-5.549382241671845239e-01
8.355519013944496809e-01
5.985053629729597535e-01
-4.511715095302484824e-01
-6.502915719504318570e-01
5.525911024012302164e-01
-7.162685036674355521e-01
1.923289124773148728e-01
4.266067742640383686e-01
1.000000000000000000e+00
-1.000000000000000000e+00
3.021466816318525428e-01
3.782574982968217592e-01
1.000000000000000000e+00
2.890828225658395034e-01
-3.560316431788013158e-01
-4.510525112215182375e-01
-3.487637755395001093e-02
3.648998059721713094e-01
-1.000000000000000000e+00
8.135458260560548549e-01
-2.459972952632911714e-01
1.495621426604323290e-01
-6.666538842295235412e-01
-3.157475710327287688e-01
1.000000000000000000e+00
4.629610518693576537e-01
1.000000000000000000e+00
-6.348644812050261432e-01
4.880361751825639249e-01
-6.071986893764380611e-02
1.000000000000000000e+00
-1.000000000000000000e+00
-8.294174330575661003e-01
-3.340220002662364074e-02
6.149336957893267730e-01
7.900334954813876820e-01
-7.606725285955691085e-01
6.197375963152824685e-01
-9.330560063254177416e-01
-1.000000000000000000e+00
-5.464593863252321659e-01
-3.162779561185286026e-01
-4.581050686018982021e-01
-3.553837118447999988e-01
-4.942390341288186995e-01
-1.549194372750806181e-01
-8.438693975928446278e-03
9.528258446735566878e-01
4.956564665040457118e-01
-4.880886251405148202e-01
5.405159840168984875e-01
-2.174969317649268485e-01
-7.713111448897837230e-02
2.544542519653048007e-01
9.821516498548282792e-02
8.327498160741124700e-01
2.783977994351117258e-01
6.676090019570507517e-01
5.575366529469231169e-01
2.481852162220859470e-01
1.000000000000000000e+00
-6.262714581467374586e-01
8.932720325881263745e-01
-1.599650414140549592e-01
7.996078973473701446e-01
-6.430185996725084063e-01
7.012695367461141416e-01
1.563522266610748446e-01
-5.269010026363422083e-01
2.462982570195146881e-01
1.000000000000000000e+00
-5.559931125262418394e-01
5.573279590638322567e-01
-3.463230304412210914e-01
7.325944611130804640e-01
1.000000000000000000e+00
2.771444261852349378e-01
-6.480170591915526135e-01
-1.000000000000000000e+00
-6.769493864893627588e-02
2.058541890006782560e-01
-9.184389857611672259e-01
9.139221678286089112e-01
-9.071319962950021853e-01
1.000000000000000000e+00
4.477776870770351358e-01
6.582293010328668093e-01
-2.614679918204506626e-01
-7.643133113539217760e-01
5.612539977753636666e-01
4.441897156076324849e-01
9.740809069225537797e-01
-1.000000000000000000e+00
-1.582915588526296879e-01
-2.489543646191193504e-01
-5.060334190378121821e-01
