-2.025247573778228283e-01
5.041877565129464500e-01
-2.679280149593430971e-01
6.191832665296664873e-01
3.285470406205924787e-01
-5.001636965829373699e-02
6.827048010088908603e-01
-5.860986345312526602e-01
-7.990137412463950151e-01
-5.255170343519601772e-01
-6.905336761857815420e-01
-9.121999301418297623e-01
-3.272903992586633226e-01
6.295776125767521547e-01
-1.000000000000000000e+00
3.745834752725132888e-01
-1.561794851124889139e-01
4.780050938834881635e-01
-3.947912898197899478e-01
2.463322752170648833e-01
-6.247350171670958963e-01
8.979939370840864798e-01
-6.339268816514380678e-01
-2.098849622503073387e-01
4.410945187834823256e-01
-3.331770094646972491e-01
1.000000000000000000e+00
3.030305227348836783e-01
-3.355116275703413642e-01
-1.000000000000000000e+00
-6.947495491183350858e-01
-9.898467142150970677e-01
6.276571604558258688e-01
-1.803582631125577596e-01
-3.789365132805609382e-01
-1.930940215152404382e-01
-1.309682140519266014e-01
-4.015195041424574063e-01
-2.541994750096414624e-01
2.500210496307422314e-01
-3.584430859450007945e-01
-9.341045704311657927e-01
-1.000000000000000000e+00
3.259324385178316574e-02
-6.327219105431836077e-02
7.229969997185194952e-01
8.104370359439129201e-01
-9.387476904935370126e-01
3.978693661558351247e-01
2.965940698285400856e-01
2.527772739156963766e-01
3.917267489055351604e-01
-1.454872776898107900e-01
-1.270798484875118872e-01
-2.027194577755013771e-01
-5.000070600994585002e-01
2.067697017457726383e-01
-2.209428373361292386e-01
2.782858163651025230e-02
1.032288220501353659e-01
-7.935586937780143568e-01
-3.545788360151798102e-01
-7.364304025109469354e-01
-8.187321810646532860e-01
5.922252203776342538e-01
3.663708826840592625e-01
-2.359848199598192919e-01
6.244321472075157198e-01
8.347295663265523746e-01
-2.684252643751297573e-01
1.119877760965843905e-01
-4.337117375537324904e-01
-6.866396043436866492e-01
-9.856519539959530951e-02
-7.463166702558432508e-01
-3.417651726605304141e-01
5.919809931303035011e-01
1.472583508654053130e-01
8.684714714241915656e-01
-3.603752553927744851e-01
9.517112727980832076e-01
5.272448990913913835e-02
-5.985602140782911862e-01
3.886219040156387305e-01
-1.634401738737183418e-01
8.974539800730472194e-01
3.646226845159359353e-01
5.888807519843611837e-01
-5.483013682076536277e-01
-7.017965519881800285e-01
-3.168511910232607587e-01
3.005574214158296398e-01
-5.419544110256575564e-01
-2.819341522415068635e-01
4.858570456831144413e-01
-8.973891766445718510e-01
-6.029663999130225882e-01
1.213873955847275532e-01
1.160433104770697971e-01
1.682246869814628676e-01
8.095989752964747321e-01
2.945240351866555972e-01
-9.087903596379404147e-02
2.516397768013178826e-01
4.731060016243098243e-01
-3.050506871518214869e-01
1.211540805939776561e-01
-2.444488245684340588e-01
6.712132966741306550e-01
-6.347394751697041926e-01
-3.161681128856490552e-01
-4.904074597972920557e-01
-3.372908260673792569e-01
2.802455860359120421e-01
-3.324113622580080474e-01
-3.017111664249583214e-01
8.136722949268422322e-01
-3.643138291636571768e-01
-9.488818814354342823e-01
7.055548314582815728e-01
-7.332710378195312906e-01
-1.026978783715610938e-01
9.634806416382279970e-01
-5.436269087295737545e-01
3.620168424504542903e-01
7.446592405487417743e-02
5.088432816517585167e-01
-9.224596830590943153e-01
-4.296996357869832250e-01
-5.926884923948437800e-01
-4.632450618842401946e-01
8.305668406060816578e-01
-4.384713281101598192e-01
7.827352160045465412e-01
1.657564843830060530e-01
9.018550978474965119e-01
-7.539683471208463716e-02
-4.791194594623573444e-01
-6.302920469771688960e-01
6.217251587382033318e-01
1.010907922881946752e-01
-8.060042158519155064e-01
9.646387810757737213e-01
5.727407265553247084e-01
-5.460600836907816280e-01
1.175031216257333838e-01
-6.850302508933698853e-01
8.946911922584759314e-01
-5.122455201786398904e-01
2.016217837889515418e-01
4.787023144794904095e-01
1.000000000000000000e+00
2.808010345901250648e-01
-5.878324965446714290e-02
6.418000637363767691e-01
-1.577195270224285295e-02
1.435392398064064268e-01
1.526578291044042301e-01
-1.615717889587745537e-01
-3.883098164318734558e-01
8.142361130717212792e-01
8.562023626039036994e-01
3.143346047236853513e-01
-5.127698708130629113e-02
-9.340860218365893974e-01
-7.431892476876335307e-02
-3.016212876949170285e-03
-3.931535645210840202e-02
-1.000000000000000000e+00
-7.299891948728446378e-01
-2.544511446784702979e-01
-3.947912251326555766e-01
9.638058798453700282e-01
1.000000000000000000e+00
-7.763633105899114817e-01
-2.387651197861445085e-01
4.910727009728943493e-01
4.620700658766057622e-01
6.973900056411873605e-01
-9.216932086163900362e-01
1.889472403709998305e-01
8.892768025314452540e-01
5.292695983797104375e-01
-3.607688017671683567e-01
3.208418652526699999e-01
1.365732124283281501e-01
6.260117253472716747e-01
-8.718027972093408406e-01
-1.384123648356676561e-01
4.950446687334665308e-01
-4.345917099438101339e-02
-8.353023348457296882e-01
8.927986745464815410e-01
-3.106673291927773972e-01
-8.755144363266298413e-02
4.598832968183012848e-02
9.558863864029645274e-01
-2.662722334446506744e-01
7.378799809176108671e-01
-5.708889726074988236e-01
1.561014614690558466e-01
4.428774712136243075e-01
-1.707152475396560565e-01
1.000000000000000000e+00
-2.437493339299869610e-01
-1.041611940438398887e-01
3.046057697624013905e-01
9.200053145287676593e-01
1.640795537020682537e-01
9.044025366211656536e-01
-7.530687788875971567e-01
-9.007110851452171385e-01
4.235457202249279796e-01
9.927965727354237657e-01
-5.674762138324475069e-01
2.086494738495965340e-01
-4.267773481180814898e-01
3.810818936943214386e-01
-7.657206755610725946e-01
5.029447535038513717e-01
7.630961351013921812e-01
-8.378205526040920503e-01
7.272067636326631224e-01
-3.956835679673790795e-01
-8.816555512657660021e-01
-4.215360748402019464e-01
-6.589563041007132083e-02
-4.738308960856694174e-01
-2.913782370146498352e-02
8.212964269060696321e-01
-9.490632963944765077e-01
-6.155382680348876479e-01
9.246167495022061811e-01
-5.996712010627298639e-01
-6.538468958895822247e-01
-4.972840275637270824e-01
6.753437054780832005e-01
2.565035501906269555e-02
-4.278871629979625890e-01
6.486316709496454669e-01
3.966677504797789244e-01
-5.748125157414085695e-01
7.656203080194891042e-01
9.121239451889490146e-01
3.439594243782023719e-01
8.127464819108037863e-01
6.870018994237003795e-01
-6.947821018031661300e-01
3.064595487167028898e-01
6.100533205172504747e-01
7.096365446649044451e-02
8.487098195686602065e-01
3.062779022009552987e-01
-9.985523979582264786e-01
5.725469136065493014e-01
-1.000000000000000000e+00
1.927600443922742601e-01
-8.067716333594392442e-01
-1.572844304482723388e-01
-6.448189828619370623e-01
3.527088459783456198e-01
9.738008509520421629e-01
-2.015690686995413872e-01
9.069719848583439603e-01
-3.784350927934765352e-01
