-3.887007482666215985e-02
-7.515155055077985535e-01
-1.362733478131719078e-01
-3.086601008713547589e-01
7.131839870736295106e-01
9.698238659893299030e-01
-1.542322495361664325e-01
7.978035942492480714e-01
-8.461290281716991046e-01
9.303645735151864216e-01
-3.165621625421433105e-01
-9.375664097910947348e-01
-6.777230296625862405e-01
7.415205825657733563e-01
2.003177318267201912e-02
-5.918228930513105279e-01
1.849111390685256318e-01
-3.437979040777736639e-01
4.553186554441215339e-01
-5.685789234729785591e-01
1.968808600602973691e-01
8.049851751992198601e-01
5.298669057720228892e-02
-2.023802256014088918e-01
-6.415904012460200700e-01
1.249528639215327086e-01
1.064826761108441655e-01
-4.137801433062548995e-01
6.529260932120737326e-01
-9.194961355512458745e-01
-8.586725980169882533e-01
4.739746106777809054e-01
4.724095074051721244e-01
3.662427439568449739e-01
-9.159415988847088297e-01
8.357669901329463080e-01
-6.719577794263870141e-01
-4.082046514335655463e-01
-1.000000000000000000e+00
-2.890385916398747757e-01
-7.193181535904906720e-01
-4.843829364064412002e-01
2.016213990132568468e-01
6.305753714509423347e-01
-7.414916325302634004e-01
-9.450012621439185523e-01
7.400196289725837762e-01
-4.197321318733471252e-02
-9.753265710347780448e-02
7.682294062198682383e-01
-9.270730376744327206e-01
-1.000000000000000000e+00
2.224671661290279490e-01
-6.690307105119295272e-01
-3.829474994278678768e-01
-8.777653584378897200e-02
6.362906507724173100e-01
-3.681047057033450809e-01
-5.560936198008785691e-01
6.983489883448543711e-01
4.836499183317333195e-01
6.085835101830614491e-01
5.809788233933348423e-01
-3.195776020620684221e-01
4.617530883600223790e-01
6.626382160695838408e-01
-2.755025605680466172e-01
-4.699003917809414510e-01
-6.451996094622822753e-01
-5.142867312999161999e-01
4.113504823975773217e-01
8.548537159817575226e-01
-3.486539017242695770e-01
-2.081331166777271591e-01
3.917194893735622685e-01
-2.268466765089316439e-02
-4.277189988560037293e-01
9.176513598894608936e-02
-6.892943486892919580e-01
2.832293171585458236e-01
-6.543359687642029687e-01
3.786742708237247346e-01
-6.551715836880123156e-02
1.905616188941605671e-01
-3.469208069235782954e-01
-2.168098266609751468e-01
4.604403916768287086e-01
1.719986415243746625e-01
-1.225936890732387541e-01
-8.721175241188439120e-01
1.399632594450440637e-01
-6.883494295814682751e-01
-2.388150383679956690e-01
3.507446088833692244e-01
5.855637872453594017e-01
-8.559480022454907244e-01
-5.283633628933011028e-01
-4.600126587193267280e-01
-2.790397445171104995e-01
-3.787479364535426551e-01
-2.643199151331954155e-01
1.011742080598936333e-01
6.948868895107018773e-01
3.354285587182648243e-03
5.746173272787975517e-01
8.964994507342427532e-02
4.100397230517400793e-01
1.000000000000000000e+00
-8.338765326606771833e-01
-3.126708991118618552e-01
-5.260400863639669300e-01
-4.999290712389179436e-01
-6.858250010343789338e-01
-8.462496897875131374e-01
3.923406171101184725e-01
-9.753353903558439342e-01
-3.822393145912694745e-01
7.743724821513333634e-01
-3.163028606315787528e-03
-8.143266011257535020e-01
8.439224460476473233e-01
-1.949357391623487423e-01
-9.307101939787174594e-01
4.500037832996626741e-01
-3.681466233752412887e-01
-1.104103135456571128e-01
-1.114099570985169763e-01
-7.668606623867207928e-01
-1.841796653915659387e-01
8.216977477766886917e-01
-2.436759835061388380e-01
-2.647315887443315585e-01
4.158791081436863379e-02
9.188819770524940811e-01
1.000000000000000000e+00
-6.487353837880143193e-01
-8.136512064563494739e-01
5.787763240043304336e-01
4.798648430284457866e-02
2.258600234058827372e-01
-5.251874210495870443e-01
-7.781231960624601651e-01
-1.514756163006294454e-01
-3.864216345084268145e-01
-3.965794451231614559e-01
1.000000000000000000e+00
9.509700745625802032e-01
-9.666777795259791084e-01
9.381850384099117424e-01
-5.355864455099059729e-01
-1.075465103815170242e-01
-5.886246032036963616e-01
6.179930267318407555e-01
-7.702859923984506363e-01
-9.533239882079254102e-01
-6.136669043007401125e-01
-9.889974846818140319e-01
-9.355305251138534839e-01
-8.365002903661227229e-01
-7.166266139359325216e-01
4.008213826576634276e-02
-6.559914429122934987e-01
-7.653676036730037158e-01
-9.164610410993641043e-01
-9.676081332059585094e-01
4.101269784450154443e-01
-8.163985865440659406e-01
-1.189067036307487751e-01
1.117331957723897151e-01
9.814266380790250821e-01
3.498786585675184302e-01
8.663949258717895674e-01
7.417628349196563331e-01
-9.683388103125363244e-01
9.180323622094361813e-01
-5.126406280042237196e-01
-1.202860656287700891e-01
-1.038031290593364186e-01
-3.679209527463138674e-01
-7.891240604271929637e-01
2.310913055197982569e-01
2.795954540059097937e-03
8.764409119710037110e-02
-4.335944199058492377e-01
7.369324071560465761e-01
-1.785923603808849958e-01
6.743638981608606198e-01
6.791093297234749304e-01
8.319880248170155035e-01
5.445256376429685741e-01
8.190358831695376818e-01
-2.343739346581149019e-01
5.471692292862953000e-01
-7.443746608169490298e-01
3.523105306860698782e-01
3.143157631332023638e-01
-2.135268676605117655e-01
-7.858435578060030124e-01
4.382924513087060880e-02
-7.680309407698695523e-01
6.579541018583430489e-02
-1.086948297339638270e-01
-4.145857172156941495e-01
-9.219073718609810397e-01
-8.320441335581386655e-01
1.429376643277426862e-01
-4.623503308591572214e-01
-6.243139780456314902e-01
2.559637973991779614e-01
-7.366473068113570388e-01
-1.000000000000000000e+00
6.875602106543423631e-01
-2.053261238546091327e-01
4.248304610650188717e-01
1.320618991155193822e-02
-1.300211464809744033e-01
-8.296733984017483632e-01
-1.671803802171341058e-01
-2.513356134048680968e-01
3.870054212276501371e-01
7.332744134074049569e-01
4.366974275948097839e-01
-8.273852903435472417e-01
5.321306835744457064e-01
-7.006502604669668788e-01
1.551536034964233757e-01
2.209708775305261330e-01
-8.006370484467129067e-01
1.923663888236482045e-02
9.667391451043765294e-01
8.714679819137490790e-01
1.000000000000000000e+00
3.197919826731359105e-01
-8.506658479213649038e-01
-2.897537767945073117e-01
6.385750134806655876e-01
2.964840881442976084e-01
-8.766090841647156129e-01
-1.000000000000000000e+00
-2.729229530654431191e-01
-1.227912371678836490e-01
-2.811718089065076143e-01
3.793163437997675302e-01
3.596335608862875066e-01
-1.831252549048179024e-01
3.545896324674624456e-01
-5.466922257549007291e-01
3.163914473562519092e-01
5.036806526996955302e-01
8.192882212849581514e-01
9.739930667175850099e-01
-3.057772876259399197e-01
8.861222091053815308e-01
8.708445948741478926e-01
-8.808878279820520074e-01
5.979094883122585552e-02
6.378107370011187882e-01
9.150647901918671501e-01
4.749348767657690651e-02
6.468949205593255147e-01
1.699636843673386633e-01
-7.275420398488365858e-01
9.995905223577885579e-01
-1.677023779907378387e-01
4.668034267012388661e-01
