-7.377202235924147367e-01
-8.087650090705427175e-01
4.008403464920975434e-01
6.417923806974890066e-01
-8.434665007774808654e-01
1.410558006291702179e-02
-8.135067473973655039e-01
-3.659908976895017152e-01
-8.560711127770919138e-01
4.650017048347581117e-01
-4.415907552403230962e-01
-2.808283531256169363e-01
6.556178854300573899e-01
-2.407045539274493551e-01
8.188105960221057078e-01
-3.391631809942037279e-01
-1.749892086957312021e-01
7.664321775312456231e-02
-1.987908522079140095e-01
5.231169049225630197e-01
8.870211877462714778e-01
7.748131383425467256e-01
4.188035292633810469e-01
8.882506628023716377e-01
3.410759486923418127e-01
7.677547989466613210e-01
-1.940764443729539046e-01
-8.297441684450478361e-01
-2.602457740569373845e-01
6.928094969815581372e-01
-5.515496962625158206e-01
8.461494769839430496e-01
4.038704378173463838e-01
-2.662795513585658469e-01
1.550191407978718239e-01
1.296814228769922472e-01
-3.975744943551436927e-01
2.479967205497973226e-01
3.129965508328400037e-01
-8.063195280436346035e-01
8.953628229034140684e-01
1.000000000000000000e+00
5.073524533415603166e-01
6.403798139181586802e-01
3.053059829483758536e-01
-4.213141448529198474e-01
-3.936693364419311392e-01
-8.781908075565467708e-01
-7.816822279206603330e-01
3.337269506820488285e-01
-2.937895666494264590e-01
-3.361523760693456708e-01
-7.794150278057000447e-01
-3.871388900951368006e-01
2.143992181806336494e-01
-7.985658566847391171e-01
-3.230115897609717179e-01
-5.360217427047444527e-01
-1.919480376132292887e-01
-1.750657563384392379e-01
-1.254522873001555627e-01
1.216257674958807905e-01
-3.535831373562471347e-01
-1.002454939004897294e-02
-1.527736717199655314e-01
-9.085467326082245776e-02
-1.427499016714976199e-01
4.474316267468869679e-01
1.000000000000000000e+00
8.355437745666505212e-01
-2.419965547066819100e-01
-6.144121186232135434e-01
-7.653587547378157829e-01
4.041736338314162458e-01
-4.608667808030684765e-01
-4.919931512626763981e-01
1.817239112242305665e-01
-2.156892380641856066e-01
-4.788838591058385274e-01
-5.329608424032039604e-02
-6.506929198901378886e-01
9.457914544280733304e-01
4.933628208962923534e-01
8.476797303926967286e-01
-1.201912440352550515e-01
1.763500131837338891e-01
7.755158573830829571e-02
-5.323479691839139855e-02
1.768186301310705200e-01
2.980453438564594770e-01
8.134639651687971540e-01
-4.840070845856093706e-01
-2.687485813283897462e-01
9.452413786817593921e-01
-7.136557271946040171e-01
8.634690076008365578e-01
-5.637762681388863717e-01
-1.804936026806235050e-01
-1.891558172912190527e-01
8.936403223024733666e-01
-6.542087763566697411e-01
8.409109302587109980e-01
4.037791927789591839e-01
-1.000000000000000000e+00
-7.942123439144110897e-01
2.654456574013257519e-01
-5.062541548277386116e-01
-5.145703776895913517e-01
-3.116210687608280544e-03
-2.257467885551978082e-01
8.325328263102187432e-01
-5.533463958690991724e-01
8.764066167754674952e-01
-1.556563111264175348e-01
2.082889020588813422e-01
-6.006021732905579835e-01
1.448091881946731718e-01
-9.959527640476565358e-01
1.847393277331135231e-01
1.818502973427051916e-01
-1.465823178447716313e-01
4.622887817092384832e-01
4.246714358867725303e-01
1.035106101268325196e-01
-6.416748594528142169e-01
6.255889133648560030e-01
1.000000000000000000e+00
4.005867032945061856e-01
1.998033494784209052e-01
-5.875578124286213733e-01
-3.611584693448491312e-01
-5.819070621132761412e-01
-3.200181297914994616e-02
3.294278936407136760e-01
-9.442897732645311182e-01
3.748581723117862530e-01
1.210363829234419042e-01
2.207723248010710210e-02
-2.057444680695624528e-01
-5.480146055438439578e-01
-3.095215179127828731e-01
-1.735713664903248132e-01
-4.468268655844787052e-01
-8.183622174136382377e-01
9.005419435856654164e-02
4.977209421079078489e-01
-3.435842328834314841e-01
3.046644030572503992e-01
5.430306792359541612e-01
1.000000000000000000e+00
2.087606593136543398e-01
-4.447626497726802144e-03
7.173028034357713523e-01
-9.500777417331791597e-01
4.852532257303994734e-01
-6.211457240997919627e-02
-7.730005744697242553e-01
-8.941110955030749929e-01
1.210223583604806419e-01
8.791420767258002478e-01
2.196072455881390439e-01
-3.843598142256907657e-01
7.778312502205773082e-01
-4.197801422407562155e-01
-7.075788702697277666e-01
-7.646671577096567640e-01
-6.781000476451691794e-01
1.000000000000000000e+00
2.959449061747609910e-01
3.017821148509291507e-01
4.437235219456329149e-01
-1.792516247539933660e-01
-3.770962291142285205e-01
4.586491107370616049e-02
1.000000000000000000e+00
6.038500546474231262e-02
2.265035398005673939e-01
-1.715466350347547575e-01
2.487629796396883808e-01
6.974616099038419836e-01
1.237947668559480074e-01
-1.999953390401085218e-01
-4.709849658473512779e-01
3.967252510861445369e-01
-1.503608317513316639e-01
1.000000000000000000e+00
-2.903183156699706835e-02
-8.298191152197803566e-01
-3.088692883048838045e-01
4.510112756209769813e-01
-2.178552546887501662e-01
1.734925330331111848e-01
-4.886149074376855417e-02
5.934745310748285041e-01
-6.063358991909136853e-01
5.095869044826301097e-01
8.016906645579413571e-01
3.731470435153166343e-01
1.000000000000000000e+00
-1.619181923153084623e-02
9.429140602629999535e-01
9.494471845880105010e-02
7.340398659134674819e-01
1.000000000000000000e+00
4.119754985739032538e-01
-4.748913489438935098e-01
-5.127265853113601723e-01
-2.810094122032738562e-02
8.017159836181751986e-01
3.687165008591337112e-01
-2.449791556341364973e-01
7.190753809321144274e-01
9.090330341293896277e-01
7.196756265608647007e-01
-2.865846871833561127e-01
-3.554574788552601339e-01
-8.158277444097088438e-01
3.813827739367113834e-01
7.185067946140593076e-01
-8.365565565326871234e-01
-3.344699693764501824e-01
-1.867672506044395497e-01
-2.259129208559011448e-01
9.452021088088438106e-01
5.552031494879413609e-01
2.304834638233190791e-01
6.373708024450991383e-01
-6.710696995559963796e-01
-3.494754015333136898e-01
-4.614800719285225838e-01
-6.056681019351272122e-01
5.741663356480048996e-01
-1.340439380498679445e-01
5.390250632216080362e-01
5.243282418352839258e-01
4.502176034089822032e-01
-9.629463651591592122e-01
-9.992953723327636650e-01
1.913187925916117610e-02
-6.151568768892885508e-01
-3.490973390138561450e-01
-3.071445583641240762e-01
2.317561594076069098e-01
7.681537775443545435e-01
-6.008245310908395531e-01
-9.221145129798175022e-01
3.465174126000656329e-01
6.528622796917002979e-01
5.913428270633923622e-01
9.926486960847209495e-01
-5.577449519836076286e-01
2.564273508807906055e-01
2.931951156218268739e-01
9.458076500341930926e-01
1.000000000000000000e+00
-9.444700246670054700e-01
-3.763072827582161772e-01
-7.172901404548609472e-01
4.223307426063265257e-01
2.375287609724726842e-02
-6.654412822919636428e-01
-7.361085463238472570e-01
2.112206712660176511e-01
-9.023153600090044746e-01
-5.312255203630371625e-01
