6.883365712536629322e-02
-8.177448687789803383e-01
-6.212557306374137944e-01
9.834765555014004512e-01
-3.270889177460531982e-01
-5.195550480881124811e-01
2.914845241570111489e-01
9.748276865702183436e-01
-6.419202233779852662e-01
2.371045831556349848e-01
6.427425522043714867e-01
-7.394753166506589093e-01
-5.893357910178379511e-01
5.255700796133566666e-01
3.427265880186580738e-01
-3.870546229735971622e-02
1.696934954724672040e-01
8.265937847305767638e-01
4.475073856849621778e-01
-7.923418140022930878e-01
1.000000000000000000e+00
5.578149539746399821e-01
-3.762854603161989719e-01
3.825684261591479896e-01
-4.815702799663217348e-01
2.402899513738063764e-01
-4.758318228976058939e-01
1.863543947257138012e-01
-2.785651227561860566e-01
4.329353187601760466e-01
1.472163457177577961e-01
-7.018950737954509078e-01
-1.706805651957166159e-01
2.264372754149794886e-01
1.000000000000000000e+00
-3.982155205514104068e-01
9.263870314840767506e-01
-2.325310069076225172e-01
1.202499921376386782e-01
1.521530272555031704e-01
4.372282011495594034e-01
-1.475669152706807763e-01
3.549139908144143263e-01
-5.148875889463556677e-01
9.131929416233861563e-01
-9.208573237961925617e-01
5.848882715888561457e-01
1.890548924453733515e-01
4.035874240001764424e-01
4.578198385295437767e-01
9.297218474253843290e-02
-3.529301065759745115e-01
-1.321589905167032675e-01
4.898535052980543814e-01
1.524380072765965100e-01
2.542657683744909969e-01
2.215105038668141457e-01
9.199055131476965297e-01
-9.260150486287526128e-01
3.340274325557051061e-01
-3.186626610230143541e-02
7.357648889145311788e-01
7.185426118616951019e-01
-4.182106497238062826e-01
-7.594088915808794304e-02
6.878053845452257731e-01
-5.360177860737197486e-01
4.873543662587436209e-01
4.727239541854932892e-01
1.000000000000000000e+00
5.083048919826802514e-01
4.304190405245433837e-01
6.354943170650626527e-01
4.043469786749626094e-01
1.677704124007212971e-01
-3.297937428068360433e-01
2.063031572113203094e-01
1.327385494490640472e-01
8.943502468426625107e-01
2.086254007775921737e-01
-1.489665089165262968e-01
-3.764885121994854256e-01
7.098496606429598454e-01
7.779411717320852127e-01
1.761695766438502453e-01
9.023411860536051377e-01
2.958518208780592240e-01
5.821254883424606952e-01
-3.511717612097909891e-01
-3.424537591969796235e-01
-4.234260720163487424e-01
9.655776639830719876e-01
3.757855939025495640e-01
5.829561323581482490e-01
6.227735360234797346e-01
2.493528692336818287e-01
2.972655997427523511e-01
5.511159167633365996e-01
4.482911911861633403e-01
2.158527560783680688e-01
-5.327506411639971740e-01
-7.543237563277132018e-01
9.513396793837469723e-01
2.470427493393666518e-01
4.830074175446321116e-01
-2.840371266526720007e-01
6.608920109989001590e-01
-8.626429801323287627e-01
-2.710432281840247093e-01
3.078900084680838978e-01
5.447057656570140211e-02
-7.552467293696503159e-01
2.350302529831917175e-02
7.416948917043734157e-01
3.908263059620461499e-01
4.563054776219577224e-02
-1.225619336258631231e-01
4.022455603381549505e-01
-8.518893815046777451e-01
1.526752674258839981e-01
-6.292082808980652420e-01
-1.185222974502909143e-01
-3.698641802876981299e-01
1.905945944169615824e-01
-2.786364616081984380e-01
8.388870308447231583e-01
2.927868522652375960e-01
6.566931025207132233e-01
6.802459063408257123e-01
-4.525683102611703923e-01
-4.292050116880119504e-02
-3.314150087351946938e-01
-4.567837120887793811e-02
6.928881099194545978e-01
-9.808175153528313484e-01
5.566859089818365636e-01
5.077245007718346193e-01
-4.869742935387077476e-01
5.246151750589999052e-01
4.655131656618660685e-01
6.775109793283036197e-01
6.244261583845474028e-01
6.238370394791912243e-01
-1.901862849451988191e-01
4.629066139799031809e-02
-2.732016019559080355e-01
-5.138191792480023556e-01
6.577415537983217764e-01
7.447294661253334169e-01
-6.844645863615259618e-01
-8.124708427561107005e-01
4.551300385505877011e-01
-2.961782662652364118e-01
9.460536089192307374e-01
4.703647015939196319e-01
-2.985672221645579993e-01
8.290747789465610085e-01
7.802885497971148165e-01
4.334570075080394769e-02
-7.725332423382773595e-01
6.246086268535975261e-01
7.791150396070938289e-01
-1.076571131606989251e-01
5.861258125900050686e-01
-4.126308013745542957e-02
-9.244969340330144725e-02
-8.649139141895909599e-01
2.143783040615032109e-01
-3.919476138246176244e-01
3.849010351790724815e-01
-4.355966318790524539e-01
-8.722984791229460022e-03
-3.644976860715781197e-01
-3.080065961922557882e-01
5.499443703309851994e-01
8.963480510631754994e-01
-4.365619963497392453e-01
6.796418463528204335e-01
6.853726914569051587e-01
5.026663359583675161e-01
6.838515018656823319e-01
-4.505942350958200282e-02
7.344835493094402645e-01
-9.806253550992660717e-01
5.468801933704907636e-01
8.158515635072826067e-01
7.521321124373020472e-01
1.000000000000000000e+00
-1.000000000000000000e+00
-1.649502295102633909e-03
-4.216122598430022128e-01
-1.000000000000000000e+00
1.823744870335066715e-01
2.834901914926878375e-01
1.503019480415293541e-02
-1.241860183188101541e-01
-6.479028524675433109e-01
-1.735251715882425438e-01
4.389566571150975705e-01
-7.512817703454660601e-01
-5.857714226636058230e-01
-5.331042959153349248e-01
-7.257776412326082394e-01
1.000000000000000000e+00
8.074968249236083029e-01
-5.937301266629425867e-02
1.983791939072827026e-01
8.708716186433271833e-01
1.292361938796584564e-01
-8.709203609515920874e-01
7.216758611666278522e-01
-6.197454617744535543e-01
5.904811498753956833e-01
-3.535612072570040176e-01
-9.756935170827252257e-01
-8.120001074889662274e-01
3.810200789403269117e-01
4.889263049927390359e-01
-8.663361716011007407e-02
-7.044811937910322452e-01
-9.165774701902678068e-01
-6.756967574934318321e-01
2.645859067132256826e-01
5.193451338958487984e-01
-6.929409556198242726e-01
-6.735202477125470377e-01
9.207512947780789325e-01
-1.132052242840843465e-01
2.119858160849267814e-01
4.377469833763371065e-01
1.805166769988788000e-01
-2.398550067764877447e-01
8.421258676200235049e-01
-1.241975002635621883e-01
3.980191796110759683e-01
2.955743157149818834e-01
4.426463235404395347e-01
-6.647410069131536314e-01
-1.222279443885055106e-01
-2.783919924644591704e-01
-7.866566941156477588e-03
-2.622428086449513085e-01
1.000000000000000000e+00
-3.498042623851862487e-01
8.018750600835400366e-01
-9.860978462011726897e-02
-5.927596102133131373e-02
8.173373288248525492e-01
6.752202190532369253e-01
-5.147552477503526402e-01
7.463672022562832797e-01
-5.292893176672448519e-01
5.057126249966791276e-01
8.879328554142882357e-01
2.675514657001202279e-01
-7.674648762378455391e-01
-1.672481875343989621e-01
1.950454303137612588e-01
8.016974036004500537e-01
9.776619577358924840e-01
6.475300489818351934e-01
-5.529172738500151008e-01
-2.375747342343590418e-01
-8.460421337764438832e-01
2.751252106405559505e-01
