-8.918627674936998595e-01
-5.585216264661574392e-01
-8.405973152697967521e-01
-3.103409716608638846e-01
6.358657890179457706e-01
1.000000000000000000e+00
-2.539773854964610944e-01
4.553211935427942669e-01
7.238390867322103128e-01
-4.687700628307581718e-01
5.734489356989165287e-01
-4.425292737814537358e-02
1.000000000000000000e+00
6.641895896059258897e-01
6.920102679448898453e-01
3.035085114162041631e-01
-6.078253428235778077e-01
6.637930236557079144e-01
-7.180065557296861911e-01
-9.188971964406843496e-01
-9.252840813253309094e-01
3.057413205735037276e-01
-7.632156851528909547e-01
-7.913520694944380374e-01
-6.146290661207607364e-01
1.000000000000000000e+00
2.917558080026680933e-01
-5.973394983978843609e-01
4.890195488396907320e-01
-9.493177876645906288e-01
-6.992801037813540788e-01
3.348524700878624527e-01
-9.839522670387346182e-03
-1.451059720378921614e-01
-3.787442545361554558e-01
9.548331353323177284e-01
-5.574894479119660851e-01
-1.000000000000000000e+00
-8.656395219967487620e-01
-7.401194815696799933e-01
-5.619709585943033492e-01
-9.716626463611554021e-01
9.295872880585533959e-01
9.401147411538637311e-01
-8.447378261508871056e-01
-1.000000000000000000e+00
8.402268348617412119e-01
-2.263322315698554354e-01
8.112867919299486530e-02
8.454997530344865453e-01
-1.000000000000000000e+00
-1.000000000000000000e+00
-3.404286679883794520e-03
8.103278027723165300e-02
-2.755851273457075035e-01
1.794144165318535267e-01
8.826464199821305590e-01
-5.140749236158674851e-01
-5.444522634887887236e-01
9.856793820300608910e-01
5.984544816032409953e-01
6.090679971586476782e-01
-4.214219358066828569e-01
-7.456449907099087504e-01
4.108556218812361438e-01
1.000000000000000000e+00
-5.194253542428972636e-01
7.806944451480875014e-01
-6.223187723070969235e-02
-8.957512227961148543e-01
-3.503856596402510348e-03
1.002089920260296058e-01
-9.522263826099758299e-02
-2.341213568706385362e-01
-1.455666218272023693e-01
-5.857945739576242428e-02
8.292306562075885124e-01
2.267363385884519911e-01
-6.240692797094085087e-01
-9.899870282354606976e-01
-1.643273901169339801e-01
8.689279937008986821e-01
1.953851444628962875e-01
4.836534970030532676e-01
-8.164932587502455874e-01
1.000000000000000000e+00
-2.891827156310596836e-01
-1.950903514882139089e-01
2.476085491773945546e-01
5.286539248844847050e-01
7.690206134685717565e-01
1.000000000000000000e+00
-1.641376426985559911e-01
8.080440375145639953e-01
-7.465505708482349512e-01
2.016924124600929513e-01
6.013354197769765763e-01
-5.428851019892247387e-02
-8.305219078602044114e-02
1.000000000000000000e+00
-7.803819388369359622e-01
6.735998165705772145e-01
2.517801034899010415e-01
-8.653145001351199017e-01
-4.079839894051426885e-01
4.887089332093098037e-01
7.152280092193191718e-01
-5.205328117934291399e-01
2.556063346517504220e-01
-1.000000000000000000e+00
-3.445253775717226352e-01
-4.035232193896674535e-01
-1.000000000000000000e+00
-1.000000000000000000e+00
1.208589110626946683e-01
-1.000000000000000000e+00
-9.061023028636775445e-01
9.364469305985123615e-01
6.586388844467136461e-02
-1.000000000000000000e+00
1.000000000000000000e+00
-1.000000000000000000e+00
-9.932025576087399887e-01
1.000000000000000000e+00
-3.779902139930444438e-01
1.651918277758772924e-01
-9.228482075342364643e-01
-6.086184014710005474e-04
2.180910869176730105e-01
1.000000000000000000e+00
3.089477044079094181e-01
-6.499484027982326273e-01
4.667776502396092098e-01
5.602048383306799106e-01
7.545838503851005630e-01
-6.146836840940113067e-01
-5.511894165369966014e-01
3.998584620134228995e-01
3.047912546219799790e-01
7.078510965066432403e-01
-4.234558018711901406e-01
-6.779112356655493388e-01
5.122537128823922981e-01
-6.402686785878801690e-01
-1.726392087359479577e-01
1.000000000000000000e+00
1.157632201327243593e-01
-1.000000000000000000e+00
1.000000000000000000e+00
1.204808943664509302e-02
-3.498841110250314190e-01
-9.995067165914803820e-01
7.737409181460950247e-01
-6.805958272653744867e-01
-7.110085542811841464e-01
-2.951181285549455691e-01
-7.897287835124420230e-01
-9.755989858309229712e-01
-1.000000000000000000e+00
-1.000000000000000000e+00
5.058890796384613031e-02
-6.687747644897492627e-01
-1.731644279007493181e-01
-9.713386063902469392e-01
-1.000000000000000000e+00
2.095776821346553576e-01
-3.389723888696004606e-01
-3.355245168827056257e-01
-2.035106217241166304e-01
1.000000000000000000e+00
6.944194313202801672e-01
8.781255091884198061e-01
1.000000000000000000e+00
-8.614512902002193773e-01
7.202589876112860390e-01
-3.013370944520997186e-01
1.426095699593165067e-01
-1.893467023331043553e-01
-7.691756515782813830e-01
-7.135312168085573559e-01
-9.372141954637608352e-02
-2.056212185207496046e-01
-7.352009348050199122e-01
-1.482545742905956587e-01
-5.812702231060935532e-01
-3.812928856194868765e-01
-2.216326478161947944e-01
-6.406417777735623487e-01
2.549901511522212894e-01
1.583552667487178045e-01
3.979365162464265082e-01
-9.146236418249882316e-01
-1.000000000000000000e+00
8.349129563098389717e-01
-3.469047534508347685e-01
9.723658751713699644e-01
-4.453142498547073558e-01
7.853833512802236294e-01
1.000000000000000000e+00
2.464512138481675663e-01
4.674102597895974931e-01
-5.662802444003716129e-01
-1.682976500671548026e-01
7.207069326223972672e-01
5.661804530582851269e-01
-9.979974454808039352e-01
8.779022938813454413e-01
-1.935882175448943310e-01
-3.489996533680113089e-01
-9.334802627790345086e-01
-1.000000000000000000e+00
6.836179244580239400e-01
2.812918555809980070e-01
6.257067382686030133e-01
3.269069819127553567e-01
1.245194528856003180e-01
-7.036389486810376015e-01
3.829139183355569354e-01
-6.582634856186251326e-01
4.880759176303026137e-01
7.955700673809741330e-01
4.279033064486176263e-01
-1.000000000000000000e+00
2.865963690314329848e-01
-9.905517502194941537e-01
2.682494194735484117e-01
-7.090899206200514115e-02
-5.871413427758209735e-01
6.593429501005031446e-01
1.000000000000000000e+00
4.384248863477161473e-01
9.063290654696759541e-01
9.935414942094664692e-01
-8.965845832747068034e-01
-5.359920611917701194e-03
6.528061519485193198e-01
5.020365884296644765e-01
-8.254797602884749175e-01
-7.256713987778453667e-01
-2.415634227525965128e-01
1.599506030917104138e-01
-2.555306365645199085e-01
-2.620698983527576242e-01
3.090473568726645470e-02
-2.786241936232337624e-01
3.869368557646545859e-01
-5.238069405208825025e-01
6.368433621751524720e-01
9.544620086709091344e-01
8.797264770149324509e-01
9.880472913085838194e-01
-3.081687363592617857e-01
6.104187198073696141e-01
2.066018350698076711e-01
-1.000000000000000000e+00
2.153251219966079433e-01
1.000000000000000000e+00
8.246874544708256982e-01
2.492690282641226163e-01
1.801246118832259824e-01
2.002773535042933206e-01
-7.067415715862770953e-02
1.000000000000000000e+00
8.158546610479774364e-01
1.000000000000000000e+00
