5.075173990217551889e-02
-3.422300660985593268e-01
-8.181763313248411329e-01
9.332330266851316392e-01
-1.760991437346464128e-01
5.745439312051413561e-01
1.248831353604597377e-01
7.805857467380771242e-01
-5.545041424443830635e-01
2.486322602665757830e-01
-1.000000000000000000e+00
2.486183544867726358e-01
8.392252054673500217e-01
4.313182601150444828e-01
8.423528219851085241e-01
-2.097326131050179787e-02
-3.064578894386341124e-01
9.450976670911360733e-01
1.000000000000000000e+00
-2.882906778070278286e-01
7.668321788472298728e-01
5.825690419056150926e-01
8.970470215909324141e-01
2.711615839033488795e-01
-4.420081628889830361e-01
6.896036899355062477e-01
-9.557207750796345991e-01
-3.643249724692889102e-01
-1.000000000000000000e+00
-6.150621635404950327e-01
8.310125223130138128e-01
2.343663817293059060e-01
3.657931189217056289e-01
-9.573763244728974442e-01
-6.328837980248139816e-01
-1.181554553327854862e-01
7.278658056569282664e-01
-6.432995806430227281e-01
3.897521815917895927e-01
-1.000000000000000000e+00
7.061828104057211730e-01
2.393046497082096380e-02
-6.978901676349531513e-01
1.259056811089284689e-01
-8.606319021104531508e-01
-1.934087362356893269e-01
2.520865194894980621e-01
-3.798300753607981584e-01
-5.248448260679365873e-01
1.000000000000000000e+00
8.246900109322353734e-01
1.162728223919748671e-01
5.072990409756044095e-01
8.579361366247336695e-01
-3.505422594190197305e-01
-2.748402333478677795e-02
5.548483585448344968e-01
-2.175772552161632234e-01
6.565162429863363736e-01
-1.912812146479563602e-01
-5.032880266283210613e-01
-3.152209231575295867e-01
4.453670316154344500e-01
-4.673463069633777001e-01
1.000000000000000000e+00
2.775895161140410350e-01
-8.793032204383055550e-01
9.671293328088168550e-01
3.157427703104923600e-01
-1.000000000000000000e+00
-7.788067202907287268e-01
-6.541431595909399377e-01
1.000000000000000000e+00
4.387028858813004084e-01
5.707068366391089276e-01
-9.431089249402722086e-01
6.361051837580153911e-01
3.781210897034535390e-01
1.173646714681952918e-04
-6.316686357696720266e-01
-1.000000000000000000e+00
4.306356146317753542e-01
-3.771893918166266402e-01
4.042996397692434629e-03
7.852944042970877447e-02
-1.729630292008702275e-01
-2.112411342682263271e-01
1.639060269699899597e-01
-2.334674859250105428e-01
-8.146459598511955891e-01
-8.102129736668853832e-01
-7.090924917443705011e-01
-5.904661265623759592e-01
-2.163377126776457327e-01
5.119045193023241680e-01
-7.356841589773872592e-01
1.000000000000000000e+00
8.452464873502057996e-01
7.399416218368658482e-01
-1.099615045441537653e-03
2.265132581753306895e-02
4.733992342691120125e-01
-1.515965009991525614e-01
2.787694050511875243e-01
4.919027146569322495e-01
4.425570563510067279e-01
-2.340748852049724382e-01
-5.931970864043798475e-01
-2.635043706068751490e-01
-1.000000000000000000e+00
3.585654589026846528e-01
3.743608085899847726e-01
9.178033701004352229e-01
5.114964992201949112e-01
-2.567278974225930543e-01
-3.177202080219060920e-01
8.578269044614788008e-01
-3.489520706242465464e-01
-1.000000000000000000e+00
3.046027649084938338e-02
-4.884837667194040223e-01
-7.577053667515447621e-01
4.749522585317583756e-01
9.740142087121373971e-01
7.242582312919011445e-01
2.281700544278877918e-01
-6.546885462654661314e-02
-5.133597557964131308e-01
-1.293675221918444418e-02
1.000000000000000000e+00
-1.401538213707259617e-01
7.231009116699603778e-01
-5.363344908586222815e-01
-7.471355208842866968e-01
9.598206478283073384e-01
-8.703484116572297591e-01
-5.059142275617362072e-01
2.971430183823615678e-01
-7.270046649689485552e-01
1.000000000000000000e+00
7.729815507670634300e-02
8.147984159686842975e-01
-4.613189403227732077e-01
-2.696694305909730915e-01
1.432207784077428048e-01
-1.000000000000000000e+00
-7.103589052013017935e-02
9.019681862508173165e-01
-6.426353630356856916e-02
-5.784670351863541171e-01
8.186980901459040005e-02
-4.035066433968972355e-01
-3.527575253636118235e-01
-2.776663249738482442e-01
-1.252729706706104951e-01
8.511428384513921586e-01
1.000000000000000000e+00
5.003964597569141026e-02
3.024509588597420473e-01
7.712799631782620846e-01
-4.092464303975029694e-01
6.211614365525647274e-01
-6.847059886197428558e-01
-3.577908410392974803e-01
-6.558717860405514077e-01
-8.547236446303092539e-01
7.855775867762962994e-01
1.000000000000000000e+00
1.300348777083508156e-01
9.503825536582228839e-01
-1.177539038787560610e-01
3.387534888091403573e-01
-4.643100427006294773e-01
1.027902937975628817e-01
6.380223854409139417e-01
3.992395732373386075e-01
-6.979336309219773549e-01
-7.720515325573780174e-01
-1.647761449769132303e-01
5.316352092318998857e-01
1.605404226355102715e-01
-3.053514503055874130e-01
9.615704039493619404e-02
2.452050917883488723e-03
1.502524633721520342e-01
5.215297246386834118e-01
-8.930633498694151573e-01
-2.122245365811956663e-01
1.662790346097755556e-01
1.000000000000000000e+00
9.154123935597513473e-01
-6.310175092050582801e-01
1.000000000000000000e+00
1.017524224885409112e-01
-2.984377912987139503e-01
2.256722285019330254e-02
2.941145273608857247e-01
5.574303243679835651e-01
-7.369453477616730308e-02
-5.775034616190407588e-01
-6.589725239181787320e-02
-3.729444513436837028e-01
3.599383986172035033e-01
2.516236492513487244e-01
6.127262581876341541e-02
3.623340958652508936e-01
9.590901217699218106e-01
3.855462650597137886e-01
-1.933930982499666440e-01
1.000000000000000000e+00
-2.594065269095202630e-02
2.056038258093964011e-01
8.107234045586051430e-01
1.000000000000000000e+00
3.205262863470409451e-01
3.756799941218251782e-01
8.879175696732858336e-01
5.309360874250426132e-01
7.978667886091357353e-01
1.000000000000000000e+00
-5.883571468534851689e-01
1.000000000000000000e+00
7.665695580812903476e-01
3.413901253446144368e-01
9.227390228576310971e-01
-8.210215865690861925e-02
-1.567745678003960585e-01
9.352091544685960933e-01
7.566154151921729021e-01
-9.937025182442574822e-01
-1.000000000000000000e+00
8.735963468817425914e-01
1.618669989167979828e-01
2.223407507736598621e-01
-1.243389771818217415e-01
5.167290768846211080e-02
-2.014186387139466072e-01
2.212407443077937796e-01
-6.107145883025919542e-01
3.185202118922780823e-01
-4.397011984499336057e-01
-9.440893209579686030e-01
-1.298365431138166423e-02
9.423541293832679022e-01
-3.693479971972209452e-01
8.625750726928578249e-01
-1.000000000000000000e+00
-1.000000000000000000e+00
2.125526451369641190e-01
3.424709267785479017e-01
7.480722492891982434e-01
1.000000000000000000e+00
8.511726657476365032e-01
5.693413193591948529e-01
1.000000000000000000e+00
9.717555015078603864e-01
-5.381769746882065775e-01
3.782602443648525048e-01
-5.326333796620582595e-01
8.806093015273869229e-02
-1.000000000000000000e+00
-7.149792685514632096e-01
4.185602093571599847e-01
1.000000000000000000e+00
-3.831129641931204644e-01
