5.717755160537821846e-01
9.705265717016022808e-01
-5.310990858388412450e-01
8.114434569088785354e-01
7.841663079222423172e-02
4.000933934048106488e-01
-1.040306723548043988e-01
5.893891649423860235e-01
1.578023161197134039e-01
1.000000000000000000e+00
-5.318307094378890154e-01
5.286647478810574396e-01
-5.461839784673211406e-01
-3.179981585425280532e-01
3.629834928905547597e-01
-1.067211342795308660e-01
5.721455190805168067e-01
1.000000000000000000e+00
4.699084253908203390e-01
5.582756556144262694e-01
2.756838314634317832e-01
-1.000000000000000000e+00
3.690952271247058825e-01
4.124252914487113730e-01
-5.270409812401654071e-01
-2.627911152989212407e-01
-2.798841693509616091e-01
-1.000000000000000000e+00
-3.395535225429596182e-01
7.931158909169193638e-01
-8.652605582719493649e-01
-1.592842324609753391e-01
-2.308026027940779379e-03
1.117017276920728719e-01
-5.243266379682903766e-01
-5.209775513406489367e-01
-6.395956127906471389e-01
-7.584301540388584950e-01
8.365944777222820150e-01
9.749836715937045817e-01
-6.244218264317253492e-02
-9.300311988309850619e-01
-1.000000000000000000e+00
7.495531668858773644e-01
-8.879562320372402784e-03
1.000000000000000000e+00
5.262243513951450069e-01
8.120747663391335303e-02
-8.663752168824709887e-01
3.540731052204919016e-01
5.257236731223821624e-02
8.808310297955604384e-02
-9.124937106729570369e-01
-1.000000000000000000e+00
6.160356333187465561e-01
2.812523458764156770e-01
9.091388026297745339e-01
1.000000000000000000e+00
-1.954638402977832146e-01
-9.335643279427408014e-01
-1.570274611307815871e-01
2.547748894744936710e-01
-9.576011868395655213e-01
5.356103011449460105e-01
1.452423750251089496e-01
-1.383863985248597328e-01
2.314380237082436231e-01
1.958859579749790691e-01
5.941118866011206867e-01
-2.211970633604138647e-01
-2.335687089015894002e-01
5.751898974187208413e-01
-4.429755298904504701e-01
6.489503531435969474e-02
7.468117369731412936e-01
4.841592410184992756e-01
-5.740238235375565434e-01
-1.000000000000000000e+00
6.138673418460691700e-01
4.540687504534880459e-01
6.866707895415361529e-01
5.415849018225079581e-01
-3.705194908678444143e-01
-1.000000000000000000e+00
-6.376957291977271014e-01
-1.000000000000000000e+00
6.543420303585352205e-01
7.002129881830612135e-01
-4.200329908861836214e-01
2.090476238198655801e-01
-1.779889473779589504e-01
-4.939609442727124211e-01
-4.299764280963533358e-01
-3.209937966296014245e-01
-4.900508562404105040e-01
8.889280744117256106e-01
4.590549168664228574e-01
1.000000000000000000e+00
-5.041928097494765559e-01
3.931969038457934773e-01
9.886893573300185034e-01
1.000000000000000000e+00
-1.000000000000000000e+00
-4.716332150588049554e-01
9.573069971171963566e-01
-2.302572131828990176e-01
-6.096672336608857101e-01
-6.996732541687360474e-01
-1.330042612828035709e-01
1.000000000000000000e+00
-1.551079586448311509e-01
-1.226789861626289002e-01
-4.115643474484511066e-01
-1.000000000000000000e+00
-3.883621273932023055e-01
-1.000000000000000000e+00
-2.496858559219685136e-01
2.279965013414204378e-01
8.730152482883751786e-03
-3.506537908356067712e-01
1.000000000000000000e+00
2.821041063245153246e-01
3.279810546839143637e-01
-4.207212366816659443e-01
-8.495382947893028724e-01
2.206111236143550869e-01
-6.651180449637128511e-01
-9.763377796177854506e-01
-4.182112567745293052e-01
-2.944354758168813424e-01
-4.855067337723090182e-02
-1.000000000000000000e+00
1.413244822672641565e-01
-6.705774349520380317e-01
6.235681341514198728e-03
-1.000000000000000000e+00
7.661908686322167483e-01
2.294575479588726319e-01
-1.730203098107939708e-01
-5.276839281448354457e-01
2.612687282028353652e-01
1.000000000000000000e+00
5.265011632712622847e-01
-3.248878848664593644e-03
-7.467968141694016904e-01
-1.490303449106650246e-01
-8.481779040608921072e-01
6.843185584408164601e-01
-3.554641669555467232e-01
-2.327249191954766372e-01
-2.274570175287775053e-01
-1.455325315409906339e-01
-8.934944275604805863e-01
-5.026946784096993914e-01
8.051406099648639181e-01
-5.868395743189972480e-01
-6.706169239572197238e-01
6.442220768093411820e-01
-2.065014042509391579e-01
-2.469278732869570891e-01
3.080067248720285700e-01
-6.488080533882963907e-01
8.483148755487920356e-01
2.286178878698316708e-01
-3.980241549279133206e-01
8.805357659293440165e-01
5.768975073705665535e-01
6.879811411447731007e-02
3.988343262546140688e-01
6.625551634179556171e-01
-1.000000000000000000e+00
-6.989811838545216816e-01
7.995988839537246928e-01
-9.402470405000168396e-02
-1.000000000000000000e+00
4.056876670668847495e-01
1.000000000000000000e+00
-1.416564869684517891e-01
1.000000000000000000e+00
3.827534997745514755e-01
2.894992648398744262e-01
-8.824765794214636805e-02
4.440724497710353269e-01
-3.709932932196579047e-01
6.187181917214433780e-01
-5.325118193841064107e-01
3.984419063435675756e-01
-2.006313363567920338e-01
8.733862358118905656e-01
7.859045210320096952e-01
-9.254254083842832213e-01
-7.533252063208927263e-01
-7.244414184429179837e-01
6.060836582840777031e-02
4.610688545802391070e-01
-5.404924476560125646e-01
1.440894204318701188e-01
-2.309935700550866111e-01
-2.162100403483287470e-01
-1.715907448532034141e-01
9.767972689818449350e-01
1.293967235173276720e-03
9.224302371296563274e-01
5.241631823683298164e-01
-9.692213045487898526e-01
1.569414688380927903e-01
-4.903515911141094197e-01
7.028633753448583210e-01
-5.493297050707135476e-01
5.247075377197094603e-01
-1.829982521215567925e-01
1.000000000000000000e+00
5.288527732902046363e-01
2.900379970749851211e-01
3.655770438278783119e-01
6.816400520193492962e-01
4.177035745721918714e-01
-1.917045463039532827e-01
-5.468255258619838521e-01
9.249203308922424593e-01
1.026103139987662449e-01
-4.088835705087249806e-01
4.472260878846407994e-01
4.667532488269727220e-01
-5.404670653905552236e-01
4.532748938326281452e-01
1.000000000000000000e+00
9.442900769726847443e-01
9.356595984528892629e-01
-4.523635412816550128e-01
-2.699117120454408436e-01
-1.934063751728252178e-01
2.383790912534100581e-02
7.172999789666888448e-01
-8.090348663554721709e-01
-3.876101917673891450e-01
-1.241997551962274460e-01
-1.000000000000000000e+00
3.802142242679643624e-01
7.096948374098941414e-01
-5.166659469409533578e-01
-1.000000000000000000e+00
1.333921890401738031e-01
8.983502630359796459e-01
-9.708106728145279307e-01
-8.689307172169665749e-01
-7.202355164923283093e-01
3.509205378350226945e-01
4.583111986758513501e-01
4.969583140968624746e-01
5.017679886510613141e-01
-3.925418866455262501e-01
-6.890629387313376153e-01
8.053753435123659488e-01
-3.514638159529085426e-01
-9.054360984922112110e-02
-1.509404993175401111e-01
9.105555729178069213e-02
1.977764296090387952e-01
1.000000000000000000e+00
-6.076960514875515695e-01
-2.446814242587433963e-01
6.908416331466905591e-01
6.871457734536711159e-01
5.520355956319791257e-01
