6.326715093874090146e-01
-1.026425955593503470e-01
5.848983779653097459e-01
9.861070752229450509e-01
-2.208023277191591971e-01
8.052975171244018959e-01
-8.451423623764436899e-01
-8.278639585560609859e-01
1.569773192929180272e-01
9.777632686634403214e-01
6.458254672647518735e-01
5.812928591460315708e-01
1.818168686835621717e-01
3.454771850783746601e-01
-8.513371458679561687e-01
-5.089957351633733751e-02
-6.343197435309022580e-01
5.756311674018999014e-01
-2.317597466026224962e-01
-7.612996459091153634e-01
5.568255014167591277e-01
4.243607013342343137e-02
9.262878802049685500e-01
8.209371442699939792e-01
9.778949964042382703e-01
-7.394840009232714895e-01
-4.137922570476122441e-01
7.653357719239602952e-01
6.150270260990640114e-01
-3.866242233794228711e-01
-1.912049050505889580e-01
-8.850524875408392056e-01
-9.686495436941560122e-01
6.910548386214864225e-01
3.296459146756064995e-01
5.998433532484217512e-01
7.024743518830751654e-01
-7.813693404528516684e-01
4.630781969447992363e-01
-7.184732645476827884e-01
-3.178216637825215241e-01
-2.452941921016717486e-01
-6.785216032855305723e-01
5.110642050345469700e-01
-8.496531698605551686e-01
-3.902719077090528454e-01
-5.259896510131890635e-01
-4.166049978087347228e-01
3.034995933311337435e-01
-9.224340054595827620e-01
2.858443944726648533e-01
-1.296535522467627821e-01
3.746633248065491806e-01
8.659378729622594362e-01
6.857753036456735174e-01
-2.032511087155800811e-01
-9.376995503501068807e-01
-5.780411403043540508e-01
3.013568652765761247e-01
-1.347822922318776262e-01
1.000000000000000000e+00
3.305415166646481495e-01
6.033003152790319401e-01
2.670548841951192465e-01
2.685478595573590477e-01
-8.831544834724718296e-01
3.971844673722593200e-01
2.394052635759361947e-01
-5.904387579515391060e-01
9.809166998857392628e-01
4.269435221216317800e-01
-9.299644988956445868e-01
7.450051619227096023e-01
-6.218606400022905767e-01
9.098249626783156963e-01
5.702481512953755383e-01
-2.468687235314405704e-01
-5.208458866940749443e-01
-6.391023298309839173e-01
-2.537738345032746201e-01
8.889128352256623344e-01
6.102814938416289969e-02
3.587898816319186057e-01
-2.333038383746638966e-01
2.430721375977131782e-01
-9.729945250371025978e-01
-6.085689531150011433e-01
1.000000000000000000e+00
6.668561133277515207e-01
-9.836247007019038868e-01
-2.771178778267244791e-01
1.123193726572773443e-01
6.555472015307389766e-01
-4.603008110947572895e-01
-3.825442592356264049e-01
-3.217233544211292040e-01
5.924966807551221848e-01
-9.640635684312970355e-02
3.490151804864530805e-01
6.167589088126730346e-01
2.301763224076118775e-01
1.996317477979034360e-01
-2.263284982684710123e-02
6.158935180676402554e-01
-2.142646253263140732e-01
6.306070081646367731e-01
5.439608906059889559e-01
-5.987972782686292739e-01
-1.002120013918594149e-01
1.505825924116601655e-01
-2.331705658148794935e-01
8.996387033377761799e-01
8.372361294920505070e-01
-4.947737588244633944e-01
2.896241615715824391e-01
7.859615731083489099e-01
-1.430670337198630127e-01
4.637815801008211558e-01
8.760203625417561923e-02
9.522408696286133178e-02
-1.396263863263753624e-01
5.295534545109925606e-01
7.018264580712922918e-01
-2.528558289603488607e-01
-1.390913843515345638e-02
-8.582528131497080270e-01
1.836352051987224787e-01
-3.413830875543237831e-01
-1.615837650994973174e-01
4.881806959463088624e-01
-5.290884388407107730e-03
4.452164394695331540e-01
3.500967282356229338e-01
5.036206278241448508e-01
-6.181814804346460468e-01
-7.769948218885310842e-01
2.697063292132617640e-01
-5.835176087716378301e-01
6.562539497175317038e-01
1.368153326666987357e-01
-6.499534778698750070e-01
-8.136373350836045848e-01
-9.073370595222784996e-01
-8.147106304156626067e-01
8.506671662313083360e-01
-4.503632946500397694e-01
-7.925285496209837355e-01
7.409952799170020921e-01
-7.344058461080607558e-02
7.390761722069414397e-01
-8.281051865044255500e-01
-5.363797501032011583e-01
6.618961516549926039e-02
-1.092663629196137798e-01
-3.842902716131063046e-01
-9.852765579017563891e-01
-4.235252400031094822e-02
-3.134206328836541822e-01
-2.988091961144956343e-02
9.885614029112126389e-01
-5.682038603667785015e-01
-6.062506559053122412e-01
2.252957863068441036e-01
-9.422371427112967712e-01
-6.265040283986713643e-01
2.536010592706560707e-01
2.798597123166386424e-01
3.348102562618125444e-01
8.742527495762548728e-01
5.737993922434964089e-01
-3.325779293169113249e-01
-8.492522185370805499e-01
-2.244427263724338428e-01
2.442429916450758465e-03
-2.723180066695868318e-01
-9.129496642439230980e-01
-6.643347406934771993e-01
-5.137289344032514027e-01
7.925670750240580986e-01
8.561238584204901025e-01
7.071672088252546340e-01
-6.014510311574445822e-01
-2.115654510839232172e-02
-9.750139793603012084e-01
-6.763680945574401804e-01
6.422906519602932240e-01
-8.264101923720602594e-01
5.965965474032031146e-02
2.417160574959331676e-02
4.423922059269059237e-01
-4.506086832101268147e-01
5.742442463662674745e-01
6.093687210833214074e-01
2.332833090344248184e-01
5.871110885220658382e-01
5.777704612348364410e-01
8.942445739403694915e-01
8.240706304581266739e-01
4.329149540706411781e-02
2.681202644351423844e-02
-4.105291343645394164e-01
-8.350731428091137110e-01
2.759824131598681562e-01
-7.452650580743626074e-01
2.839844038190351139e-01
-3.458757593397898678e-01
6.338057954896850754e-01
-8.566068922832035248e-01
7.468884826338120231e-01
-1.191735893251929801e-01
5.139142032788338033e-02
5.580957887143924712e-01
-4.381935546793896963e-01
7.584036236414971599e-01
-3.059081959705676756e-01
-4.730173095981848874e-02
1.000000000000000000e+00
-3.434486629886916997e-01
4.216091458195598829e-01
-2.676386325519557463e-01
6.239707171815267461e-01
-3.166435200958566676e-01
3.958985232950359423e-01
-5.953817540123682583e-01
-2.205571211008304222e-01
4.269734869632896279e-01
6.848330956827264338e-02
2.078019496578478176e-01
3.585936405963099372e-01
4.908916971817323116e-01
-6.884940030648238896e-01
-2.415725412258381416e-02
-6.652879902891950525e-01
-3.139931829375159911e-01
-2.918137785248458571e-01
1.722807146552998714e-02
5.176385618618037920e-01
-7.327947229020810305e-01
-2.770772840882311794e-01
-3.444066097265197079e-02
7.619292350397435243e-01
-3.633980847329647546e-01
1.399725094893145005e-01
-9.421677706802873420e-01
2.232430671039678793e-01
-3.461253375935253729e-01
-7.609504514499532135e-01
2.947036494833124021e-01
7.651515607743530900e-01
-9.981392425021997639e-01
1.787828826383726089e-01
9.639879486721734114e-01
-3.244890551405534840e-01
-8.703112921881248631e-01
3.943169137500985855e-01
-2.686973839909729822e-01
7.386246742555874212e-01
3.491794209887322253e-02
5.539111216217800227e-01
-3.597562673857937487e-02
-7.961089057341153019e-01
-6.141287445147625146e-01
-1.958956132812529616e-01
5.356196219255383584e-01
-5.218080065921890665e-01
