1.000000000000000000e+00
7.669832390602593364e-03
5.571565181793514121e-02
-8.522359854124319511e-01
-9.893603868358726849e-01
6.950881450299799535e-01
-3.069942562225228544e-01
4.549927963161025657e-01
-1.324092525653052244e-01
-6.835047271801029112e-01
-6.200535776579036984e-01
-1.779911397800591488e-01
7.692281848038601266e-01
-8.815536720212064914e-01
-3.030790222318500149e-01
-2.530018682394027385e-01
-5.100993955338555264e-01
8.227797028262198165e-01
-9.099546595634337987e-01
-4.712461053801765276e-01
-1.547262365894590264e-02
-9.915556389217425881e-01
-1.000000000000000000e+00
-8.915453578072993768e-01
-5.750759995193746033e-01
-8.462607389222405185e-01
7.362815397312978405e-01
-2.817244727291320916e-01
-5.460008531487883787e-03
-6.295512204663089584e-01
9.543357888164913927e-01
3.583775115709870174e-01
8.632727306203876738e-01
-3.600933633769609066e-01
3.620015828640914535e-01
3.577016429291186572e-01
1.629741906293387665e-01
3.151405906302642279e-01
2.913946852396742671e-02
-5.252809725380473971e-01
-1.828398529954528007e-01
-1.128204316561336462e-01
-9.454261662788030485e-01
-1.220810127747389284e-01
-7.607632046156388439e-01
-3.059525533464371172e-01
2.663050464051634481e-01
-3.552277874911018429e-01
-6.359578851171368563e-02
1.507029565949692951e-01
3.786711078191658530e-01
2.314112010047339463e-01
2.998662979924382466e-01
-2.741953297426785174e-01
9.166752236611555027e-01
-9.423402352827192630e-02
7.576446570448183149e-01
3.256208696822713300e-01
2.380400652753394963e-01
4.697146924026194270e-01
6.308324735743667810e-01
-2.145680036288518944e-01
6.177103395449830281e-02
-7.113640716480266191e-01
2.166044051519184777e-01
-3.408203167070842921e-01
-4.877333968589844804e-02
-4.879766758829466866e-01
7.658139979738609604e-01
1.304767236527424323e-01
-6.740215124712146677e-01
-6.117213814190044507e-01
-2.709208778514594629e-01
4.012957297207238039e-01
-1.713528561449272070e-01
-6.340186180605678068e-01
-4.695140171981634913e-02
3.148151457836902839e-02
-7.282992637992735663e-01
4.186401974948867899e-01
3.752570522629603694e-02
-7.318150962691023498e-01
7.175391824734225210e-01
2.483580864867995786e-01
3.481242795200169549e-01
-8.381948682960822516e-01
9.621284893074673050e-01
2.748640140593262005e-01
3.220602750589057206e-01
6.944755195072953580e-01
4.836311968141411288e-01
-1.712409267349461750e-01
9.650761726430781007e-01
5.561263965660209752e-02
2.677303136539317674e-02
-7.855177035452562961e-01
2.333499713221935390e-01
-6.853102914733252282e-01
2.947159920141935174e-01
6.782265482280860347e-01
-1.787813085610597541e-01
6.944915748652358278e-03
1.649302368727534329e-01
6.605272997505196031e-01
2.699591896125302370e-01
-5.057596950042791972e-01
-8.834242369775548998e-01
6.877585141185196260e-01
3.572917785659062151e-01
-4.807842024262871106e-01
-9.129715506068772912e-01
2.869255640971750121e-01
5.211945543734304298e-01
6.093344888554284022e-01
3.748796694305327470e-01
-2.502136179218878986e-01
6.354092624890800289e-01
-7.269489850901400541e-01
-6.253880745726597690e-01
-5.423727187234668179e-01
5.777056214283445845e-01
-7.376397319743942527e-01
6.509951710014459936e-01
8.730036381681595126e-01
-9.231360143824017539e-02
6.069296876574580002e-02
5.489547431267464139e-01
-9.024301576201502195e-01
7.390132929469995782e-01
7.679860227572365972e-01
6.544745709177746118e-02
6.549150315947447343e-01
7.849465553685915920e-01
1.000000000000000000e+00
6.873272854368064344e-01
-8.715857350696043504e-01
-8.339055315234644716e-02
9.104769439635997941e-01
-7.023160597096649305e-01
4.863345342515943970e-01
-2.674093025075277019e-01
-2.786917039688881492e-01
4.363357511761563057e-01
-4.658365280696201149e-01
-8.523112107075403454e-01
8.479705988099697223e-01
5.702902778269234307e-01
-1.397992536516134976e-02
8.713175836510225203e-01
-7.896746086963357669e-02
7.278391654162328361e-01
-8.037103293779188085e-02
4.448513356022258947e-01
9.568924168797121599e-01
5.132826279253217550e-01
-5.766298782343449725e-01
3.640557373923521967e-01
-4.411339997042666994e-01
5.920849000776988447e-02
1.114454983211114886e-01
-8.215287304029759152e-01
-8.684415826400188054e-02
-8.928608316839191650e-01
-8.558100409322431101e-01
-4.959283999722958192e-01
-9.951746795434743831e-01
-1.791323876082939748e-03
8.108609238505078975e-01
6.726110602285443330e-01
1.513180696109862333e-01
5.608767475946019321e-01
-4.583095057674131390e-01
-4.985277701888798374e-01
4.831680680648067217e-01
6.827651147403456244e-01
-9.797437504223618365e-01
-1.490789260877420919e-01
-4.753676038319269992e-01
5.703679261289944513e-01
9.591884774417741566e-01
4.667562043163738794e-01
4.449002788127005559e-01
-5.591132631295263611e-01
4.607328544957366434e-01
-9.370767512112713193e-01
-9.442548037963810481e-02
5.903903353958721567e-01
-1.546011382599864759e-01
1.843700965421526672e-01
-7.579066167259884690e-01
-2.058990024842874966e-01
-6.715000474895624905e-01
4.677897766662788559e-01
-4.499133020215629331e-01
-4.017987992914140993e-01
-2.430532837622778608e-01
-2.299239284248792703e-01
-1.000000000000000000e+00
-2.863147911223253850e-01
-5.944077405232810474e-01
-8.201743103946027569e-01
-5.726604451771338811e-01
3.741665612878641856e-01
-3.373576553492687591e-01
-5.893068671556893623e-01
5.483222265609368762e-01
3.664438857394476667e-02
-6.995037732004439901e-01
-2.842996176824256205e-01
-6.063274359178285611e-01
9.809480181196017501e-01
6.864920775404554920e-01
5.804064796266048543e-01
2.262719659193068722e-02
-9.304918872887296688e-01
-8.871861034872592366e-01
-8.034174780251597259e-01
2.080506199365839137e-03
-3.593123421236834591e-01
5.472776757151991411e-01
7.591364402617320484e-02
-8.286632617276286084e-01
-5.006516657670796455e-01
-9.816273884297990193e-01
-5.973744904830735614e-02
-7.376673547409597909e-01
5.149800729672373567e-01
7.637358512497631480e-02
4.170813613385380147e-01
8.377660802418177566e-01
8.964992561507054702e-01
-6.327782009191631474e-01
-5.001403329702376332e-01
5.714787774361740347e-01
8.560956094457605747e-01
3.857291830114407127e-01
-9.701517997258459758e-01
1.727142403024058970e-01
3.851316937964521792e-01
4.099283742759975979e-01
-1.995914361610878762e-01
-1.712030842229512739e-01
-9.343691845038450960e-01
-7.565573821034559110e-01
1.566829864804406280e-01
-6.221656125684436045e-01
-2.099189481717733674e-01
-5.123841122101836509e-01
5.735336847859091591e-01
-5.558673309385866457e-01
8.866318796881169639e-01
-6.022448874249667350e-01
7.454793163061884664e-01
2.068560139475317250e-03
-2.110907188048642968e-01
1.537085947586117607e-01
2.558938037210173877e-01
5.282500877461693278e-01
5.132611918375568072e-01
3.219969218945257783e-01
-8.095310231446959381e-01
4.690047306886331313e-01
9.706201205098889950e-01
-3.713598170149023381e-01
3.038677516130625089e-01
