4.490451854917377750e-01
-9.208342048144940728e-01
-8.054336628011493637e-01
3.744208364842579462e-01
-3.961191000857871014e-01
8.467684268872677222e-01
-9.558954309844469588e-01
2.917879011901147734e-01
8.498611261162181130e-01
-4.886218028444493378e-01
8.348892803129336349e-01
2.011921797561114778e-01
-4.868265199995563952e-02
-3.206109576031987984e-01
-6.807574630159682894e-01
-8.241273689996505558e-01
8.019927922944031229e-01
-7.118735845403492135e-01
-6.220507352963382530e-01
-8.813891752548880243e-01
-1.870249106547480777e-01
-1.749575636413294166e-01
9.933218291973808789e-01
1.432531866266510967e-01
3.328717985689098879e-02
-8.662413161791456817e-01
1.045813706743552451e-01
9.091381998089798078e-01
1.000000000000000000e+00
6.194834978600776143e-01
9.830001360505313812e-01
8.757104947930390848e-01
6.930127485539511190e-01
-1.819402774689142799e-01
-3.134886466690813278e-01
3.126617617272086092e-01
-8.883099484317108496e-01
-3.581812826143526696e-01
-1.315681814117836135e-01
4.371350114945376508e-01
6.763345846720330012e-01
-2.008414235558553251e-01
1.439478075907618948e-01
2.359841398587061989e-01
7.977416426569143848e-01
3.273397040087487886e-01
6.677319397259398048e-01
3.355446831459416024e-01
1.000000000000000000e+00
7.192009463199284802e-01
8.401658677271466313e-01
-9.924814888035124461e-02
-1.463649013122849674e-01
-5.918634722895049771e-01
-5.882815515010498819e-01
3.228628911098319065e-04
-5.174162349574258357e-01
-3.894689526698756343e-01
-9.405061144534916373e-01
1.577046986165515086e-01
2.348693546020304557e-01
-1.000000000000000000e+00
-1.148939035603037673e-01
7.823129060395861423e-02
6.650631799359629781e-02
-2.103251931490186799e-01
1.000000000000000000e+00
1.207911967871010683e-01
-7.044996822672282277e-02
-9.346359766173921724e-01
-4.703345508313432344e-01
1.887441625911258081e-01
7.254811785686253733e-01
7.869956450942749981e-01
4.338125151321727824e-01
8.723701545831789028e-01
-5.157461443758546427e-01
2.833302449292045555e-01
8.141090782798622305e-01
6.761558477433364800e-01
4.028893776466413446e-02
-8.147417345270313582e-01
1.000000000000000000e+00
5.446311130107315268e-01
2.651471011424344493e-01
8.161367551537949128e-01
4.442020065341454882e-01
9.984092892846007095e-01
-4.390616899014968544e-01
-1.323767448382960066e-01
5.233627436505607911e-01
6.244040576857530223e-01
-5.581382456887231669e-01
-6.377106911231172903e-01
-1.277378022941800806e-01
9.175034321200243870e-01
-9.430272582331800102e-02
-8.892462070683138098e-01
4.655933886803798050e-01
-5.257232724505038757e-01
-8.949364565725637100e-01
-1.587223300369016155e-01
-1.519443399340439371e-01
5.068575163212315493e-01
-4.409525853512754612e-01
-7.765877311220708012e-01
3.422139817890461622e-01
5.696669533433492694e-01
8.405951896840042625e-01
-2.076032663334697048e-01
-3.970925507592697468e-01
-1.106028172475492788e-02
-6.977957339538598536e-01
-1.720888300658242054e-01
1.579895544165921262e-02
-7.496603300107330670e-01
4.087424381489860453e-02
1.000000000000000000e+00
7.280648842017176658e-01
-4.912387067045509426e-01
5.106481002279408266e-01
-3.080473939520140814e-01
-1.244600792307042347e-01
-6.714299734920377016e-01
6.240670714163507604e-01
-5.687962026117859837e-01
-6.403208020449623339e-01
3.103488173260970928e-02
-8.274491040881515325e-02
-1.000000000000000000e+00
-1.000000000000000000e+00
2.419106073185808004e-01
7.963192676578444429e-01
-6.693240933337561704e-02
4.145213301839446585e-01
2.730751026010755922e-01
1.000000000000000000e+00
3.316090390540781807e-01
-2.367533821074709333e-01
5.514250205923557635e-01
5.837321615108690409e-01
2.386940603119240556e-01
6.950095096325219490e-01
-8.361857457426731255e-01
6.969110314302182640e-01
6.653736348675824974e-01
-6.313964878023614613e-01
-2.405098815744051988e-01
7.172286338170450470e-01
3.903761349423227056e-01
-3.627629587842631231e-01
-8.504953973410158685e-01
-2.670246574371655246e-01
-9.857653742646799166e-01
6.949674079786960501e-01
-8.052452866219926841e-01
-8.383110834310227855e-01
4.256993424519647795e-01
-8.550617262509493388e-01
-8.794053718149419385e-01
-8.598611294545610573e-01
5.780150747823445956e-01
-2.324682378579545627e-02
2.226313197294053914e-01
-8.978889159224909822e-01
-8.552646254051019525e-01
-1.000000000000000000e+00
-4.762456490745165527e-01
1.000000000000000000e+00
8.314015487315830066e-01
6.485168891689377935e-01
7.769629716916054418e-01
-1.118699802645775065e-01
1.147850247798816170e-01
3.307711886776599219e-01
2.461966831598237926e-01
-7.470259221249249126e-01
4.578497723903850458e-01
-4.139156456249761806e-01
9.125884005000302057e-01
7.570700062865265423e-01
1.321358292581061855e-01
-3.654844356368192049e-01
-2.607610867548945111e-01
-5.608014024924878882e-01
-1.848008717303031290e-01
-3.429783633991597691e-01
6.322034645625074223e-01
5.723117219743840689e-01
4.735089970576393803e-01
9.401389784125403493e-01
1.000000000000000000e+00
-5.453409857987403520e-01
4.713080356476534449e-01
4.119899170483876105e-01
-1.996156828241851255e-01
3.606415985100696053e-01
-3.879092864952300435e-01
-5.897123146376841429e-01
-3.980857690553984973e-01
8.529103699613506118e-01
-3.056200282913257293e-02
-9.242765118499527421e-01
4.540208368684860996e-01
-7.523927668054641860e-02
-8.048865700479528318e-01
-9.591197764590402297e-01
9.596320214435947182e-01
2.809693146292295829e-01
6.642539768353947771e-01
1.000000000000000000e+00
-5.178861986747502755e-01
7.980668885870165763e-01
8.438275570385999069e-01
8.710357017375288669e-01
-4.501834059915312825e-01
-6.302253177761848457e-01
6.686399946665173566e-01
9.319977348795709382e-01
6.372402592401604782e-02
-5.953893855171845662e-01
1.659869371045690767e-01
-7.825337324069202571e-01
1.000000000000000000e+00
-7.558949886389891848e-01
-6.095504742017910926e-01
5.183035455763175259e-01
3.903499704740922560e-01
1.505272990932110533e-01
8.897752136813196211e-01
-7.402134082096640810e-01
9.893631493753421990e-01
-4.210130706138404122e-01
-1.689787113554164777e-01
-9.614028625168229425e-01
2.577319383147059773e-01
-8.123962297335354243e-01
-7.521711807678654882e-01
2.517882383753735631e-01
8.896494966947756655e-01
8.071091351448346218e-01
2.578952015174714729e-01
-3.999578038773929922e-01
5.886463165919807450e-01
4.835426977746482002e-02
-8.875961470212474502e-01
3.221642800671151718e-01
1.873421811780433544e-01
-6.836680432919625128e-01
8.464429974560502834e-02
5.036385539576831993e-02
2.166755673966107576e-01
3.443170516181176533e-03
-1.600589568181785272e-01
-3.563725113492837715e-01
3.445316192576472480e-02
8.350474433981301958e-01
-2.216919804862202970e-01
7.238973085125620655e-01
-6.132569127699379896e-01
-9.240433877727640688e-01
7.331137141722785522e-01
-1.097525393562853030e-01
1.527238622694664094e-01
8.273366897204170733e-02
