

gen best mean std
0 90.324826 9.957013 27.6395
1 91.990514 38.179162 34.18133
2 92.258736 61.763421 24.652842
3 92.258736 71.78703 22.070952
4 92.518596 75.811728 19.596703
5 92.518596 77.185633 19.037849
6 92.576119 78.349147 17.294453
7 92.576119 70.316835 22.859173
8 92.576119 76.187434 19.144361
9 92.694055 68.587816 37.287553
10 93.17505 79.772273 20.700213
11 93.17505 82.370494 15.866038
12 93.17505 68.999159 38.616592
13 93.17505 83.20312 15.467154
14 93.17505 84.645145 13.979921
15 93.17505 69.989551 38.950718
16 93.58272 84.642812 16.276354
17 93.58272 86.879214 10.646858
18 93.58272 70.006212 38.804309
19 93.58272 85.853962 14.353735
20 93.58272 85.997576 12.748014
21 93.58272 67.537584 40.942949
22 93.58272 86.2525 13.925061
23 93.58272 84.947542 14.09071
24 93.58272 71.893954 37.798042
25 93.58272 86.626388 13.460929
26 93.58272 86.070241 12.774572
27 93.58272 68.928639 39.838921
28 93.58272 85.51557 17.23058
29 93.58272 84.371886 14.612945

gen best mean std
29 93.58272 84.371886 14.612945

gen best mean std
29 93.58272 84.371886 14.612945

gen best mean std
29 93.58272 84.371886 14.612945

gen best mean std
29 93.58272 84.371886 14.612945

gen best mean std
29 93.58272 84.371886 14.612945