-6.248520979105782747e-01
7.746500251542782767e-01
-2.221954785630193552e-01
-9.991681645248520205e-01
-1.941265202885451568e-01
-2.799017842170672399e-01
-8.029252033066003325e-01
8.840674464597877424e-01
6.201273202868882173e-01
6.647996557774824566e-01
8.450091437887961021e-01
-3.690509702286648430e-01
7.746500251542782767e-01
5.177492308298201618e-01
-3.922654609528155589e-01
4.782209320674810638e-01
-5.134659886309234089e-02
2.755677859179010980e-01
-9.828249612183295181e-01
-6.325995420275658532e-01
9.741647698660746979e-01
7.642231362451372689e-01
9.721375963198337633e-01
-1.835880756241339284e-01
7.052291776712846794e-01
-7.639490486238198486e-01
6.825175760477939502e-01
-3.399819889698822983e-01
7.209170956500829952e-01
8.262337735477300882e-01
-3.922654609528155589e-01
2.266931709236486014e-01
2.699332548738826443e-01
-3.724583043712519359e-01
-7.348738729891266530e-01
-2.931924861173396124e-02
-7.014225968837524139e-01
7.760511312148712371e-01
-9.426218048596139987e-01
8.955265073484484084e-01
8.430953244195855678e-01
-7.716661645679112613e-01
-8.765951060561512076e-01
-9.508532618886451626e-01
-7.471145678337343110e-01
4.044052110061970851e-01
-7.283130527367183138e-01
6.020331056409709003e-01
4.467756444199539878e-01
-9.828669357401671469e-01
1.676677492016558357e-01
2.030858832205801878e-01
8.197121704421337363e-01
-6.644740327453479978e-01
-4.996310484950443609e-01
5.147139350611412700e-01
-7.319671209200575568e-01
-2.385067844073824883e-01
8.245636413961872080e-01
-9.342756768258921873e-01
9.745852535679979667e-01
-8.136548739032862798e-01
2.371295679332008355e-01
1.863904343579396716e-01
-6.944216794193809328e-01
-1.330402511826537237e-01
-3.660884171773226559e-01
4.141701645941897603e-01
-6.189263218940816991e-01
-1.516196770458266840e-02
7.746067562506104842e-01
-6.352196913695726810e-01
3.061792479703580039e-01
-1.283219661794796629e-01
2.712412919583451210e-01
-4.843045032824055962e-01
2.566909237592460702e-01
-4.157533373368820229e-01
4.917251231009254209e-01
8.955265073484484084e-01
3.181659051226297663e-01
-6.691176072154934040e-01
4.813022752686511030e-01
9.051160464589453891e-01
-7.066565720909119275e-01
4.404520973423680097e-01
-5.597021645652329180e-01
4.311616823706632129e-01
6.725416269617776610e-01
-5.764944772273281615e-01
-4.431435478366871905e-01
-1.152254531103440588e-01
1.408401715882749983e+00
9.748744061743963574e-01
-3.690509702286648430e-01
-1.705433129954303517e-02
5.180201396055785779e-01
4.761153009117709001e-01
-2.020041780146291099e-01
5.570804575842847051e-01
9.153556211181110847e-01
4.062976734301204651e-01
9.650809167283442846e-01
2.474494298018317107e-01
1.139717826467134820e-02
3.317298708576368327e-01
3.257265998958194242e-01
-9.555947397430331058e-01
-1.736224018744290110e-01
-6.739091031563269052e-01
5.177492308298201618e-01
3.112722097775308949e-01
9.674488553348361553e-01
2.611164798799519016e-01
5.061929014953214789e-01
-1.018665011991747527e+00
-6.078723367417238066e-02
5.556446668061429950e-01
9.460225679839642243e-01
8.775876527379884440e-01
4.909397088204592308e-01
-1.418690818808565623e-02
-9.447437133427711853e-01
2.996471177290200849e-01
5.135555349492744170e-01
7.526378748038720090e-01
4.782209320674810638e-01
7.447997836226871726e-01
8.239573516796006025e-01
5.283011543328832715e-01
1.126731405180712020e-01
4.131357134555144750e-01
2.040612910548618153e-01
9.329563186797982244e-01
-7.979103429561573702e-01
9.741647698660746979e-01
4.225403202928810220e-01
5.235065628363828605e-01
-7.895257509543363028e-02
-3.399819889698822983e-01
5.848209097545919999e-01
-1.459615254908461779e-01
4.352499856806968381e-01
-9.015774122357237408e-01
5.145692968039832227e-01
9.650809167283442846e-01
3.360417426640793792e-01
9.460225679839642243e-01
4.137204746031115654e-01
-9.588975304358877683e-01
2.712412919583451210e-01
-6.253605141561084935e-01
4.119114173455340477e-04
-2.369048008562524288e-01
9.773538856144825537e-01
5.801323138761702580e-01
8.489607421252645114e-01
-7.357467527922048056e-01
4.187583865574486808e-01
-2.902083572388034494e-01
-2.106020543833149183e-01
5.243847452491161576e-01
1.805614626872205086e-01
-4.262242108113123429e-02
-6.944216794193809328e-01
-3.653525278831302181e-01
-6.189263218940816991e-01
-6.392549252149495320e-01
3.061792479703580039e-01
3.520571539171926112e-01
2.566909237592460702e-01
-3.362395229087256077e-02
3.181659051226297663e-01
3.457059573166199051e-02
-7.066565720909119275e-01
-4.270797919873337012e-01
6.725416269617776610e-01
-6.485989041902109342e-01
3.584081295390801891e-01
-2.275784596426284612e-01
-6.891297561708333852e-01
-3.772732179102122885e-02
8.278953689866930254e-01
2.978414765308452505e-01
6.847715898039907767e-01
-9.582242521395065715e-01
3.626986638698070919e-02
9.474767962818770872e-01
-8.612420765120065713e-01
-4.626000990883207820e-01
6.120508859111750688e-02
-7.616665542916511988e-02
2.137582493977247533e-01
-3.641783102602340616e-01
-3.400713040421849964e-01
-6.423609123366094131e-01
9.109118711511285937e-01
-7.513989725697305389e-01
2.040612910548618153e-01
5.952809436086992090e-01
4.225403202928810220e-01
4.381342011562154859e-01
5.848209097545919999e-01
-2.231335702145914368e+00
5.145692968039832227e-01
-9.176147239031555713e-01
4.152080308105003947e-01
-4.200709760441085905e-01
2.388151599502852385e-01
6.908974484554997186e-01
4.880469398534158509e-01
-9.828249612183295181e-01
-3.352790435616350706e-01
8.102777627644139891e-01
5.292043610604064696e-01
4.449359870586893084e-01
-7.368151345263700414e-01
-4.697684917721358655e-01
-3.551708174914947058e-02
9.941010119673936440e-01
-2.081320715282299894e-01
5.044520515577948228e-01
1.567427603031485983e-01
9.193166946286530639e-01
7.768277506158054457e-01
-3.804457076590019859e-01
7.377884753792729455e-01
1.921022370334751317e+00
1.762491784566178055e-01
6.115324750149295774e-01
-9.319975058350427055e-01
-7.680939422992878463e-01
2.154204595801343380e-01
-5.825988639180676998e-01
2.374288587021002872e-01
8.428095828413653123e-01
3.504451561658568082e-01
-7.445592181947773280e-01
9.173268106286476264e-01
-3.791490763555733778e-01
-2.337674175155375345e-01
8.028179893528470945e-01
9.164261135328339858e-01
-8.495692674664210298e-01
-3.804457076590019859e-01
2.308151711682593366e-02
6.115324750149295774e-01
-3.103894655830075067e-01
-5.825988639180676998e-01
7.166482263720743706e-01
-7.445592181947773280e-01
-8.306185986095397933e-01
8.028179893528470945e-01
-1.722423861154624980e-01
2.503486253692586150e-01
2.503486253692586150e-01
-6.894505629064351382e-02
-6.894505629064351382e-02
2.934372694558995409e-01
2.934372694558995409e-01
-4.869428021178208166e-01
-4.869428021178208166e-01
8.755402839622592470e-01
-4.976548252224426427e-01
-2.121459805615588667e-01
