-1.796011498675126883e-01
7.230104187578248465e-02
-8.416058275297821911e-01
4.424151494440908827e-01
-1.000000000000000000e+00
9.940624079709324823e-01
8.516306490560916487e-01
-1.000000000000000000e+00
4.146732737294502313e-01
-1.000000000000000000e+00
-9.655002743755887185e-01
-4.346816439108237562e-01
-6.203228361559785797e-02
-6.902040125156256867e-01
-7.257704381716560960e-01
-8.498006658334096297e-01
-7.441972179027229739e-01
6.754481315758064097e-01
-1.429963828349256616e-03
-8.366862068690549270e-01
-2.998799483750069772e-01
-6.068840694863487650e-01
-6.280596365856871977e-01
1.000000000000000000e+00
-1.000000000000000000e+00
-3.615357274274754174e-01
-3.130927943545035452e-01
-1.920738831070354369e-01
-3.815320807858289531e-01
-1.000000000000000000e+00
8.124379820056520929e-01
-3.747600247307452115e-01
5.878411838673338607e-01
-2.129246478798245690e-01
8.951656760935575718e-01
-9.563178795362093920e-01
8.709032041002939817e-01
-8.313440507229944432e-01
2.447757121809272518e-01
-5.263350167793462431e-01
1.728181633438424791e-01
6.409632476878951435e-01
6.378454363833204743e-01
-4.491780720635057955e-01
-9.089880204121950635e-01
3.967581711716796633e-01
-6.614877421297415960e-02
7.423639775914238070e-01
-7.937176676722659807e-02
-2.553140555900940134e-02
7.295919602739550092e-01
3.218594462115176302e-01
9.617797346009732129e-01
-8.232436898822168558e-01
-8.069492416451301553e-01
2.992716814044182883e-01
-5.123828560525975906e-01
5.884109531152005579e-02
4.141347398029516791e-01
-7.007163484359357764e-01
-6.666540068982617084e-01
-3.052577413593837719e-01
-7.577395155683527284e-01
8.477602548116370818e-01
-1.144804857921107033e-01
1.000000000000000000e+00
7.183323697064449842e-01
2.889652041245857617e-01
-1.000000000000000000e+00
-6.200369790849828977e-01
4.000531730935797947e-01
3.179811742616112102e-01
9.579727456954250098e-01
6.534908736196159973e-01
-1.000000000000000000e+00
-4.353764110383488428e-01
1.757908722260267398e-01
-6.105086571997371259e-01
7.376627475248248578e-01
8.643280320226791602e-01
-9.490766051392036662e-01
9.038311829816673137e-01
4.927367515476548387e-01
5.030055515271435462e-01
3.861494134714518744e-01
5.061188005223474784e-01
6.607756493245854346e-01
-8.373937106488724691e-01
-2.994031427563240699e-01
-1.779840230629134434e-01
1.326217557973513872e-01
-1.355577121161301579e-01
5.193604826983605482e-01
6.643405131749743897e-02
9.634442592306277087e-01
5.257809218974701659e-01
3.662435161355777069e-01
2.907556761061728112e-01
-3.235840504253613414e-02
-2.451945787971847590e-01
-7.624765178322172599e-01
-8.125553415578768979e-01
-2.680969041981896006e-01
2.411469639272397492e-01
4.911958358905901822e-01
6.431345827204145715e-01
1.000000000000000000e+00
4.907653540239353962e-01
-6.371463891522738399e-03
7.785348613403788587e-01
4.826611768114175138e-02
3.774315786597624567e-01
-1.000000000000000000e+00
9.577684541207152069e-01
-9.635392792992057975e-01
1.000000000000000000e+00
-2.680029879391148118e-01
5.265271597530883918e-01
2.017785119914553282e-01
-2.240202352052929891e-01
-8.241233844040785073e-02
-1.325284817086881950e-01
6.698776620017081740e-01
-4.956816625819601141e-01
6.990421618133980941e-02
-3.096382306457385325e-01
-5.828263917931395532e-01
9.082055761981614461e-01
-2.081629238144517835e-01
5.006932593636508333e-01
1.217666419413614698e-01
1.000000000000000000e+00
2.653401890466299262e-01
5.905421570384010721e-01
-5.851487205630133692e-01
-3.939517877063054563e-01
4.064131412330593829e-01
-9.220872419014598531e-01
6.389717555518509284e-01
-7.650318718682714847e-01
-2.873311611053366299e-01
7.508722293225039701e-01
-2.069882531169808804e-01
6.253088242447750744e-01
-2.020770556146620489e-01
1.000000000000000000e+00
-6.771228196828991963e-02
-5.031587591846029550e-01
3.758777180524665584e-01
2.569158590402024211e-01
-1.000000000000000000e+00
6.024064679351806006e-01
-2.861773053810234280e-01
1.000000000000000000e+00
5.184878589278415495e-01
-5.439643478968363421e-01
2.070690957951723254e-01
-9.212912714524618130e-01
5.202818155833738301e-01
1.308691917932233439e-01
2.516410706284613052e-01
-4.953923485521362080e-01
9.195638596781077201e-01
1.000000000000000000e+00
1.955054161097579679e-01
-8.577724115434211261e-02
-4.853497953500552908e-01
-4.010953536562471000e-01
-1.382147418919926207e-01
-2.051110470665339081e-01
-1.000000000000000000e+00
1.000000000000000000e+00
3.447597042561514891e-01
6.794441634101833216e-01
1.000000000000000000e+00
-5.393362643448501581e-02
-1.000000000000000000e+00
-3.612575422377376499e-01
-2.598619648015714767e-01
4.435336202974789477e-01
5.773869046520676562e-01
5.851488290865408670e-01
4.063219995885515856e-01
4.993608455236173138e-01
-7.066275667393859261e-02
1.000000000000000000e+00
1.943024831096178962e-01
1.000000000000000000e+00
8.663649065796809323e-02
-1.000000000000000000e+00
-4.318463582640523768e-01
-7.141618158009021000e-01
-3.379488683065677845e-01
3.704838849946862633e-01
-5.092848188404001109e-01
-3.747101369552022776e-01
-3.795948449782471368e-01
-6.433363081457723620e-01
8.036686905371998035e-01
-1.000000000000000000e+00
6.949369223843998578e-01
-1.105700979299706066e-01
8.476388874755295122e-01
1.291238543832581853e-01
3.189429880385097338e-01
6.135141246440658502e-01
-2.729869174719811165e-01
-1.000000000000000000e+00
-8.421653603398226995e-02
-8.501332033832327273e-01
-8.961916109541040454e-01
-6.408204814525916282e-01
2.296280787853757777e-01
8.733129402161495802e-01
-4.693244340436014128e-01
6.987906267425173512e-01
4.557592421637971514e-01
-3.262974693880127952e-01
5.236793995473257857e-01
1.000000000000000000e+00
-3.554862281978692917e-01
8.793145529941444327e-02
3.337516552802183289e-01
-4.771517498412684022e-01
-6.780941082771086981e-01
6.321236680515671114e-02
4.954299713240529757e-01
8.485571163336786960e-01
5.600236037446525428e-01
3.240258435983979779e-01
-9.965216407147888811e-01
-8.871070343746315645e-01
1.000000000000000000e+00
2.621952320977923856e-01
3.168719760076593728e-02
6.079707033431858143e-01
8.436991657634309583e-01
-1.000000000000000000e+00
6.994596720893654362e-01
7.171946133241051680e-01
4.957672067048258802e-01
-1.000000000000000000e+00
-1.786256685587063742e-01
5.644988980997872607e-01
-5.774676056287357806e-01
4.648466458314605143e-01
4.779664826083168672e-01
-9.232472959643669430e-01
-6.917308624884950241e-01
8.833941108704274070e-01
-7.228368323068109502e-01
-7.385919219266392499e-01
4.773726203926209055e-01
4.086612304875041901e-01
4.657457957229985679e-01
4.591274936132474505e-01
1.531485597575406865e-01
-7.037452593481725582e-01
2.325625189929124981e-01
2.435949433360248273e-01
-4.574504138682364829e-01
-1.583818805940140906e-01
9.353363051771974579e-01
5.257943650784088763e-02
-2.521411350711928456e-01
