8.719913457946537605e-03
-3.942142070618649963e-01
1.832038639897020926e-01
-6.309590948450272130e-01
-8.033296703335586209e-01
-6.579637532379217779e-02
1.052607673102193275e-02
8.036890399586069655e-01
6.050158918746049164e-01
9.368358180074840558e-01
-5.118442512600800409e-01
8.674808646409055690e-01
4.625447242782675383e-01
3.571848862267979485e-01
-3.109539692474411199e-01
1.029994306231969692e-01
6.282842304143483325e-01
7.358344460661737640e-01
-8.088812416310924291e-01
2.241713655235595404e-01
-6.460420982815582303e-01
3.788994757955949089e-01
9.172589270570612463e-01
-2.719105716354985880e-01
-7.904894990059809778e-01
-7.673472133307033261e-01
1.000000000000000000e+00
-8.072061615807689661e-01
-6.972368454887540867e-01
5.572751346250137683e-01
3.081383815254329361e-01
-4.273221886319739093e-01
-7.476146623197276186e-01
4.728731299906734353e-01
-1.156140097602950112e-01
-4.288877355092826082e-01
3.933376833926991445e-01
-6.258689631558134181e-01
9.198167367204027611e-01
-8.937325077247337823e-02
8.118154559161607775e-01
-2.085511838654539041e-01
-1.154539181324435171e-01
8.771448570776869680e-01
7.593498761939743158e-01
-6.982005543897381594e-01
-4.323298920195793871e-01
-6.326741811025957674e-01
-6.417898521834008996e-01
5.487465886314227825e-01
-2.866941807289737909e-01
-6.417562724534105201e-02
1.024668404835975544e-01
-5.439578877342944319e-01
8.050628622040038040e-01
5.404069668202752252e-01
-1.922317124313785985e-01
6.478906975690021941e-01
-7.543649933064970892e-01
4.052614738628050328e-01
3.268636853966649936e-01
2.337417166848515249e-01
1.079177831004513172e-01
-5.840893273861542945e-02
-1.530398792713918710e-01
5.208659505117591015e-01
-1.041203601350228769e-01
5.202024299572538535e-01
-2.115184231745894095e-01
6.972661983793145002e-02
-2.299274668956317047e-01
-9.648508757595412044e-01
-3.580127060089635105e-01
-1.391557846873070492e-02
4.614752774068358043e-01
-4.798570763584368293e-01
2.102095971788960627e-01
5.826006482804242381e-01
-1.216700827909253935e-01
2.958088819645388057e-01
-4.065328859361344582e-02
7.884330695841701431e-01
-4.632311653822904773e-01
-5.918885223330146994e-01
5.469918352430211961e-01
-1.643980071115265784e-01
-8.017857277193287668e-01
6.652575111473186809e-01
-5.445725487815884502e-01
-9.604973861703174354e-01
4.766433931087806775e-01
-7.330243012874841924e-01
3.350978398714259399e-01
7.113635310593835470e-01
-2.569400182099057517e-03
5.221914033766243968e-01
8.199634226827690053e-01
6.404114733831578476e-01
2.357067442875875329e-01
4.675259751111133788e-01
-5.735480550938053534e-01
9.039831411669438932e-01
5.688636415374600519e-01
-7.582995603311821764e-01
-8.784377924591695308e-01
9.850861800844603611e-01
-8.263451087932832673e-01
-7.450232895465697114e-01
9.110262263992077170e-01
6.303100034524466988e-01
-5.119737020592587395e-01
5.783867175013709394e-01
3.222792352907060121e-01
-2.952446249096418729e-01
-1.000000000000000000e+00
-7.048249009233726881e-01
8.557374160335838864e-01
8.949401097878568745e-01
-2.937065050314887626e-01
7.424938922591414747e-02
7.605179299095456980e-01
-2.828318531017082194e-01
-5.419206035187846826e-01
-1.390327569129359564e-01
-3.826346689476690655e-01
2.756859497867842901e-01
-4.746702035087557725e-02
8.892834495598145317e-01
1.000000000000000000e+00
-2.619445951338297274e-01
-1.035334996792351414e-01
-8.643310594112766365e-01
-9.432043193243789814e-01
9.527297012421991340e-01
1.692996159853836780e-01
-6.313101828902385471e-01
-6.721127063201234320e-01
6.941191490743017778e-02
3.641733054710744044e-03
3.410918306375960718e-01
1.290850563021007369e-01
-4.425755431734905709e-01
-2.412676909982430784e-02
-6.150222982993451826e-01
1.373021865446386325e-01
1.218630935083124534e-01
6.676532549624509816e-01
-5.163253937915583958e-01
2.011360634538333081e-01
-3.793570147945303228e-01
-4.235407726548002794e-01
1.000000000000000000e+00
4.508638310061957033e-01
-7.677045581933055196e-01
-1.321788818250189401e-01
-4.510442586912650209e-01
7.366841431398982731e-01
-2.137507631932298313e-01
9.663166434050669551e-01
8.065780494644174681e-01
-7.285561298935880892e-01
8.011122087054418639e-01
2.088694738299079479e-01
9.180234155797241113e-01
-6.514988514797555030e-01
-9.555149365387819449e-01
-5.688497628803160233e-02
-5.022911659734398127e-01
3.730189315590076715e-01
-2.729666423149123555e-01
6.879374791036790837e-01
-3.594715664677902156e-01
-9.105520876130410723e-01
-1.557440727343756270e-02
-3.803893734174261243e-01
-1.816983511267299956e-01
1.000000000000000000e+00
-5.507033130194786130e-01
4.102483181654765221e-01
3.952527149652610428e-01
8.536057190435293318e-01
4.290036367733220390e-01
-2.392102513868784308e-01
1.092397117698657993e-01
4.517919261123259922e-02
-4.669473696808847940e-01
-2.836069075216672841e-01
-3.197184412858142255e-01
2.678472159604289304e-01
-6.110908469711280322e-01
3.424020397219569301e-01
1.593941797624491841e-01
2.974881057455089906e-01
4.732700617571940493e-01
8.000517269303781820e-01
-2.572100696070446224e-01
1.730701368499618642e-01
-8.534759080561253874e-01
4.537120119173508881e-01
-8.904079611556786622e-04
4.646050633645045780e-01
-8.078783298800791268e-01
2.906047000164102001e-01
-8.088237262566915220e-01
-1.355659437525027211e-01
8.555531875154051002e-01
8.414816671349933941e-01
9.857967517951977676e-01
-7.484685960381285419e-01
-9.918700438800958086e-01
-6.384595940504497191e-01
-4.881451768274298053e-01
4.041894109757043774e-01
-2.113753572098223676e-01
-7.481240198447465239e-01
-5.964671484251355960e-01
5.018653067837774984e-02
9.330710949211526994e-01
3.498163722506335005e-01
-3.280000346851221771e-01
-8.545295677033607484e-01
-1.388268193306712583e-01
-5.840199496740376972e-01
-6.736024240559612686e-01
-9.772558892800840002e-01
2.210643612870452634e-01
-7.256750381805900929e-01
7.126500259505217372e-01
2.382608837252558898e-01
-8.469946868399835793e-01
-6.079494138720705765e-01
-2.703890585264710489e-01
-6.588825397888252444e-02
5.270364346035694147e-01
-1.422548498971027142e-01
1.000000000000000000e+00
-4.731646384848780529e-01
-2.767354383004639318e-01
-6.491704660302729524e-01
5.644945392254766547e-01
6.711119873314035367e-01
-5.531424328006789848e-01
-9.583404679668029447e-01
7.444886413097098754e-02
-3.666831756117139851e-01
4.224895122009386661e-01
-9.122450087335605140e-01
2.965908856679232986e-01
3.414014698383298629e-01
8.023044763450219996e-01
-2.871600645561718235e-01
-3.983065580799212135e-01
7.666977423113807699e-01
-1.000000000000000000e+00
-9.642300108981090023e-01
-8.654155694312440916e-01
2.879087495197755753e-01
-9.754551197768032145e-01
7.712908918323807539e-01
-1.662009122666799898e-01
-6.276829335132472210e-02
-7.784095680765443781e-01
-9.405777803380930280e-01
7.592789215688650062e-01
5.298070228220316258e-01
