

gen best mean std
0 91.678422 3.432536 21.173144
1 93.936575 16.878755 32.183098
2 93.936575 41.558113 40.462307
3 94.390101 72.010521 36.054323
4 94.390101 82.555915 23.661153
5 94.390101 87.725055 12.26853
6 94.390101 74.453075 36.868286
7 94.390101 86.776166 18.517089
8 94.390101 86.799224 17.335342
9 94.390101 70.885134 38.801822
10 94.390101 88.002343 16.231853
11 94.390101 85.015078 19.14325
12 94.390101 72.358365 38.317181
13 94.40385 86.704891 19.877617
14 94.40385 89.944184 10.967701
15 94.40385 90.943269 6.163875
16 94.40385 88.474219 13.519332
17 94.40385 72.333545 38.367365
18 94.40385 87.576986 17.405566
19 94.40385 91.495289 3.711046
20 94.40385 73.484873 37.410356
21 94.40385 88.750592 17.033197
22 94.40385 91.165578 5.826053
23 94.40385 73.981077 36.817475
24 94.40385 88.072117 14.726347
25 94.40385 90.633263 6.098918
26 94.40385 73.54371 37.092739
27 94.40385 89.530755 11.999623
28 94.40385 91.3866 5.332655
29 94.40385 70.909693 39.980454

gen best mean std
29 94.40385 70.909693 39.980454

gen best mean std
29 94.40385 70.909693 39.980454

gen best mean std
29 94.40385 70.909693 39.980454

gen best mean std
29 94.40385 70.909693 39.980454

gen best mean std
29 94.40385 70.909693 39.980454