-6.680891959242889477e-01
7.368159396532788508e-01
7.799587863674828370e-02
-6.641571734435489649e-01
-6.730385490524115610e-02
-9.428115767224247712e-01
-4.791762935650216715e-01
-8.062587801614042871e-01
-8.946244491482773231e-01
7.618268990461065648e-01
1.609747833290157137e-01
-4.882209830350764390e-01
7.095469642552271194e-02
-4.001337507274755900e-01
7.404971051590232278e-01
1.236447146566574812e-01
-1.000000000000000000e+00
-6.039429954972340697e-01
1.467435591363082104e-01
9.767870371613243674e-02
-8.557770614485438188e-02
6.149114008748266524e-01
-4.917928455908308072e-01
-9.198630203653774817e-01
1.406118252906485289e-01
1.682823039352679129e-01
-1.096687871406643033e-02
-7.844667754965488626e-01
4.127775997138700692e-01
-1.100431600259790255e-01
-8.034924315307487852e-01
-6.120758502020273717e-01
3.736081334213419702e-01
9.241184170143146304e-01
1.515154478595260035e-01
-1.969182432353734913e-01
8.030588028464782369e-01
2.196834583378968198e-01
1.279382849053112281e-02
4.602323763749928132e-01
8.093230115761076426e-01
7.803422048716754933e-01
-8.309624241715072301e-01
-5.319104497780845486e-01
-8.296427376825628031e-01
4.620771688849575898e-01
8.643143821372776259e-01
-1.114689981775871530e-01
1.774819861869929016e-01
1.543702604384633581e-02
-7.816748570305454002e-01
8.803713860278257197e-01
-5.527113905712044417e-01
-7.847558442104995979e-01
-5.943826725003373834e-01
7.173338800317192732e-01
1.495102977390259102e-01
9.256223427066863074e-01
-3.625772294765652326e-01
5.536842790556839589e-01
9.791112183481214259e-01
-8.512921204646766160e-01
-8.598744114995371390e-01
-5.418207234520264759e-01
-5.015049970153465653e-01
-7.870483445435726422e-01
-1.219904712892347920e-01
7.762645281831630495e-01
6.636934558185318966e-01
-3.144569605944027568e-01
9.306699219130536438e-01
-5.158918180177592960e-01
4.831310804848660823e-01
1.003383218367281948e-02
-6.653760494119727031e-01
3.855888267536295988e-01
8.686962799550770331e-01
-7.438877516363697762e-01
-5.282571854522226662e-01
1.181858926495098494e-01
-5.581000124861341671e-01
9.976579889950709656e-03
-6.767836819988588548e-01
8.743970812501737910e-01
-7.832396064567612726e-01
5.974432391851426383e-01
3.999620319019213111e-01
8.704176727632138011e-01
-7.540795174947794166e-01
5.987575431344491772e-01
-9.260104695713660128e-01
-2.913196204665373656e-01
4.476420932909930261e-01
-9.863461417114751661e-01
-4.482382166602336682e-01
-4.713585104143530602e-02
-3.399473498805185567e-01
8.502427340116907040e-01
5.307796629953909218e-02
-6.104298636144263046e-01
6.937620743395734868e-01
-1.390651943644389821e-01
7.830743411070437698e-01
6.319313540155935272e-02
9.174895539503280517e-01
2.310862478605482107e-01
3.489944382350708696e-01
4.894119565367338609e-03
2.582335571194276369e-01
-6.573102846671396993e-01
6.926529300084895979e-01
3.078144286386541584e-01
1.787905153373795242e-01
4.162916972837504836e-01
6.517574199690807646e-01
-6.908980394411435855e-01
-7.017128464626576356e-01
-4.136962914833954841e-01
-7.643438728928342307e-02
2.820439626486201390e-01
7.134958641990543082e-01
7.153718124174583970e-01
-3.992025117493506747e-01
6.901414073999820875e-01
1.000000000000000000e+00
3.387073856143121287e-01
-7.647829324460861944e-01
-5.991552919260119126e-01
-4.233610712142099608e-01
-7.460130233540227529e-01
-4.394484382161032432e-01
7.302209072613417007e-01
6.899561222865997490e-01
-4.337314917116513735e-01
8.391332781869342838e-01
9.286882272967735830e-01
2.599696539106455262e-02
-7.755146792832983138e-01
7.927596166729520277e-01
-3.494914029412479195e-01
5.959343929284890429e-01
-7.695395959485769044e-01
9.161441185305408963e-01
1.000000000000000000e+00
8.836762503025963333e-01
1.666961432865398662e-01
-7.576740496842755412e-01
-6.236914475695871651e-01
5.615717697861895008e-01
3.743078189699747260e-01
4.474613880305022828e-01
1.000000000000000000e+00
3.690162543781627669e-01
6.593395172810915250e-01
-1.000000000000000000e+00
-3.813912081360302242e-01
-2.590688126472295849e-01
-5.002843399688796655e-01
-5.300314722843348925e-01
-7.150458965748869300e-01
-7.723456288509871204e-01
-4.547407812127794435e-01
-4.083547282771502474e-01
-8.716633434281202408e-01
-3.420676761495060614e-01
1.366150518318930418e-01
7.860196732533144548e-01
6.814698212101617525e-01
1.867682353473569812e-01
-9.632758925173281472e-01
3.235438487749284775e-01
7.416603124091458721e-01
8.552759247869388126e-01
-4.048650511246495998e-01
4.650244568386340260e-01
6.186950757564984027e-01
6.298531375387517173e-02
-4.489881424592288006e-01
-1.000000000000000000e+00
-7.658963072052209498e-01
1.192579832449650046e-02
4.899923692042293943e-01
-6.838370238453134187e-01
-5.033725516665505939e-01
7.613531868228229360e-01
-8.084257797793110711e-01
8.353755311472810252e-01
5.812038605547358294e-01
7.610797121901078377e-01
8.739852378627540608e-01
-3.412490804577816839e-02
1.856004578165293406e-01
9.786636349584105776e-01
4.497863969041104859e-02
-8.669330614054844286e-01
6.926815808310672340e-01
-6.473104871638146740e-01
-1.000000000000000000e+00
-7.062539249941144348e-01
1.000000000000000000e+00
-3.901291088348632918e-01
6.319827970675651052e-02
-1.770422858045595516e-01
-3.121458284127909266e-03
-4.290640165313170939e-01
1.412131510132297318e-01
2.963289994095223423e-01
1.652635216745519386e-01
-9.444507124816277077e-01
-3.606008874508325190e-01
6.677893299299960672e-01
8.423322300125892781e-01
8.800668749965194770e-01
7.488192635772690231e-01
8.662967103848775441e-01
-2.485656122332815521e-01
5.649232731046456291e-01
-6.936404760146867021e-01
-4.704121138230299981e-01
9.557422124430154931e-01
1.163992141510203915e-01
5.754686515808173919e-01
-6.607783911659879106e-01
-7.875324286225993120e-02
1.281029389702750265e-01
8.288732561879752492e-01
-1.117271825462839985e-01
-1.000000000000000000e+00
-1.785868623481461359e-01
7.648422940104475654e-01
-6.273948934884532314e-02
-9.832858010878784416e-01
4.080148401566230376e-02
4.320431443213477163e-01
-9.076011453440835375e-01
-7.335319423280657336e-01
-2.613232113901451381e-01
5.936860572070146169e-01
-7.439468528837411831e-01
7.140146077645539990e-02
-7.818407607657013036e-01
-1.328949575702729202e-01
2.385297235148589046e-01
9.495728147141632158e-01
8.190799765643113073e-01
-8.091245547922052417e-01
9.556462702157602074e-01
-6.715020737010890528e-02
6.777086585092240156e-03
2.108135924047293552e-01
5.858763899109837858e-01
-2.600734691687209832e-01
5.556240157867174956e-01
6.414464464798199650e-01
2.958661294032824407e-01
-7.178894697775186629e-01
6.216418631629105906e-01
-4.771331605610866777e-01
1.939395033652862033e-01
-5.781796542631029157e-01
9.115309227890194821e-03
8.535194581553213755e-01
4.413181323584656202e-01
1.640018877733533387e-01
-6.531235247253555087e-01
