-1.000000000000000000e+00
1.000000000000000000e+00
-1.000000000000000000e+00
9.645600630706843148e-01
-2.442346426972435980e-01
1.244731004394071805e-01
2.543976461671069167e-01
1.000000000000000000e+00
4.571727482227349038e-01
1.000000000000000000e+00
1.000000000000000000e+00
-9.521103815674684112e-01
-1.000000000000000000e+00
-9.453478441464558957e-01
-1.000000000000000000e+00
-6.884922850818903095e-03
6.884982980514342543e-02
-4.447900551987912232e-01
-1.000000000000000000e+00
2.161130541161060403e-01
2.274151206051336915e-01
1.000000000000000000e+00
-2.803461838404941453e-02
1.000000000000000000e+00
2.632123550564125503e-01
8.563051689897113183e-01
-1.000000000000000000e+00
-1.000000000000000000e+00
-1.000000000000000000e+00
-1.000000000000000000e+00
1.000000000000000000e+00
1.000000000000000000e+00
-1.000000000000000000e+00
-1.000000000000000000e+00
-1.000000000000000000e+00
-7.852180474044339054e-01
-4.591063739322578385e-01
2.481837106325315290e-01
-7.113954151157719785e-02
-1.000000000000000000e+00
5.903997897389796634e-01
7.342788573721992229e-01
-3.667382747948244037e-01
1.000000000000000000e+00
1.000000000000000000e+00
-1.000000000000000000e+00
-1.000000000000000000e+00
3.989468881944141510e-02
-7.284724604261511027e-01
3.532274494594412895e-01
-4.759621440963824890e-01
-1.000000000000000000e+00
-1.000000000000000000e+00
-1.000000000000000000e+00
-1.000000000000000000e+00
-1.000000000000000000e+00
1.000000000000000000e+00
-1.000000000000000000e+00
-1.000000000000000000e+00
4.705352233502724246e-02
-1.000000000000000000e+00
-3.119075638707220488e-01
-2.317601452873224721e-01
1.000000000000000000e+00
1.000000000000000000e+00
3.185875648479938871e-01
-7.653164267346550531e-01
1.000000000000000000e+00
-1.947383561051639900e-01
-1.000000000000000000e+00
-9.969074037551053369e-01
-6.529076277838606890e-01
1.000000000000000000e+00
-1.000000000000000000e+00
3.966800261148601403e-01
4.682000021244678845e-01
-1.000000000000000000e+00
1.000000000000000000e+00
5.808633385758669165e-01
-8.214475540817245403e-01
1.000000000000000000e+00
6.177270668442181867e-01
1.000000000000000000e+00
-1.000000000000000000e+00
1.000000000000000000e+00
-1.000000000000000000e+00
-1.000000000000000000e+00
-1.000000000000000000e+00
1.000000000000000000e+00
9.788234446199626237e-01
-1.000000000000000000e+00
1.000000000000000000e+00
2.561426288963640774e-01
1.000000000000000000e+00
8.921268821667538429e-01
-9.320910495194154599e-01
1.000000000000000000e+00
-1.000000000000000000e+00
4.045766233967871273e-01
-1.000000000000000000e+00
-1.780005336716870556e-01
-1.000000000000000000e+00
-1.558870210467749873e-01
-1.000000000000000000e+00
5.794839208759696714e-01
-6.588388560682970629e-01
5.378812227775606747e-01
-1.180293506575811890e-01
-1.000000000000000000e+00
-2.983530184959781728e-01
2.508739866348013159e-01
-1.000000000000000000e+00
2.433417124722401237e-01
1.000000000000000000e+00
1.000000000000000000e+00
9.232733355462785507e-01
-1.000000000000000000e+00
1.000000000000000000e+00
5.278027240976144174e-01
-7.980630954007902345e-01
-8.267812523539848080e-01
-1.000000000000000000e+00
1.000000000000000000e+00
7.432144873298092147e-01
6.313806570026891940e-01
2.851410272407117197e-01
1.000000000000000000e+00
-1.000000000000000000e+00
-4.175642841798808957e-01
4.557723507989170364e-01
-1.000000000000000000e+00
1.000000000000000000e+00
1.000000000000000000e+00
-1.000000000000000000e+00
-1.000000000000000000e+00
1.000000000000000000e+00
-1.000000000000000000e+00
-1.000000000000000000e+00
-1.630966032453494696e-01
4.375169956390022041e-01
-1.000000000000000000e+00
-1.000000000000000000e+00
-7.118479744930861219e-02
1.000000000000000000e+00
-2.140761876794615715e-01
4.260087453126534807e-01
-7.665801383761882137e-01
-6.467167798718489458e-01
9.199961883806295759e-02
3.838411478849110825e-01
-1.000000000000000000e+00
1.000000000000000000e+00
1.000000000000000000e+00
4.810701631353574148e-02
-3.685735918520802734e-01
-3.316323973489997412e-01
1.000000000000000000e+00
7.468014971295389159e-02
-3.002955006002572258e-01
7.882223867519648763e-01
1.000000000000000000e+00
-1.000000000000000000e+00
6.989685663053546438e-01
6.682364975541340568e-01
-8.530282521909511306e-01
-1.000000000000000000e+00
5.246337903862152707e-02
-4.854416475424583322e-02
-1.000000000000000000e+00
3.735091954679159443e-02
7.115139933056309207e-01
6.569190844297604359e-01
9.576169458134380363e-01
-1.000000000000000000e+00
-1.000000000000000000e+00
1.000000000000000000e+00
1.000000000000000000e+00
-7.999149163140415464e-01
-1.000000000000000000e+00
-1.000000000000000000e+00
5.918426086463924873e-01
-7.459675887622374546e-01
-3.247515621435037581e-01
4.674470949796483144e-01
-1.000000000000000000e+00
1.000000000000000000e+00
1.000000000000000000e+00
-8.065919849419111998e-01
7.529563441715211303e-01
1.000000000000000000e+00
-9.246776017295560424e-01
1.000000000000000000e+00
6.444739511707781032e-01
-1.000000000000000000e+00
1.327609832529774714e-02
-1.000000000000000000e+00
-1.000000000000000000e+00
-1.000000000000000000e+00
1.000000000000000000e+00
-6.828245285916000329e-01
-9.662794129599276971e-01
-8.682550493107091816e-01
1.000000000000000000e+00
-1.000000000000000000e+00
1.000000000000000000e+00
-7.803843426040152353e-01
1.000000000000000000e+00
-1.000000000000000000e+00
-1.000000000000000000e+00
-5.953395382435846539e-01
-1.000000000000000000e+00
1.000000000000000000e+00
6.543916577751998087e-01
-9.282301956221086225e-01
-2.444647758819828987e-01
6.661691920715095971e-02
3.301311190737379886e-01
-9.618609972440790301e-01
-5.228426082766801652e-01
-1.000000000000000000e+00
-1.000000000000000000e+00
-7.564743193320948578e-01
1.000000000000000000e+00
9.240068429583508935e-02
-1.000000000000000000e+00
-1.000000000000000000e+00
8.549715501536214735e-01
6.136529215625221578e-01
9.883671649558525285e-01
6.567923850075105818e-01
1.496348498774988656e-01
-1.000000000000000000e+00
6.084230185106864752e-01
-5.521067132873112016e-01
-1.000000000000000000e+00
5.929121671467024735e-01
-1.000000000000000000e+00
-1.000000000000000000e+00
8.111043709248806355e-01
1.000000000000000000e+00
-6.066744981199619913e-01
3.922323440544466244e-01
1.000000000000000000e+00
1.000000000000000000e+00
7.364744705513933676e-01
-1.000000000000000000e+00
-1.000000000000000000e+00
-1.470154733021873383e-01
1.000000000000000000e+00
-4.529221468882751456e-01
2.858392985793700714e-02
-1.000000000000000000e+00
1.000000000000000000e+00
-6.632005542556951294e-01
-2.299265099624826503e-01
7.827022171688762242e-01
-1.000000000000000000e+00
8.111947992931307638e-01
-1.000000000000000000e+00
-9.932133800242007871e-01
-6.377428308382615540e-03
-1.000000000000000000e+00
-1.434467857656268053e-01
7.180555700173989475e-01
1.000000000000000000e+00
