-2.696691859373516742e-01
-8.906376812879799321e-01
-4.027481168042594817e-01
-9.141092607083534105e-02
3.564988392634976799e-01
4.595461517940448992e-01
-2.182575115389115139e-01
3.054275025751567174e-01
-4.222749879702458742e-01
2.491896876955059514e-01
8.697205819133158045e-02
-8.546514544302776795e-01
-9.710811546987073717e-01
1.151025307615478610e-01
1.403220065182511078e-01
-4.281140291157302102e-01
-2.125518774457754168e-01
6.753073680051471794e-02
-3.115231716036083176e-01
1.637996414465973105e-01
6.106035586945450788e-01
-5.057564725474611445e-01
5.106174926288573612e-01
-6.836751543458585711e-02
4.813001731553131490e-01
1.937174278837746066e-01
-2.301844253939781537e-01
4.760768057121214092e-01
4.520363127068249831e-02
-8.777132983510989028e-01
-5.546577219024029226e-01
-3.544459120205940561e-01
-4.524400593285935468e-01
-1.706406813885179563e-01
3.788169292868504012e-01
5.411527446659446516e-01
-1.097557835702387408e-01
-1.131795364853744879e-01
-3.281830715855129643e-01
-4.391995240279824575e-01
-6.662536187888646877e-01
-2.395698961515931036e-01
-9.678229003426630506e-02
-9.668710198086061247e-01
-4.704419693971554350e-01
-6.110924506042323401e-01
7.429744632444881258e-01
3.443448107614062725e-01
-8.952373043135829489e-01
-5.255901632851740501e-01
-1.000000000000000000e+00
3.842759458915878668e-01
-8.255131830170614471e-02
5.633268545944393191e-01
-2.278626528004183971e-01
-8.093910291217676356e-01
-9.497671434394445722e-01
-1.695972766968567580e-02
-8.596063879436293131e-01
-4.476778565858103853e-01
-3.628266450347783501e-01
1.502246350412649312e-01
8.812508896718357354e-01
7.418587391328524960e-01
-2.518464426373956400e-01
4.146270529533611637e-01
-2.841742014183437082e-01
7.746847092750130948e-02
6.315840540361824518e-01
-5.038895722911189701e-01
1.000000000000000000e+00
6.622670551160247943e-01
-9.214731924133517937e-01
5.862707508999487338e-01
-5.055504139360624816e-01
-9.884785500417079263e-01
-7.523275111093015166e-01
9.839257780255672436e-02
-4.621652867983442881e-01
5.789897529910279506e-01
2.475518226809730882e-02
6.620127424795962945e-01
-1.893611055223898276e-02
-1.364095569784730400e-01
3.125676552888723148e-01
-4.944925638886149000e-01
-1.044246917013075815e-01
-6.289126337181815130e-01
-9.522861585810897811e-01
-7.475230142558627611e-01
-1.818698998148777779e-01
-3.012728265887137935e-01
-3.670746147592586217e-01
-9.460722822895353268e-01
7.190256584249932192e-01
6.894991569691688582e-01
-4.549579337235363230e-01
-1.000000000000000000e+00
-3.832327927640458154e-02
1.000000000000000000e+00
-4.393719503193230236e-01
3.890709029585298628e-01
-4.343489266270745830e-01
4.862857241993235879e-01
-6.338746185341359585e-01
7.663125012990337215e-01
8.639119156286421131e-01
3.328874248961846138e-01
-2.204286687349443774e-02
4.095084604482083224e-01
5.069420189933872001e-01
7.581939694398567298e-01
6.573840770326583316e-01
7.304040525638932912e-03
-8.066966408046872816e-01
-9.961111644597135939e-01
-7.480258307783416161e-01
6.615258360289822948e-01
-2.009715256304775710e-01
3.560955723747040447e-02
-3.570966932171071306e-01
3.789256829945720773e-01
5.966676307384140010e-01
7.910191661247517603e-01
7.111872309819864402e-01
-6.568659901505842225e-01
6.007159212704256124e-01
8.249769197164560364e-01
4.723970100640317860e-02
-4.338031116183841407e-01
-7.173813300173611518e-01
-1.000000000000000000e+00
-9.508192159708550584e-02
1.487645850848184625e-01
-4.952823210304473367e-01
3.033283554465189824e-01
-4.687816071222499215e-01
6.506767717111590077e-01
-7.072224132027019605e-01
1.815092737033407733e-01
6.241125390207310497e-01
7.092501790437086284e-02
7.569843086324099524e-01
-6.542432003941484053e-01
-2.009763705150815483e-01
-7.913652400592585678e-02
4.304038324757315515e-01
5.352458871542866703e-01
-7.322035828262982715e-01
-8.848814081857477865e-01
3.214011591170817805e-01
-7.068362069929876035e-02
-1.000000000000000000e+00
4.615910252338056852e-02
9.044182318034512669e-01
-8.714417013233530795e-01
-9.954915459947619727e-01
1.000000000000000000e+00
2.319835117670806524e-01
-2.496415183638913682e-01
-6.778767217150931668e-01
5.812316295395985044e-01
-1.000000000000000000e+00
4.675575936913913822e-01
-8.933431326749150525e-01
-1.292711154491002212e-01
7.968299596464335499e-01
-1.000000000000000000e+00
-4.663352241496530604e-01
4.509797620715000344e-02
3.707317171149502877e-01
7.979975268665763233e-01
5.336709825062828649e-01
7.339200196321746805e-01
2.707386543743505736e-01
-4.135251209106730608e-01
-6.379632587277621614e-01
-6.952198228865830165e-01
-8.724136130490329766e-01
-3.667780191340732632e-01
-2.727806266290113690e-01
-8.832132286321328074e-01
4.203793710903759862e-01
-1.548418873044289379e-01
-9.061512840763579213e-01
-1.000000000000000000e+00
8.131719732730766648e-01
-1.000000000000000000e+00
5.680505436347944581e-01
-7.607861313085393373e-01
7.518680370736122720e-01
-1.578506211459207165e-01
6.755917254525354299e-01
5.756848667253199048e-02
5.774312167303986554e-01
3.818055684509852887e-01
3.605990505984733030e-01
4.875407899351927310e-01
-8.909928856103556116e-01
-1.882841754004510870e-01
-4.640551847173680633e-01
-4.655587050494376378e-01
-6.299002979664926061e-01
1.522395139768351058e-01
3.247730650646587502e-01
1.230385742244868297e-01
8.088819794050309264e-01
2.882302036834675230e-01
4.169995965876582833e-01
-8.480925216589955129e-01
8.087219693354560368e-01
-7.054039241260091631e-01
6.267501296693434032e-01
2.249992929108322604e-01
5.573329633621686430e-01
7.410659093338713976e-01
1.073151720655867170e-01
-3.179012863605364392e-01
-9.902347642137332429e-02
-2.410014489303056728e-01
-4.730694298939527309e-01
-3.781293371729326225e-01
-3.520137960572509161e-01
-4.823747303068584569e-01
-4.145293681767578953e-01
-8.725775983962271720e-01
-4.719886099085337516e-01
-5.015905808083442885e-01
5.984439169420254778e-01
3.627423783547668590e-01
-8.961692232330427110e-01
8.857893904951648079e-01
-6.275102207658547204e-01
1.626081028551772667e-01
7.691388993559686860e-01
1.605579807602356412e-01
-4.562179073357808257e-02
-7.224885159490146425e-01
-3.726888243235284559e-01
-9.084111697655044004e-01
-5.478917958427556023e-01
1.747197607108224027e-01
-5.042285347448567379e-01
4.261479940351735052e-01
6.990732062557891702e-01
-5.655259413045955474e-01
3.153428487223941534e-02
-1.000000000000000000e+00
2.910461436210974306e-01
8.680844563540899284e-01
-8.604028505188034970e-01
6.076541455259552027e-01
-4.898157285057203048e-01
1.145161256037208197e-01
-1.999959045802616464e-01
4.348914879606333717e-01
-1.311034877471998206e-01
-7.474029710240406299e-01
6.929445299020567939e-01
5.186667266133893062e-01
8.695168558576498175e-01
2.065447882087578790e-01
-6.803992547767256927e-02
8.828976173940219496e-01
-3.109439020408402143e-01
