5.303983971067338654e-01
-7.815660300007657435e-01
3.015307536027411750e-01
7.652004768177900207e-01
4.641158569353598384e-02
-9.397233040597192666e-01
-1.556072588015797731e-01
-1.937083790553135176e-01
1.000000000000000000e+00
-2.556328219438916971e-01
-3.807885717946977167e-01
1.916992185167498697e-04
-7.447911867867708369e-02
-4.805288755967137004e-01
-3.051127363601197073e-02
-2.628172762410529995e-01
-3.120951278209029844e-01
2.689158364686210501e-01
9.183345546456187503e-01
-1.000000000000000000e+00
1.000000000000000000e+00
-4.914352316534371656e-01
1.600999726571805115e-01
1.558093414199231697e-01
-5.480789050643239957e-01
4.252564747592002536e-01
-8.826665119863463804e-03
-2.063416073994337741e-01
-1.362398724724051546e-01
-4.866259688934985173e-01
-3.289898976905017980e-01
2.780003572890711872e-01
-1.093077343694920378e-02
-2.991780666641386532e-01
2.079577609983389030e-01
1.061882274912071544e-01
4.160399136406367493e-01
7.133909593832886697e-01
4.252847410754185820e-01
2.954556470086093234e-01
-3.759792872181644263e-01
7.475104006372788046e-01
8.918427353489406517e-01
-4.097170905271744212e-01
5.041727811067360232e-01
-2.579014459077761945e-01
3.552884133212115270e-01
4.617722406897400433e-01
4.665950248981662885e-01
4.769063909598577622e-01
-6.770626908654265863e-01
-4.063462343128158016e-01
6.393949694461860123e-01
3.825428329697548868e-01
4.875041048498445218e-01
-5.790223672328371762e-01
-4.159326612764857600e-04
1.501814009700960795e-01
-5.988435974145063234e-01
1.644146187211870669e-01
-4.447373929184401664e-01
-3.911186661090066963e-01
1.000000000000000000e+00
-4.930263291070116627e-01
1.062050872327681694e-01
1.000000000000000000e+00
6.787052535903996819e-01
9.983905776117493192e-01
4.689471171725805299e-01
-6.554872625872418257e-02
7.357303116608595595e-01
-3.703309409653910422e-01
9.409827738048801571e-01
5.687609187837452396e-01
-3.748091371019812157e-01
3.602395906203943454e-01
9.742520388739750459e-02
-6.265897422897535041e-01
2.483046518023545590e-01
-6.933931156368089432e-02
-2.419784744743690708e-01
-1.677851366987852533e-01
-4.321692115399544676e-01
1.280967055637030061e-01
2.595138861530449370e-01
2.982345846528342559e-01
1.000000000000000000e+00
-1.036266112790352745e-01
2.514582065287795931e-01
9.375467899669621685e-01
-7.241355294969435974e-01
8.071626292038792672e-01
9.274255870692008630e-01
8.399414551261660256e-01
-2.234198152444637486e-01
8.970793717374372367e-01
-6.806571905303936409e-01
-3.506558835422671772e-01
-6.223365265981386507e-01
9.888412227110277009e-01
-3.115922384369006481e-01
7.926239190293055126e-02
-6.839113555972815561e-01
1.822990616680110754e-01
1.317242045764396852e-01
1.664583200529934914e-01
-8.276078999771779854e-01
4.005284494612123547e-01
2.319464192856530438e-01
2.036208057241949976e-01
2.384555294660876956e-01
2.158206685015066073e-01
1.836261283031462022e-01
-1.609805417119045678e-01
6.904841171732085670e-01
-5.203630856951831918e-01
-8.115071683126082736e-01
2.750556509068360911e-02
-7.882343233474116140e-01
1.000000000000000000e+00
3.382131668540206970e-01
-5.678286286070087785e-01
1.390902168973486563e-01
7.154586169776742943e-02
-2.956980054024450633e-01
2.069338797651416595e-01
-2.185988280140164497e-01
-9.441345849352953401e-01
-8.425332983478668325e-01
5.276459774604047581e-01
-8.286257230933416484e-02
4.308919436604193853e-01
7.628613903305041521e-01
-8.565666588360705269e-01
-1.610355951347572367e-01
-5.942044211928726449e-01
-9.965959781121274119e-01
-5.527968010801310728e-01
-9.465598232552927538e-01
-1.000000000000000000e+00
-4.861905618009561558e-01
6.143631926887773709e-01
-9.120410914266705582e-01
4.918716490139734554e-01
-7.599246408577964296e-01
6.071445403955045839e-01
1.000000000000000000e+00
2.201090905434288647e-01
-6.660134176685261753e-01
4.280796877935465483e-01
7.265268531941709851e-01
-5.065669477587223524e-01
9.554754569330461411e-01
2.825617619278009141e-01
-6.770725132379858957e-01
-7.988109811782034830e-01
-9.169120734189258881e-01
-6.805547985989909288e-01
-5.365792946287241127e-01
1.000000000000000000e+00
-5.099020127349485065e-01
-7.166892989725551777e-01
2.946808223431809370e-01
1.000000000000000000e+00
2.394023617330915538e-02
9.520815263398228756e-02
-1.294906086545669632e-01
-7.642407369347270496e-02
-1.000000000000000000e+00
2.690458035855787799e-01
-5.031143864599445514e-01
1.594006019656904749e-01
-3.991253094635018317e-01
8.366035586710083294e-01
-8.575446625311262672e-01
-1.000000000000000000e+00
-5.198780969814247310e-01
8.890124433303856488e-01
6.374406500252107755e-01
-6.602267117950668673e-01
1.351257520585824601e-01
5.716423687956208033e-01
2.351640636286463915e-01
-3.287165503891453788e-01
-3.093802897027215781e-01
-7.940696910981743795e-01
-5.202411491687484180e-01
-5.739209116220307383e-01
7.008112127974865935e-01
-6.384748867807191752e-01
-5.099815797872291334e-01
-3.211542085768213095e-01
3.076407152290476232e-01
2.754643228403182986e-01
-8.245505396897239159e-01
-4.443404041381640024e-01
-4.403642242507965765e-01
-5.490507324309157333e-02
-1.000000000000000000e+00
1.306042086623684095e-01
-6.828022352292406616e-02
-5.281261479950645210e-01
5.000580074924122487e-01
-8.688270149144405874e-01
8.759197372945473070e-01
-3.789848516879468221e-02
-3.387683215182257235e-01
9.145272111659752401e-01
-8.483270717072879386e-01
-9.746843771621980235e-01
5.539021445098191165e-01
2.674332531973957483e-01
-7.126259893583265503e-01
7.454952275613562218e-01
-2.175576948497398577e-01
9.239514274311779740e-01
6.292496982864633770e-01
-9.675064341476717900e-01
-1.412808649756502055e-01
-7.507665897003493738e-01
-9.297810276250324524e-01
9.356014379204984355e-01
5.382844177222394916e-02
-9.340085453317521491e-01
-7.490669644101712876e-01
-4.625037116262946668e-01
3.708937432867374095e-01
-4.262325219854725677e-01
8.529269397728744817e-01
2.023233931647144823e-01
-3.325791612036395062e-01
1.283591723926953421e-01
-8.244955375120823771e-01
-9.190681003875689203e-01
5.519477176297540311e-01
4.319953957258695354e-01
8.434029381098042677e-01
-8.847759099562986229e-01
-4.363381603881821835e-01
6.353068946259652350e-01
3.476153266980051559e-01
9.907635306698449051e-01
-9.301458088602748697e-03
-2.087832702150891340e-01
3.601207400933167380e-01
-2.201616388229112597e-01
1.613920441582534226e-01
5.399419215649516879e-01
1.288485576070561300e-01
-8.234942526509585470e-01
-9.495338792092280489e-01
-1.000000000000000000e+00
5.014760895203342894e-01
-4.476983621203466102e-02
-9.309113099765278232e-01
9.980738036534855251e-01
1.494703622867445958e-01
9.389951314781187497e-01
-1.218002583342620709e-01
-1.000000000000000000e+00
-3.222240530634113975e-01
-8.336770571645064631e-01
-9.582668422337125014e-01
8.275274181181558886e-01
4.723887457182434635e-01
