-7.413940837283790053e-01
-1.000000000000000000e+00
-5.919347218492334584e-01
-2.146494439619683614e-01
-3.644830419034049140e-01
7.994016683678137891e-01
1.175109398506183483e-01
4.405350696895287133e-01
-1.000000000000000000e+00
8.990392972874497457e-02
9.190080957302034781e-01
9.955595973191901926e-01
-2.271066191171162429e-01
4.912796131103156494e-01
-4.229084357440932584e-01
-5.528993078943876816e-01
9.339831415510746471e-01
-2.396927096195649032e-01
-5.326062029427548750e-02
4.954800328021491951e-01
-2.766176895214844667e-01
4.514418537223630068e-02
6.791911318924162555e-02
-5.794398808355012420e-01
-4.767357627969330824e-01
1.625532284005302142e-01
-1.755818314608326991e-01
8.036704135443879515e-01
-2.025164628265623823e-01
-1.000000000000000000e+00
8.736808607357714473e-01
3.936277842476385569e-01
-8.642147246801196170e-02
-7.398290309745797488e-01
6.914494797272052740e-01
-5.408831725552044611e-01
-4.395381800316640053e-01
-6.299360145763350793e-01
7.295597234873879566e-02
-6.335344540346582454e-01
6.010590548171695913e-01
2.277247801349715356e-02
8.646460360394716549e-01
-1.000000000000000000e+00
9.861559841291325235e-01
-1.134977189642637080e-01
6.978613225837163592e-01
-3.658960364281577116e-01
3.177154794154377626e-01
-6.406401374289550921e-01
7.984004455874085804e-02
-1.580508980936634611e-02
7.600192799385898645e-01
4.571022796442405500e-01
3.373442685098446692e-01
-6.222961344304921427e-01
-8.497018773467781561e-01
9.154815882368922964e-01
-6.847616885261644804e-01
3.431858618446708142e-01
7.688905762961665280e-01
1.279663612894113844e-01
3.488813624107278133e-01
-8.290174896144000272e-01
-2.615736969157421432e-02
-1.679604074541215242e-01
-1.000000000000000000e+00
-5.778322299326341671e-01
-3.986811186059426304e-01
-1.943817821962456893e-04
-9.843325779978752132e-01
-2.715652243323393167e-01
9.599224406897117756e-01
1.619707350613485142e-01
1.245695436847303883e-01
-4.596281216958988947e-01
1.000000000000000000e+00
-7.239941368187421400e-01
4.602472800653156781e-01
1.000000000000000000e+00
1.286235986485311789e-01
-7.660892898450480937e-01
8.670838441090712445e-01
4.159808095960570440e-01
3.580721804988244994e-01
-3.203772785280123436e-02
1.000000000000000000e+00
5.612216874034507974e-01
5.034929018309953763e-01
-3.275842812575298635e-01
3.779336655507268827e-01
-8.715478975492941816e-01
-6.181443558380554926e-01
-3.861974366214654397e-01
4.040404653655914335e-02
1.000000000000000000e+00
-1.730417180215792772e-01
7.854736064871188361e-01
5.030283627543647995e-01
2.742273796713378675e-01
-4.407742384975890104e-01
6.449543615684496523e-01
-6.804803881375707242e-01
1.294045056857996423e-01
8.130014066104610526e-01
7.363636648729275924e-01
6.843649172358905464e-01
9.442145741786833746e-01
-8.098686396007512833e-01
-5.700957221319147283e-01
5.263359796383639821e-01
-8.309533742059256323e-01
8.381020584425550313e-01
-2.141910012622814108e-01
-7.467069436875753974e-01
8.876650616439401009e-01
8.026300993469042133e-01
9.809483653486535948e-01
-4.020315413412876016e-01
6.381956758998756918e-01
1.000000000000000000e+00
-1.000000000000000000e+00
7.952688349881853469e-02
2.254798804818609337e-01
8.210649480328223726e-01
9.947825258116784752e-01
-8.081607054515486110e-01
-5.642666073092986734e-01
-5.511645760224552770e-01
5.400128921358495759e-01
5.636354583428853093e-01
9.523925406838967822e-03
7.384630963138189008e-01
6.558492791594118521e-02
4.234106768151899569e-01
-5.835349094290314120e-01
-1.151618108148905195e-02
2.419452753944692502e-01
-8.225269080921587816e-01
5.124213545220555055e-01
-1.932269128773576594e-01
-7.651067658256728299e-01
-5.225310393960182903e-02
-3.096787062878011421e-01
1.000000000000000000e+00
1.000000000000000000e+00
1.773252540422780577e-01
1.856781158253918429e-01
-8.770766246281248568e-01
1.000000000000000000e+00
4.473505251438045227e-01
2.423778145055792144e-01
-8.429074626197782805e-02
-7.007026858151383930e-01
-1.113178235186110809e-01
8.797280923311450174e-01
-6.504364821201309432e-01
1.000000000000000000e+00
-6.843351804160996421e-01
4.094050067554438344e-01
3.845109403839280238e-01
-7.457525237498182635e-01
7.376372673084049536e-01
5.642622342558739623e-01
1.000000000000000000e+00
1.570836493641713516e-01
4.380750357297369391e-02
-3.918214749023030130e-02
1.000000000000000000e+00
-3.074765189655774833e-01
1.900639381907046621e-01
2.678867013985967716e-01
2.653557754860921269e-01
2.372022580543876324e-01
2.644840307614150787e-01
2.035371798957299749e-01
-6.907949379031281811e-01
9.012891285415800535e-01
9.635571585184526944e-02
-4.752268550899211297e-01
-5.348611590384005909e-01
-9.001208823826249983e-01
-4.181297738746597159e-01
8.543528909013732298e-01
-5.813102370583536072e-01
-1.000000000000000000e+00
-6.203647374837628625e-01
-9.494155082189573713e-01
2.266754400578025463e-01
8.964502066609538744e-01
3.659068463642910496e-01
1.000000000000000000e+00
2.787706009738104285e-02
1.983630107669381581e-01
1.000000000000000000e+00
-8.219716090659645591e-01
-6.891291126779034437e-01
7.218904693592298472e-02
-1.000000000000000000e+00
-3.136285209204838775e-01
-1.554402561637088787e-01
2.999029296509214682e-01
1.088684115891675186e-01
-4.104023879513744033e-01
-1.668372432889430601e-01
1.587070428563067959e-01
1.000000000000000000e+00
8.296997455180531444e-01
4.571808910278548632e-01
4.708554616209267296e-01
-3.134910263487891147e-01
7.097281807121336161e-01
7.981617863237054911e-01
-2.555190881509961098e-02
5.440456694626356615e-01
2.150899200130238498e-01
1.000000000000000000e+00
4.343376431562195883e-01
2.566909417100335933e-01
-4.501831637284317011e-01
7.598490112437035204e-01
1.000000000000000000e+00
-5.761816779073847261e-01
-8.215907580120399567e-01
-5.561733403922974883e-01
-7.893231082175393709e-01
-9.684837280063445242e-01
1.000000000000000000e+00
7.144902977120178855e-01
1.618906956688655197e-01
5.214461723798922144e-01
3.067688384002917878e-01
1.000000000000000000e+00
1.578915759081488124e-01
-6.914553889871480896e-01
-3.269647550721443974e-01
-8.886781315092158184e-01
6.900408635389017331e-02
1.613726719834743806e-01
8.976797660357949127e-02
-1.769090392813197077e-01
1.000000000000000000e+00
-4.259704926094924904e-01
-6.112312197602806085e-01
2.514533348194818441e-01
-1.216129054481623617e-01
-2.828330352294443628e-01
8.479183116432013056e-01
2.680374252147923464e-01
-3.152675196267648028e-01
7.431192383199326512e-01
-3.352987764967665374e-01
2.450818245375753213e-01
9.908169162947420838e-02
1.067932332986201716e-01
6.506057430212613957e-01
-6.450312907513431337e-01
7.735454439799863691e-01
-8.459382159946198243e-01
-6.131689734370329159e-01
3.285249330581421212e-01
1.933158689998951685e-01
-9.798274032832909874e-01
1.853145170397949015e-01
6.246297332322573448e-01
