-2.214907568478748368e-01
-1.617565925281111705e-01
-9.534010893954218968e-01
1.000000000000000000e+00
-2.488115196436374577e-02
-6.418752989297835665e-01
1.607511650502992384e-01
-8.567788565901597320e-01
9.645562344436624524e-01
4.287274749597400625e-01
-3.869505073749141544e-01
-1.623306242105796576e-02
-3.754232948133745529e-01
-3.055543992912901352e-01
-1.916328896507613067e-02
8.112695635887350321e-01
7.993503257930185679e-01
6.287508262816945970e-03
6.113604941950183669e-01
3.963724220537834242e-02
-3.206718855535517498e-02
-4.623429643166120373e-01
8.704814633941631019e-01
4.356768977519598907e-01
-3.277905964632639169e-01
-4.790030601117334363e-01
-9.490900212149986359e-01
6.158645074468498404e-01
7.193884447511154079e-01
-8.235396587094800935e-02
-7.727287117060667176e-01
-9.674258693153356958e-01
4.019225344056524540e-01
3.082140032527347362e-01
-1.702837823693605923e-01
-9.231765720103783934e-01
-6.076612651016884969e-01
1.000000000000000000e+00
-6.702586575140369041e-01
-9.489788865955191277e-02
-2.089502603922321067e-01
-1.000000000000000000e+00
-8.765019801222129203e-02
-9.365658837899268896e-01
4.469601859996183979e-01
5.328006578503726720e-01
6.392628424412716281e-01
-3.493207950835824915e-02
-6.432204349167218727e-01
2.985360867742847812e-01
7.610129556254197070e-01
-2.545725747984282084e-01
-4.539866052212296332e-01
2.135728174194415629e-01
-7.464566415822676548e-01
5.435699849306367959e-01
-9.804869341207558264e-01
-3.564638361081178264e-01
-4.701624902233272896e-01
7.866631308662950239e-01
6.027886533679212289e-02
9.886797537611615727e-01
8.515858531318947211e-01
9.986227101529043804e-01
-6.635669665256539451e-01
6.710633971699992983e-01
-7.013337363686640291e-01
-8.482724849927536503e-02
9.921474038758203440e-01
5.756982751522197184e-01
-6.615424955996060952e-01
-4.163518741313736171e-02
-3.564679782060848900e-01
6.151710190074938245e-01
-9.447477810923883279e-01
4.213195961243942356e-01
1.000000000000000000e+00
-1.050570500143572228e-01
-8.492768509085023565e-01
8.841148388024090421e-01
-8.092510906652367053e-01
3.358154087992982206e-01
-9.705243766505614045e-02
1.000000000000000000e+00
8.743109748952965221e-01
-1.000000000000000000e+00
6.805600298309000262e-01
-7.394723567711243284e-01
-3.521513041520041298e-01
8.833867997943056771e-03
1.701910707041904836e-01
-7.689717455274598379e-01
-6.150109824900221733e-01
1.985687050247954277e-01
3.029626183105294523e-01
-5.810121038424511664e-01
5.917318478585802399e-01
3.750820322573622523e-01
3.730863162373884712e-01
7.773606041274881695e-02
-1.000000000000000000e+00
5.023881990622887095e-01
-1.000000000000000000e+00
9.831545792954116125e-02
2.398565459982429648e-01
-7.698616277858698620e-01
6.744263258680467388e-01
6.637874224202977569e-01
1.000000000000000000e+00
-4.585356710464345564e-01
9.373569716746583680e-01
9.659257039261227862e-02
3.688321514594083972e-02
-1.000000000000000000e+00
-5.915727803364155823e-01
-2.613348574961930626e-01
-3.619489683721814899e-01
-2.519583193888925710e-01
5.461259888458041001e-01
-4.221724660795231343e-01
-1.000000000000000000e+00
-3.569268171212597318e-01
3.504912399310275983e-01
-4.038297302657947729e-01
5.802128174561487217e-01
2.317466442137182114e-01
-9.659205462330089365e-01
-8.643850317191001942e-01
1.718588109855171686e-01
-2.577002027832376307e-01
7.719195492680095416e-01
4.115713119342411241e-01
-3.125390129789472615e-01
1.758420547904650522e-01
4.080025804036376824e-01
8.037134474956503238e-01
1.714598803224063883e-01
6.011076084768448569e-01
-1.000000000000000000e+00
2.518034030293497261e-01
-3.488387777451154581e-01
1.943824151953501556e-01
-4.126212210850892514e-01
2.704835437710276791e-01
-1.000000000000000000e+00
-6.594319104303418833e-01
8.409810767124141773e-01
3.494213188094996703e-01
-1.000000000000000000e+00
6.789102578857704184e-01
-8.637708911492536501e-01
-3.494338210323166827e-01
-7.351073076415200191e-02
7.699170703196132060e-01
-5.669339776427437805e-01
6.397590062725166948e-01
-6.091797230301928545e-01
-5.839224727436959084e-01
5.756726566787584431e-01
-2.867649093837255636e-01
-9.473144603077228165e-01
8.019898926526227712e-01
-4.318639021094805575e-02
9.498031275534545292e-01
5.360120198638305133e-01
2.566892712485399075e-01
4.804447918938385964e-01
2.503989223400049369e-01
7.553024431903790914e-01
-9.040324764529416024e-01
-8.957126187964246089e-01
8.067130285860539818e-01
8.014846958961697743e-01
-5.507096643832598559e-01
-6.184597524674395608e-01
-4.637916530812465354e-01
1.887645127998606454e-02
-5.067154154234041474e-01
-5.386521682867899674e-01
-8.070652806744003094e-01
-9.889532414116580794e-01
-2.981848584493962395e-03
5.432903806373122479e-02
-2.496434044507709615e-01
1.724381325486318284e-01
-9.908499015765566131e-01
3.486136471275825266e-01
-7.178451904704609143e-01
4.993503668586182775e-01
-8.389166624939401462e-01
1.000000000000000000e+00
-3.558507329458437951e-02
-1.418192618238143243e-01
-6.561205408394887861e-02
-1.543483179320286336e-01
1.000000000000000000e+00
-8.835195553590891038e-02
-2.161172986757216585e-01
7.764707701346897917e-01
8.979841722781416458e-01
9.926548204094751693e-01
6.898089969102814134e-01
8.157438899283656619e-01
-6.193193880500065251e-01
4.043606288208263511e-01
8.327257409452791803e-01
-1.000000000000000000e+00
-2.790584017567674935e-01
3.270310394582423563e-01
-2.602103012138210492e-01
1.609127814483982122e-01
-3.584364392415884809e-02
-6.091639990918144010e-01
5.927042175532245549e-01
-8.441299625023668263e-01
6.732320695275585409e-01
4.314626951734115701e-01
2.610547069065671799e-02
7.390719208753907532e-01
-8.649866314748797524e-01
2.009858949368881209e-01
3.447496976532719581e-01
-4.400163457027666536e-01
-8.348489585642160371e-03
-7.266417666001064868e-01
-9.640120146465206430e-01
7.263887638742789754e-01
6.894301870326599579e-02
-1.000000000000000000e+00
6.050323193890215778e-01
-1.000000000000000000e+00
3.502322371737829898e-01
1.779994658335909419e-02
2.316137723863652409e-01
7.464625248847209238e-02
-2.755858288399666289e-01
-4.972027046918590654e-01
-1.000000000000000000e+00
-9.754833128484976523e-01
1.509238717370016136e-01
-5.277835895537832389e-01
-1.000000000000000000e+00
-6.097163336234917574e-01
-3.262756770615238278e-02
2.820442435084877797e-01
1.000000000000000000e+00
-1.000000000000000000e+00
4.159955438991665977e-01
1.252084248699542601e-01
7.284475746923255723e-01
4.548323885615991324e-01
9.549178539337247473e-01
-7.256333727842103620e-01
-5.779623002284752786e-01
-9.590991456172948126e-02
2.241855792582997386e-01
9.126496519540882035e-01
-9.964623426848715493e-01
3.071419917728344107e-01
-1.026162152616822976e-01
-1.579911287528692476e-01
-9.696436345577721383e-01
-8.736759305382166829e-01
2.632959066902067491e-01
-2.976034806524382459e-01
