-5.473325773514543524e-01
3.962031672381027825e-02
1.641723950405507004e-01
5.151797756817788621e-01
-3.967100361899720262e-01
8.028747980878530033e-01
7.703458344818598924e-01
3.324870418973189246e-01
-1.310164363757970740e-01
5.273718307484069889e-01
7.901543323709543376e-01
-2.698256667151444077e-01
5.254332814518258843e-02
8.348660837602814855e-01
7.406256146161060983e-02
3.897120070334998410e-01
2.128484337604661381e-01
-3.489543180802179290e-01
1.770567025463292143e-01
5.863879281267518895e-01
-6.669831235379031220e-02
-8.857094887568373043e-01
1.833730259013885977e-01
6.177780380483504086e-01
-8.614717725798244352e-01
-2.459371655064672701e-01
-1.601379543353296242e-01
-7.985016253283609977e-01
2.588115592165449730e-01
9.086260825892638060e-01
-7.285590022149395217e-01
-5.224231554488076856e-01
-9.528418592510599083e-01
3.049994091308814159e-01
-8.511991827423948109e-02
-4.948269847258679466e-01
5.014532224250312087e-01
-2.756128204569883167e-01
8.959447182996005399e-01
3.933423394618105196e-01
-2.943385811365195615e-02
7.879111219510119835e-01
-3.750717865370292170e-01
7.591454423281362995e-01
-4.377401993346694553e-01
5.319799991652411908e-01
-8.184453658523715980e-02
2.632013236869057415e-02
-7.139906597641130226e-01
9.213098738546123823e-01
-6.241670747720382550e-01
3.175725988945561351e-01
2.445401578644175178e-01
2.062327645651786945e-01
7.386350166369510806e-01
-7.088958710531700902e-02
6.255734455546162476e-01
-3.438544970282642055e-01
1.986326237356434987e-01
5.262039732751413457e-01
-6.809249178090008847e-01
-4.334400161974616417e-02
6.443253577958267808e-01
-3.506675085554178395e-02
1.362508848534687234e+00
1.018879910239272046e-01
8.442888145203901740e-01
5.432091042841422635e-01
9.705108047102688484e-01
-2.901621361582049641e-01
2.503297748319430749e-01
-4.585813985921212144e-01
2.420536316761743301e-01
-2.329130526075828822e-01
-1.366331384472516675e-01
3.910255459208540341e-01
3.881317525084315712e-01
6.036047618835798101e-01
-4.194207660846631658e-01
6.881433040672590984e-01
-8.917941157226509930e-01
7.041775622617729713e-01
-7.122952466653555970e-01
-7.827317587362292439e-01
-1.213369111769122544e-01
8.124201529550432177e-01
8.102208499870839908e-01
-5.648035000952724705e-01
8.800407647046504245e-01
1.990595583843777217e-01
9.139370740399441750e-01
-8.461982869954089992e-01
6.151990353672878165e-01
-2.728941762626762024e-01
-3.052067390561874483e-02
-9.988279353407021333e-01
-5.955699394011186865e-01
-3.765666817358774843e-01
-7.838874853773785123e-01
2.236682558648392938e-01
8.372492322156253053e-01
1.447210955940292365e-01
8.845434228464692517e-01
9.157765105254511706e-01
-1.797465769716013462e-01
9.234687990698549065e-01
-9.032650047386978631e-01
5.926819106026488537e-01
2.902047077428719923e-01
9.459641360908888075e-02
-5.100387219626063562e-01
5.160308006396023828e-01
4.321938519138546209e-01
-2.261160184907604620e-01
-4.714449458808491755e-01
-3.530267049733275542e-01
-1.594254681145159669e-01
-6.821687150456448023e-01
2.637448063539007403e-01
-6.438535271700320806e-01
-7.026466051517670230e-01
1.047301934358821907e-01
8.730818935640189959e-01
3.988494565917197754e-01
-5.307296487062123092e-01
-5.195120669138137970e-01
-7.877540411848027446e-02
7.618844362386902880e-01
6.915758963988301034e-01
-8.740461478505046067e-01
-4.005267132921730422e-02
9.137843293628038488e-01
4.424404944288087282e-01
-1.431598793587052221e-02
3.597408815822555894e-01
-8.793335988666901581e-01
-5.547316997722515630e-01
4.487042322518497439e-01
1.052819285255461867e-01
8.626619077983417316e-01
7.505307032402219747e-02
8.317783680507992994e-01
-3.933338178334557789e-01
-8.708606818248758596e-01
-2.445528688725466804e-01
3.143277144181062521e-01
9.576226908065077481e-01
1.820089497337051831e-01
-9.313453850967516878e-01
6.296073949647145174e-01
4.691682444178908451e-01
-1.871295987539300931e-01
8.482478787456775304e-01
-3.359358652573227744e-01
7.189443474160701619e-01
-7.952098223260937182e-01
5.077591634822795630e-01
1.240977614582781108e-01
-4.979964122936442195e-01
9.831925984854739120e-01
-4.825352352573650805e-01
2.479650078604438423e-01
-2.295087925297769615e-01
-1.197105750191462814e-01
3.584025461243740551e-01
1.178594545621614031e-02
-6.177988459408334521e-02
-9.997001713652660104e-01
1.792094599273019728e-01
4.051427585729110437e-01
7.559486121928054025e-01
-1.294918004295650960e-01
9.616846968392569472e-01
7.771130657011857679e-01
-5.103130762865786263e-01
-5.752628436026208103e-01
-8.508805777463470665e-01
-6.018408162141852813e-01
-7.711721533310071930e-01
-3.035816592643232337e-01
5.631432581071953436e-01
-4.716843110737956035e-01
1.121317648648540999e-01
-4.837563555825619144e-01
-4.160771744541746919e-01
7.544486912284138480e-01
-8.490351732185508205e-02
9.540684528251546226e-01
1.180971872291711744e-01
1.352438762578380693e-01
4.729378157128891758e-01
3.068699989108274462e-01
-1.992204443550158466e-01
-5.083202976135394735e-01
9.930020679635629399e-01
3.220100332106223817e-01
-8.035451588998612227e-01
-3.500712093246567402e-01
2.236747448420401962e-01
-3.774101931973357082e-01
1.105940010354513614e-01
-4.363614910704557426e-01
7.807842253985641801e-01
-5.793397793183132638e-01
9.070608769208203803e-01
2.801642871754521646e-01
-1.651072084475924129e-02
-4.952492774232486461e-02
1.457711181491843089e-01
9.069305250852566225e-01
-1.769017418534486463e-01
-4.318931943091159908e-01
8.615735775368648097e-01
2.595689600858499535e-01
-2.503839810293340129e-02
-7.360645675232659890e-01
-5.776168203146032631e-01
2.904136994729415999e-01
-3.491918148301194069e-01
8.022310601687339116e-01
3.351224610847920449e-01
-3.369063494006585557e-01
-7.633336668333896569e-01
1.984491246976336276e+00
-8.053085911717958734e-01
5.524007288779784197e-01
6.142108749543795376e-01
1.482551532051056054e+00
1.243284681918501167e-01
-1.407964028266224243e-01
4.828197094538100309e-02
5.106812924359487305e-01
5.331148031717893865e-01
2.999842660927516391e-01
6.300325256798735563e-01
5.443314298779386995e-01
-3.863118915572361090e-01
4.908819270194244577e-01
-9.150165281601969625e-01
6.182364095604424570e-01
-6.801496670370690278e-01
-6.466037445070127454e-01
9.568587111734820905e-01
8.396972006370677644e-01
8.471582633820795571e-02
-7.609590813163565892e-01
3.792023112339393265e-02
-3.530170352244108578e-01
-8.702011270547596045e-01
-6.812030543565041896e-01
2.046973776528342448e-01
-4.794663969970240913e-01
-9.911937150379792616e-01
-7.302778203247746180e-01
1.805929788325626451e-01
-2.388501703029739520e-01
4.980523838109615076e-01
5.530453379455744223e-01
5.238539483718276379e-01
-6.903997935444348144e-01
-5.633543009092334408e-02
-1.223239263598552284e-01
-4.424132329652608053e-01
8.537599814575935753e-02
7.364938546616626169e-01
