9.233838122525024339e-01
8.290451520138504282e-01
-3.787719827716796162e-01
-4.740969035582018876e-01
-2.650165715223169044e-02
1.896750968599185683e-01
7.759980867781638425e-01
4.781562909938674721e-02
-5.418175642101019651e-01
-7.118958171744671493e-01
2.666188082578084817e-01
6.772162614456374019e-01
9.069817971772988763e-01
-1.581555817935724750e-01
3.656862349591327721e-01
4.896753853871449458e-01
7.149544482518894739e-01
-7.722446203878869930e-01
1.699832092536441852e-01
-6.222175156144027497e-01
5.549961791931856681e-02
-3.152321103534159175e-01
-9.173068011142750944e-01
4.207661138759930530e-01
-5.461520747998775960e-01
-9.986984165357173371e-01
-1.077389513273436794e-01
-9.085755841543323719e-01
-4.241649325112795132e-02
-5.950939831717751982e-01
6.641300793050848583e-02
-9.639826669951139237e-01
2.968555189145003492e-01
4.596093726113495426e-01
3.530808634783104694e-01
7.882838354883840992e-01
1.084648958395304508e-01
-7.673638390797306030e-01
9.807055935896502596e-01
2.510827882357065111e-01
-1.205751791380442750e-01
-4.938535766430631746e-01
6.189967784586506427e-01
4.908327824690135177e-01
6.398946151191922116e-01
-2.780491050579507739e-01
6.593483858214024274e-01
5.643168180163966596e-01
-4.538519495929949077e-01
1.000000000000000000e+00
7.215190852311197389e-01
2.089975181182254782e-02
7.053228365192421023e-01
3.323305995016777592e-01
-3.670337412139015876e-01
-2.536316115903050061e-01
-1.187414595363271985e-01
-5.353224186945595431e-01
8.188427800646549404e-01
-5.260396637449962221e-01
1.588362412419144221e-01
8.778045648669885459e-02
-7.122224784727757552e-01
9.474153634311259786e-01
-4.849176049631593877e-01
-6.079184053997668258e-01
8.051472454050947469e-01
2.415337011043170445e-01
-1.095100590786144412e-01
2.059845105154691769e-01
-6.372371769689744170e-01
9.125625200217557520e-01
-8.644479242688922760e-01
-9.682174308104509741e-01
6.780430457736494887e-01
4.225712580317995126e-01
4.462609672327773058e-01
4.078685113266204976e-01
1.459447713966421922e-02
-2.967128195688919501e-01
-5.942039711679762970e-01
5.349482656456912011e-01
3.836805555234785725e-01
-9.693123313963392107e-02
3.699073405324493358e-01
8.156427858672310460e-01
-6.987320358388515729e-01
1.131109575411778367e-01
-5.678559541718353199e-01
-6.578804733351251155e-01
7.628466256751598173e-01
-7.631244299049999569e-01
6.588329484905900424e-01
7.763584476295952719e-01
-7.450519857149431324e-01
7.196746389816341960e-01
-6.411615680254147964e-01
-3.806833098089490441e-02
-1.556210885947595379e-01
-8.625699244487932127e-01
6.533972941042585081e-01
5.918750730031241414e-01
-5.311188033754252746e-01
1.967061900124349449e-01
-1.529580564669179576e-01
3.270601051141361904e-01
5.682772936751155912e-01
-3.821970868874280947e-01
5.646817735543295802e-01
6.052983210255834523e-01
9.499894629254934664e-02
-1.514135740223951920e-01
-6.012992871383778803e-01
-5.692043133343043237e-01
4.893947312658077919e-01
-7.197949556061931098e-01
5.634116275473566304e-01
6.961772560809860177e-01
8.900141071469349630e-01
-1.110119013496444484e-01
2.616878923788643618e-01
-8.130846127614548280e-01
-1.488848568462772803e-01
-6.234535369901635926e-01
-5.067849366085392937e-01
-2.997712499601310476e-01
-1.849961773121404085e-01
-8.805707134179232565e-01
-3.721476457724699483e-01
4.482439674957168219e-01
-1.138580281054819565e-01
8.844882370759314938e-01
-4.026829464482779564e-01
7.281326218987198562e-01
-5.432309099356722459e-01
5.887706688124670906e-01
-2.303242563296241663e-01
5.423573817975579914e-01
8.596039041546079673e-01
-7.674084201866169241e-01
4.115408273886695389e-01
-2.665117514562103107e-01
-9.084293353963261985e-01
-9.067322035265069635e-01
-7.756254685950403349e-01
2.262315840033042313e-01
4.759291433826113860e-01
3.212263981870437934e-01
-1.000000000000000000e+00
9.141297324024499904e-01
-5.222254710739854255e-01
-4.371093153273307719e-01
-8.983546211080479793e-01
2.463419922870612455e-01
-5.257785375090060498e-01
-6.543820965445945603e-01
7.842142863425045629e-01
3.445093494494000375e-01
-9.028031738700110775e-01
9.127341405519400208e-01
1.809316735978498958e-01
-1.631109399190135978e-01
9.783877589712812739e-01
8.803725027382282020e-01
3.589121037101901113e-01
6.875973398245303070e-01
-9.378594151689558789e-01
-4.014792337260848498e-01
8.717684735457442713e-02
-5.115767940993156682e-01
-3.974808110200989120e-02
2.142547282487579086e-01
8.589101617933967425e-01
7.481136487178348116e-01
8.982340856532495810e-01
-3.414841654859523956e-01
4.213263909103133198e-01
5.063276940651371127e-01
-6.340781274967280945e-01
-2.340268447829687570e-01
8.899020407220969986e-01
6.986456235983840024e-01
-2.759133542359593072e-01
-2.953629770856214254e-01
7.306582329198949566e-01
-5.047831115893002263e-01
-1.417968697690090984e-01
-1.742490426732690167e-02
-8.162755450090970477e-01
6.600532468858344437e-01
-3.624060414578569311e-01
8.478260567144371151e-01
1.700002406888173334e-01
5.332517565165968421e-01
3.487329844936253864e-01
-9.008212128898804849e-01
7.631279574907321450e-01
2.376372528221171176e-01
4.666939328980819202e-01
-2.494675546253970477e-01
8.299187686455233859e-02
-2.621240310718664368e-02
4.404579739934335603e-01
-3.979745287874538739e-01
-3.013906270840133184e-01
5.829792746453154040e-01
5.857151201731416457e-01
-5.319161624753097062e-01
8.384265144773256351e-02
-5.638256464693867098e-01
-9.541170528353033475e-01
-5.519995854428780824e-01
-8.091851205673212810e-01
9.300141339974538068e-01
7.512172500551781429e-01
-7.311026350260945161e-01
6.999160929627115113e-01
4.954540492430750120e-01
-9.663500602579455645e-01
-5.312389886575514808e-01
7.077632507305249288e-01
5.517903478074981383e-01
-6.925379153787896147e-01
7.695473931323597583e-01
5.456047173099383141e-01
3.333237275738207828e-01
-2.009842852219516640e-01
6.661582397127419064e-02
9.150432313258778372e-01
-5.499591563503003488e-02
1.055358706528939372e-01
-4.511952419682012660e-01
8.558003670005056573e-01
3.504916028348756818e-01
1.178263625568058970e-01
-1.976213645060851953e-01
9.773329036005786730e-01
8.039581510037872025e-01
-7.168909404710215316e-01
-4.949969033270662511e-03
9.896789963136792823e-01
4.761909526534964243e-01
-3.984330497081602918e-01
6.394496551113145744e-01
-8.865146736375921765e-01
5.138998017759910386e-01
1.991399082237439444e-01
-8.466539829531842531e-02
6.262837270070731321e-02
8.017960553185168315e-01
-7.746657917769018964e-02
7.314030441301622165e-01
3.571165643181158367e-01
-6.156650987213491133e-01
-7.336323904598149870e-01
1.236667300923275509e-01
-9.142680568162435684e-01
-7.787986677112939127e-01
-2.915220873881453345e-01
4.506329901310269226e-01
-8.131771161941672155e-01
9.852140607137114259e-01
-2.073559397403967608e-01
6.812067543122206636e-01
-1.498274728859992355e-01
