-2.171901365911577120e-01
8.523903140350215513e-02
9.335899016304295417e-01
8.081557650488310207e-01
5.887651779473809799e-02
-2.529982758316002833e-01
-3.400404574900461885e-01
1.591489445904452626e-01
-2.477812039880574746e-01
-7.374851902605561449e-02
3.364837713658118123e-01
1.241480852464828533e-01
-8.082826892639491945e-01
9.374364865138438141e-01
3.639311210285920417e-01
2.278197199273692686e-01
-4.058193519698154450e-01
-9.783930472323323357e-01
9.525984249666510362e-01
5.451596244201900587e-01
6.526801222118816526e-01
-8.143535396203076537e-01
7.835241645946778855e-01
-8.663228142325840597e-01
-9.588002872635921214e-01
-6.221031519810277244e-01
6.471903552531388382e-01
7.891057035297849298e-01
1.670918379398131370e-02
3.112667748256772379e-02
-8.851743939344751677e-01
3.123354622847032136e-01
8.304874067118003245e-01
2.485211020281437311e-02
6.768332215839502342e-02
4.533390529295207305e-02
1.715045256981366506e-01
-3.952140807864121252e-02
1.321503290759530602e-02
-1.508866462717732837e-01
6.081902921622651254e-02
6.119076564276170194e-01
2.369744596209292231e-01
9.340089486643388117e-01
-1.891828626971208127e-01
-4.104286130177436931e-02
-7.154279341442155715e-01
-7.969386263448297036e-01
-7.316463218947922842e-01
8.261904096110501694e-01
5.841566818586735321e-01
9.080004745247823861e-01
-5.291244200541269649e-01
5.516957245737051929e-01
6.183719388242738813e-01
7.162328261267934815e-02
3.685991797190180108e-01
7.243157401837208020e-01
-1.802319038437738274e-01
-3.752160546788412265e-01
2.093202480014786371e-01
-5.180690500193317893e-01
9.923058356076457365e-01
2.146747209558697023e-01
-3.471053784691688349e-01
-8.642083601242234181e-01
-1.409023241922728320e-01
-8.664426283565663800e-01
3.226149009257182065e-01
-7.962927327461313265e-01
1.283934282927801096e-01
-4.438051563720635806e-01
-4.991593997689913187e-01
5.332047690388661554e-01
1.000000000000000000e+00
-3.031231244359399724e-01
-5.094039355527006929e-01
6.544133450924183304e-01
-4.903263330032169298e-01
-1.034297824998447052e-01
-5.650495860705642137e-01
-2.482814845596501563e-01
-4.321677334208991472e-01
-5.729671015757751285e-01
5.724562951837596225e-01
-1.000000000000000000e+00
-1.000000000000000000e+00
3.262878147133909668e-01
-7.477178430183279989e-01
-4.340385043443156787e-02
5.469624379680291248e-01
2.848599214691566739e-01
7.380593529328329794e-01
2.891324843865700212e-03
3.201099509135365562e-01
-3.859008077159337136e-01
-7.094361435634370938e-01
-6.662788831031665193e-01
5.667907427717340241e-01
-8.691069882389046430e-01
-3.911151305572022063e-01
-5.226062217878929550e-02
-9.165722673579617119e-01
-6.560534630209586826e-01
-4.683612147632079670e-01
3.723066597979165504e-01
-3.496853414754386158e-01
2.005102849218158845e-01
6.822082522848804675e-01
1.581752045815257857e-01
9.669369632529798420e-01
1.000000000000000000e+00
-2.045247866040629248e-01
2.531401672409259174e-01
-1.000000000000000000e+00
-2.218755281104498045e-02
5.577859639007261006e-01
7.395241100859458738e-01
-6.805556520384349328e-01
2.811377774100691784e-01
4.169307577743439630e-01
3.062165765110236304e-02
-4.400415823943274463e-01
5.560925083083860798e-01
-9.560424880964253358e-01
-1.000000000000000000e+00
3.495002789089121098e-01
-6.027768469574964483e-01
8.591933552384735107e-01
4.597339986417821045e-01
-5.960110941653005145e-01
-3.375289919422215235e-01
5.162391058549820055e-01
-4.661097329435809344e-01
-9.335978691311110911e-01
3.183368643488864169e-01
-5.858168820867550863e-01
3.287283200642279191e-01
-7.252606472731158993e-01
-5.987895110002023902e-01
7.764630868304065459e-01
9.071377765356652967e-01
7.067684105388460925e-01
-4.015823475921093677e-01
6.573730978687848392e-01
-5.276020706969526408e-01
-1.852048601303505626e-01
2.512075450226991524e-01
1.000000000000000000e+00
1.000000000000000000e+00
-7.867871738372115287e-01
4.782511890594856596e-01
8.076349514922158690e-01
3.727132326225147119e-01
-7.994974391754012810e-01
-9.350130587610039345e-01
5.528872196368966874e-01
-5.065590773194288410e-01
-7.867428181734625880e-02
-2.459719873898491560e-01
3.923764560589829697e-01
9.151885144570115482e-02
2.633910809510839890e-01
7.411154818826020119e-01
2.543593443533485043e-01
-4.693842807223572722e-01
3.234855801224222338e-01
-3.082832383376190588e-01
-6.061312791313333559e-01
-8.185100295485810140e-02
-8.539165184828526600e-01
7.051295158287177456e-01
5.581188551972252609e-01
1.000000000000000000e+00
3.348756821046233734e-01
-7.590448965602255571e-01
-4.468404660859446320e-01
-5.943590491115797736e-01
8.743820779125516252e-01
6.498210359818745729e-01
-7.478739320225300524e-01
3.590293084278771696e-01
2.038715340526569830e-01
-3.001602913554858310e-01
7.070063031865702063e-01
-1.365352782981332780e-01
1.883729185274745088e-01
-5.246998647776875968e-01
-3.001044650858548102e-01
3.575284382005098349e-01
7.605340525402463081e-01
-5.885061913057182403e-02
3.798278479780739514e-01
-7.156842086077825904e-01
-4.530424306782970256e-01
-9.834861562418230063e-01
-7.430723518301852737e-01
1.322051668589191986e-01
7.912409389613043187e-01
7.497419980148900542e-01
3.800204850434638071e-01
6.796058069579145045e-01
-5.331875048091226921e-01
8.605028286804152771e-01
6.438427408818161446e-01
4.432369125601528514e-01
9.837763989986079149e-01
6.150088535720690253e-01
-6.718455626934565217e-01
-9.606122404866110354e-02
5.287927543765730265e-01
-7.264767787250074882e-01
-5.791183446539224233e-01
7.503272345929244969e-01
6.925502346524501363e-01
-9.003970690934933740e-01
-4.340939079265049294e-01
9.034573149792207714e-01
2.521085800761408979e-01
7.833642534959014414e-01
-9.559332788917961066e-02
7.930940715518360051e-02
-4.792378492694065462e-01
-2.480567234597134962e-02
-6.287934890118391795e-01
-6.164270403621725514e-01
9.485347744162762051e-01
9.854196074613086331e-02
1.570477650389490720e-01
5.901843506359399916e-01
5.569358535765591561e-02
-1.848616527820994282e-01
-1.000000000000000000e+00
3.080796741573824660e-01
4.089534610027482087e-01
-6.317965462927501719e-01
-7.614168412042338074e-01
3.877621019175802042e-01
1.000000000000000000e+00
-5.917388924826931795e-01
2.563378486984161375e-01
-2.960989754890417380e-01
-7.143591217636892088e-01
8.019006046153218659e-01
6.963782696136413541e-01
-9.300866903498304916e-01
1.600275185256786470e-01
5.904743362754759639e-01
7.967213913898871791e-01
-1.707837034766726825e-01
6.576222791510921706e-01
4.077135029214988271e-01
3.375186749894274474e-01
6.078478449937716466e-01
-3.310082686990784007e-01
-6.202717873057531639e-01
-5.312949384988128188e-01
8.488769342489861647e-02
8.724042937591062197e-01
8.146856996923927952e-01
1.202415322646555040e-01
-9.857976160563275414e-04
5.747762556365709763e-01
3.689543628626040794e-02
5.219584204984857589e-02
