9.782166154935147961e-01
-8.413089523253993729e-01
7.140499369956807563e-01
4.661325267291867025e-01
6.787508225093963343e-01
-9.454651397988325101e-01
-3.715998188845996975e-01
6.534161988093489803e-01
2.941675601954099051e-01
8.400647380468473369e-01
8.735156083675632566e-02
-9.766382784412259710e-01
-8.762739966666082125e-01
8.696121183724996317e-01
-1.419181788010026590e-01
-8.470549330662073828e-01
-7.272088224111630250e-01
-1.913306520203335026e-01
-3.850109265200052366e-01
-7.291498463757632997e-01
-4.753210019857432300e-01
9.482766117500103231e-01
-1.491295284353255646e-01
3.935717237089377818e-01
-2.289202815374082878e-01
-5.662544425824784788e-01
-7.655824807461615311e-01
6.332648937782683340e-01
8.962420526295549195e-01
3.733895423897404253e-01
-4.803896791723887283e-01
-8.038608698313303158e-01
-9.104838380395614550e-01
3.169510894576643700e-01
9.886653111400438565e-01
9.402205865849078137e-02
-1.764093364113128448e-01
-4.638604701020674348e-01
3.406280172827766961e-01
3.588008809397256194e-01
6.543266954422597426e-01
-7.475926244214363692e-01
-7.482806011223863685e-02
7.217110505213630844e-02
5.690987047216244932e-01
6.969924972639218730e-01
-4.439615744711935541e-01
9.162250175720259016e-01
8.710600998923743177e-01
-6.542776367754281619e-01
5.221318065621922688e-01
-4.875636186044163267e-02
-4.818378028670011748e-01
4.512436386660525489e-01
6.328549125887938942e-02
-5.905298719480311931e-01
-1.602994995491771046e-01
9.130580057908317393e-01
-9.634116915902839473e-01
9.836886131822974999e-01
-8.980371745962365537e-01
-4.403442523159015742e-01
-7.992037065893360381e-01
1.594619156861842857e-01
9.743227824699789430e-01
-5.640807518084960392e-01
9.510439669718409039e-01
-5.222803274207734603e-01
-4.719089388325548029e-02
-4.117404972399696383e-01
1.071511210765183630e-01
-7.811266908427230149e-01
-5.428697817148697702e-02
-6.430105575793032546e-01
-2.530001611947929607e-01
5.361962937770159421e-02
9.076846618832197233e-01
-8.329289790488560996e-01
1.779635278983149327e-01
-3.346835624291475408e-01
-3.549404300810490298e-01
5.254237268223833635e-01
-2.708348284112309656e-01
-5.872415633913545818e-01
-4.618321839331860357e-01
8.450684225268956240e-03
1.929008167601198309e-02
7.658236808586875721e-01
3.935528682684474866e-01
-8.320379265858823814e-02
-5.415391696772784424e-01
-5.872415633913545818e-01
-3.739078281483261268e-01
8.256696733842927571e-02
-4.895024561965033438e-01
5.961098569645884027e-01
-2.003831186329205760e-01
-6.306349308388095043e-01
6.892471433777580536e-02
-2.428633193994336192e-01
4.260146164202767149e-01
1.638156794108922565e-01
-5.246388975079008254e-01
7.478970365113204455e-01
1.018356672143538866e-01
-9.597566247813353879e-01
-1.379554897405241842e-01
2.324222038137786495e-01
9.572872957994873477e-01
-4.931688316315161469e-01
-7.042737060249237846e-01
9.247684957168578190e-01
-9.843440232723015271e-01
-9.244121379141450046e-01
-5.451192364187424921e-01
2.144809237258664680e-01
-3.651337555440188343e-01
-4.665392708693407720e-01
7.987900536900769399e-01
-9.486901447889373173e-02
6.695538777904588290e-01
3.956728183771680563e-01
1.854278632839050367e-01
-4.349909431990599540e-01
6.906242368010264698e-01
-8.560050457212899921e-01
-4.526337630134009693e-01
-9.110035046759081823e-01
6.937387812869164616e-01
6.397092999078339837e-01
2.944691770866936231e-01
3.030211464928638243e-01
-8.959387072602111868e-01
-7.012468910389164645e-01
1.429832780799193959e-01
6.096827109701787872e-01
8.685686523356972444e-02
2.727581892767023675e-01
6.283171411487118441e-01
-4.148061369421787159e-01
-9.819043417817174824e-01
1.900272168400043427e-01
-5.744601911136768546e-01
-7.482806011223863685e-02
-2.740886968764228993e-01
5.221318065621922688e-01
-8.646977547074645720e-01
-9.634116915902839473e-01
8.608387370866985577e-01
9.510439669718409039e-01
8.799798887599623587e-01
-3.348693124939641219e-01
-9.460154610941204911e-01
-1.536311234831126971e-01
-6.228670336439943167e-01
8.876101712923616383e-01
9.122966689771809801e-01
3.246405158747162067e-02
5.610425208274250064e-01
5.756701381996920386e-01
4.763735679683001045e-01
6.351485682201127858e-01
7.300876520487167287e-01
-3.626341393582390715e-01
1.507885706225582378e-01
3.218116816820242310e-01
4.258626225624957407e-01
7.138070516495200746e-01
-9.931688153304605304e-01
4.244224860416103695e-01
7.658236808586875721e-01
1.624236044158033909e-01
7.328593267363030517e-01
1.888764175637587250e-01
9.482766117500103231e-01
8.598111361209861414e-01
8.111639471911324950e-01
-7.142287439026797635e-01
6.756106241950514679e-01
-8.320379265858823814e-02
-6.878171151433281061e-01
-7.042803096595218193e-01
6.156332302457245831e-02
-1.742027764508529142e-01
6.406084937255489553e-01
-5.369519190357863181e-01
-9.591116370523062873e-01
3.129215186655320835e-03
1.095930045066608738e-01
-1.915829237454726997e-01
3.034423280037452653e-01
3.766110205699391145e-01
8.445428951807063545e-01
9.207907983799148433e-01
-7.317693128829743099e-01
-7.317693128829743099e-01
9.165152923569948040e-01
-1.355153515928839703e-01
-6.101211692344294946e-01
9.739082585314262630e-02
4.117875248132962795e-01
-3.063129739234067284e-01
-4.716410764504508357e-02
7.514112703519062464e-01
-4.028360086457374312e-01
-4.355021084387624697e-01
3.403499629802790860e-01
-7.847472957027867846e-01
-8.636898637378949140e-01
-1.490280150839740081e-01
9.130580057908317393e-01
-6.264570073380992810e-03
2.616548425905742548e-01
-4.657290003216407737e-01
2.458316227385015651e-03
-8.705992636952952779e-01
-5.662544425824784788e-01
8.609385589466038713e-01
7.300876520487167287e-01
4.770082663861128225e-01
6.756106241950514679e-01
-5.489852808173931731e-01
-7.042803096595218193e-01
9.697966979495022954e-01
8.450684225268956240e-03
-9.079034451328564792e-01
-9.099780346120067698e-01
2.019073559765989234e-01
-4.435012527113739722e-01
-2.255895076770331187e-01
4.828073322566637238e-01
4.061513823891387265e-01
3.731295139016137519e-01
8.742915789594798426e-01
-6.947423422903560297e-01
6.612707785969327290e-01
8.242373511065950176e-01
2.832059737584600168e-01
-5.594921568432908998e-02
-6.665052054656370739e-01
-8.118952811331447972e-01
1.966791224840904739e-01
6.412707694916566226e-01
-3.498304877353786146e-02
9.606884944597930964e-01
1.051521779206228135e-01
-5.510833993997710234e-01
-4.664309538053990067e-02
3.164855496851790573e-01
9.036890904165280070e-01
4.917076539697295967e-01
-9.200375424300266669e-01
5.994753062507696129e-02
5.168536705102417805e-01
-9.110035046759081823e-01
-8.004457191206912903e-01
-4.628446981107290359e-01
-2.614231829153139675e-01
5.285582524010037364e-01
1.343569777249253860e-01
-4.553431023968212976e-01
-1.612323378149405073e-02
7.603810789584608543e-01
-2.859034261484159067e-01
2.802915019585330292e-01
