3.997604047570745278e-01
-6.225425024206291402e-01
-3.458481213114878994e-01
2.621725397523109180e-01
-5.041996078216983701e-01
-1.000000000000000000e+00
5.123874404150092765e-01
-5.723965144016557316e-02
3.885596560038138136e-01
9.537845060026124422e-01
-7.035616405223268366e-01
1.734400015242658355e-01
-1.484551485996638276e-01
-7.837092778422788397e-02
4.547160655709089339e-01
6.553261738371767287e-01
1.438929768253512653e-01
1.000000000000000000e+00
-5.240955041526512703e-01
-5.130262335455391121e-01
-7.915064255897472645e-01
8.070785088282295128e-02
-3.721429177803092236e-01
-2.867760673352355294e-01
5.898010630651577824e-01
-3.524488912636358773e-02
4.202296275244713497e-01
-8.927969892566867127e-01
8.911555462857192467e-01
-6.833401358307720219e-01
-5.744264159719523199e-01
-1.606107992817256691e-01
-6.609515422330611845e-01
-1.440172181394022699e-02
5.324449900538399394e-01
-7.021773249117810867e-01
-4.870678438510601671e-01
-1.000000000000000000e+00
3.102362154762265956e-01
-5.400788083253619254e-01
7.390666525302858059e-01
-1.338350208062468183e-01
-8.285654641958444255e-01
5.938854902162897798e-01
-8.750055019154012736e-01
6.875399227393060864e-01
7.287557677104105069e-01
1.217976445260191554e-01
1.090662194047111733e-01
4.601247260671461059e-01
-5.207590563513957438e-01
-8.185573089671505098e-01
-7.532893382485973399e-01
-2.500006122611486692e-01
3.660068808731583023e-01
-1.000000000000000000e+00
-4.762132165955824115e-01
8.632340434820603425e-01
5.783158780686561418e-01
2.728121784208000222e-01
7.134202966341127716e-01
4.232422008297304084e-01
-8.036813366843138517e-01
-7.319183711217746025e-01
5.818597966638447416e-02
2.599082579646672109e-02
-5.932525900671329344e-01
-3.271078991605552710e-01
-5.961692898430255294e-01
-1.000000000000000000e+00
-5.070570903867039902e-01
2.775184173191215797e-01
-8.621280197043290627e-02
1.000000000000000000e+00
-1.086230858130007720e-01
5.180342303163867346e-01
-8.029976690039569709e-02
7.889132889321553987e-02
4.651200221654308575e-01
-1.805126848791407945e-01
7.378014334821038078e-01
4.226622598951855769e-01
6.389295479042931269e-01
-7.038160537340359957e-01
2.578611216894930239e-02
9.949359096989462969e-01
5.921906098324749568e-01
-2.228682257648766374e-01
-9.377527124478539644e-01
6.635010001671872715e-01
-4.706340274198714257e-01
1.000000000000000000e+00
1.979553326763114907e-01
-5.630829614936472272e-01
5.070678024820975127e-02
-6.815185364842804017e-01
-6.271214420996464867e-01
-6.291011725491064688e-01
-4.401450164388108210e-01
-1.395923167329574388e-01
2.482679053238003586e-01
-1.000000000000000000e+00
4.336403418084890937e-01
2.644505279351348492e-01
2.933949006383100577e-02
-5.499587441108284569e-01
-1.000000000000000000e+00
4.982758161740640235e-01
-4.887083325137437928e-01
-3.326315794036138196e-01
-2.816193822259845936e-01
-1.000000000000000000e+00
-1.000000000000000000e+00
-1.000000000000000000e+00
4.408944942301989967e-01
-9.684753315526133388e-01
-1.542778233588537051e-01
-1.000000000000000000e+00
5.499803618899181679e-01
-2.959007273445886654e-01
6.810165549754743086e-01
-1.672445382945599857e-01
-2.077581134548510955e-01
-8.575213902051579407e-01
-3.492790047293753419e-02
-3.388807083378537754e-01
1.276330258087798319e-01
-9.305509122461869120e-01
-6.521409669593684066e-01
-1.000000000000000000e+00
4.543285644982835159e-01
-1.153273477322189211e-01
-1.000000000000000000e+00
5.960082314477266330e-01
-3.159324832333608724e-01
-6.124614423255722029e-01
6.761159841679776905e-01
3.078232627925537868e-01
-1.961855490244544115e-02
-3.883856867210219166e-01
7.853014936472106911e-01
4.273798438316905868e-01
-7.132043553608891084e-01
7.138637989394800432e-01
1.000000000000000000e+00
5.933215631919931676e-02
-1.000000000000000000e+00
2.668530106914952515e-01
5.805318493250066769e-01
-5.379820557232440903e-01
8.253550724654251658e-02
1.000000000000000000e+00
6.188296528223470316e-01
-5.425654029695513580e-01
9.019632389247725923e-01
6.735929359029104724e-01
8.638434435566236247e-02
4.620269237736090995e-01
2.163149140735393938e-01
4.865911669705033082e-01
2.527099238388585967e-02
-5.219043160896594258e-02
3.159903421298116966e-01
-4.477945097012091535e-01
9.778316170502371341e-02
5.408205290133923926e-01
-1.000000000000000000e+00
1.000000000000000000e+00
-4.280282680449138955e-01
-6.484991642156109348e-01
5.929657187713139876e-01
1.000000000000000000e+00
-3.712219744608082905e-01
4.677202126278117156e-01
2.308745510958906677e-01
6.620017080200499837e-01
8.057533751261861110e-02
2.220453610548595580e-01
-6.549391901329705279e-01
-1.000000000000000000e+00
-1.000000000000000000e+00
4.603108183561921418e-02
4.252750497458360757e-01
-6.799512637727558317e-01
9.662923023170852388e-02
6.689038633005823797e-01
6.353859128617158625e-01
-1.000000000000000000e+00
-6.264089978865018393e-01
7.845595566474911076e-01
8.184397895131941825e-01
8.471510605640700242e-02
-2.304816591649384294e-01
-1.000000000000000000e+00
5.417092081943801762e-01
-7.229838053544883625e-01
9.746088788014525273e-01
2.187545203184042830e-01
-1.000638333997699025e-01
-1.000000000000000000e+00
8.098940371577875164e-01
1.000000000000000000e+00
-4.605950668147295590e-01
-5.793622481543840852e-01
-5.514660192817859574e-01
-4.892505633785512176e-01
5.403573500236236171e-01
-9.751688902475096343e-01
9.482085293011891514e-01
-7.417421243982449397e-01
-3.623169724913825607e-01
1.511230994002908667e-01
-7.646295882926228415e-01
8.495446037483141977e-01
9.715424382784064727e-01
-3.023799450223689789e-01
5.667672912809540442e-01
4.060347398008917197e-01
1.656152714792335501e-01
-4.308880609900799241e-01
8.123874211225468045e-01
5.425358266747536407e-01
-2.292567078577270046e-01
6.047248656475738837e-01
-3.484931845778556081e-01
-4.180726262670686477e-01
-5.214150846200451550e-01
-4.527931852601185803e-02
-3.093566298413987226e-01
-1.726672869295384216e-01
9.312555907821896684e-01
2.616865971122409595e-01
-2.590995443038943691e-01
-3.337281370884474518e-01
-3.526474864646553242e-01
-3.654379634610308569e-01
-8.357762695807573472e-01
5.381221412888869127e-01
1.000000000000000000e+00
1.000000000000000000e+00
-1.000000000000000000e+00
-1.451716249084724630e-01
-4.938696932905141113e-01
3.416033678244306121e-02
-2.272171575353382489e-01
7.670912434921712819e-01
8.848171168562977140e-01
-9.483410078646439811e-02
-8.801352846584167278e-01
-9.740065270232258765e-01
-2.306041656652044192e-01
5.050267259995204761e-01
-1.000000000000000000e+00
-2.217764415695726576e-01
-2.195430751813027825e-01
-6.898687463779383799e-01
3.015090870193402606e-01
-7.113042517666524622e-01
4.759518987965265513e-01
1.654097253777649101e-02
1.000000000000000000e+00
-5.579383600617537908e-01
7.322997319206019373e-01
-7.950473631770935135e-02
-9.744827978355986575e-01
