-5.211875840851249997e-01
7.474286837672363681e-01
-4.592847246110687287e-01
6.234138770183217382e-01
5.841110954769384023e-01
-6.449131361522999484e-01
-4.062721230409234163e-01
5.916079226918327105e-01
6.528901411181873282e-01
-7.072361297154956539e-01
-7.205988254471384913e-01
-8.692536587523624902e-02
-4.450069651003261129e-01
8.499887261608123357e-01
-5.257634887984636851e-01
-4.470729568924614039e-01
3.075726264630080919e-01
-2.013881302151003805e-01
8.655750994761943762e-01
-9.022061259581404258e-02
-4.269702767294920598e-01
6.439930165710072707e-01
2.105030021330924761e-01
8.485723176702382187e-01
7.522737522796254517e-01
-1.650530126726692526e-01
9.744463320976726184e-01
9.996232284318493644e-01
-9.357416255163493179e-01
-1.152942607130293950e-01
-7.873853957056133890e-01
-8.344229305906039063e-01
6.397692333868061354e-01
1.034532288788769794e-01
4.354846304823276615e-01
2.135056433255628772e-01
-4.317370182836277603e-01
-7.416872476741607212e-01
9.932304042390049936e-02
-5.674764595646470955e-01
-6.830212494229424003e-01
9.996606341416298669e-01
9.506891507973631583e-01
-6.273850484125260696e-01
-5.634164757995669959e-01
-9.790181000522844013e-01
-7.468216468761628146e-01
-4.088528634157657660e-01
7.395470930105303431e-01
3.848160607713111414e-01
-7.329425879820004042e-01
7.938017263081293962e-01
-6.931988962035708912e-01
5.570227629663342395e-01
-3.847366027901342189e-01
-7.330624075517522265e-02
-6.660064940389656130e-01
3.615937052463240597e-01
-9.661964457932561423e-01
3.226119055626934795e-01
-1.865032380503666154e-01
4.685595645325402181e-02
6.187447654530384700e-01
6.875616864569076281e-01
-3.037253959217629529e-01
-7.551480268869208423e-01
1.229914986442026681e-02
8.792063808244052758e-01
-4.704651104599142375e-01
4.841048925784949830e-01
2.058725958247815679e-01
5.083731995469991105e-01
-7.109124027080437891e-02
7.236269823780481225e-01
9.261670396864174482e-01
9.261670396864174482e-01
-3.508344173110422570e-01
-6.333852032617752759e-01
-2.748605931159711080e-01
-1.376543043321645232e-01
-4.920169051879426103e-01
9.653814026529350389e-01
8.628514445116912679e-01
-7.028388606846462938e-01
-1.544796781530743957e-02
-4.563336858499655868e-02
-8.569998810136223444e-01
6.487387667631483446e-02
-2.236922107261691828e-01
1.289239653453968515e-01
-4.017876844335359632e-01
5.723712165053700396e-01
1.083644703359210038e-01
-5.357155799306525523e-01
6.253235772721965624e-01
9.181367124128518853e-01
8.963531321368178872e-01
6.789481620987445343e-01
-7.471672563460181049e-01
4.499662296572790599e-01
3.571449691343258070e-01
4.473653262533998642e-01
8.094023739115649985e-01
-4.628834996300668081e-01
-8.001503253996409271e-01
-9.224936724504602115e-01
6.846055142835427709e-01
-3.287331970552793692e-01
3.572349872710582908e-01
-9.363576477268245046e-01
-4.708683144554099975e-01
-4.708683144554099975e-01
6.862005383059464059e-01
-7.965009842772190485e-01
-7.484551183521543916e-01
-7.970643839238429340e-01
5.214503116597515309e-01
3.902471836676233430e-01
6.117946775879394838e-01
6.117946775879394838e-01
4.306338979293691249e-01
-5.246741627213078463e-01
4.456584986426475048e-01
2.911510086127280239e-01
-3.723840796722988067e-02
-7.712177149612522431e-01
9.822077207065915694e-01
8.654805330948500686e-01
-9.189404090791200019e-01
4.492942719199513046e-01
-5.534044217988758341e-01
6.398832357815531502e-02
6.859944034427383208e-01
-3.080142304380177887e-01
-7.757929371360146042e-01
-7.501423284325765550e-01
7.212613592313059652e-01
6.966693189348707183e-01
9.136677799253336563e-01
5.657757351011494240e-01
4.495187990824347501e-01
-1.002581409075842256e-01
1.539065527916960718e-01
6.945277696029334979e-01
-1.592068689286147976e-01
1.055222867882847915e-01
6.979534005628900140e-01
-9.574266529426329608e-01
6.925199158131092325e-01
3.029114842397242491e-01
-1.299683632449155635e-01
3.511212497290483459e-01
-1.635410384974131937e-01
-4.302671223405050149e-01
7.793994649682944864e-01
-9.352052733540687779e-01
9.950095576241466677e-01
8.003137650553404647e-02
2.291583914097228281e-01
-8.792443463892580802e-01
1.532093441065631723e-01
-5.565693159457463235e-01
1.886592542176208642e-01
-1.801937760772298613e-01
3.893084024232877915e-01
6.568186296279088232e-02
-4.697873577977120796e-01
7.410239634051731805e-01
6.051599367110283012e-01
1.463646581019697468e-01
9.413266218849114519e-01
-8.677087183641811752e-01
6.219082706264258409e-01
2.475868374544010209e-02
9.456062065899584201e-01
1.368503419378748198e-01
-4.578031944885860849e-01
-4.578031944885860849e-01
6.390360685222533643e-01
6.390360685222533643e-01
-2.452584466217875292e-01
5.867246082459520728e-02
4.232467821553771437e-01
1.445695444352801395e-01
-4.406352940597053625e-01
1.499737316390172825e-01
6.779930208405917647e-01
-9.252057473051431558e-01
-1.581487513843460313e-02
2.967035714399284263e-01
-4.124288371431255040e-01
7.191013367274301515e-01
-1.563609641145484730e-01
6.698523298260610215e-01
7.341524466582201036e-01
6.254819641236204486e-01
4.693294029366379405e-02
3.760364922148891065e-01
-2.086650398800820039e-01
-3.407596909690306930e-01
5.772392362801834764e-01
-3.028823044114803409e-02
3.822065646964110108e-01
4.568538745319092875e-01
2.849831207338222594e-01
-3.236944154443612831e-01
-3.197328194007915680e-01
5.149432829803362033e-01
-3.549011517248725767e-01
4.531651982395985545e-01
-3.249512588417089454e-01
-7.540645637070648721e-01
-1.633187893304897109e-01
-6.535623179183822629e-01
-6.697764017896132849e-01
-2.987131688102373506e-01
-4.844238361888759670e-01
-6.742062354686944037e-01
9.434054241133305041e-03
2.170923881740345340e-01
2.416501313495029724e-01
6.766636508524777049e-01
1.662506728199664163e-01
-5.582085138873682517e-02
6.358314626672578740e-02
-2.786697239601341192e-01
-9.618027460256401984e-01
-8.727142258636813033e-01
8.595802569617716493e-01
7.672427504505887619e-01
-2.117800312457924772e-01
-6.655157807708012019e-01
-7.738831357080635520e-01
6.333762814389696238e-01
-9.582690952085350933e-01
-6.768167907024913443e-01
5.485701350490101991e-01
9.434901708283387478e-01
1.374986031422511523e-01
7.056170238018479868e-01
-5.676891314905423425e-01
-1.086058970795480416e-01
-3.325425930138172781e-01
9.750403766086079838e-01
-3.859450153484298429e-01
5.731006304637584758e-01
-6.877491250920471089e-01
5.248659168579943302e-01
-7.980283238024798997e-01
-5.834701684116554432e-01
-5.916727837967137305e-01
-8.837502986840584107e-01
3.938903627236756133e-01
9.764633697104228016e-01
9.759562357708941871e-01
8.574519197337047149e-01
-8.314718605218742731e-01
7.074719378130338576e-01
8.018032477233270061e-01
6.025439190079540097e-01
-8.341249309944942514e-01
-1.143153770287597126e-01
-6.380669019665230479e-02
7.395973846874959179e-01
7.149381418448808034e-02
