-1.266330941947113042e-01
7.208724743844312499e-01
3.642167974826921450e-01
-4.493520350031172117e-01
1.294605046340477350e-01
7.576534399639107686e-01
9.174860517696032947e-01
9.807544323730945646e-01
-6.084023800641510382e-01
-1.162273000116049310e-01
-5.725975412219844740e-01
-7.474778188101425247e-01
-7.979172531747019681e-01
-5.937540064225456105e-01
2.760433055506612554e-01
6.545047754690258568e-01
4.440044266360840819e-01
-3.882830150897703114e-01
1.000000000000000000e+00
2.434935658722051643e-01
8.161795473480515373e-01
-2.059084872992917314e-01
8.697473823881491928e-01
5.239729626087645808e-01
8.260364882373301132e-01
-7.703634975013462505e-01
9.143045075518947407e-01
4.570996872949084633e-01
-7.209282083878979508e-01
6.408050539320151451e-01
5.376223390257102164e-01
5.316181630935665203e-02
8.418041417212260846e-01
2.065574823605691168e-01
5.649699998520845146e-01
-3.713740725792129549e-01
-5.966641363518818131e-02
-9.387949485835502816e-01
-2.415293643842948978e-01
-9.398414754911510460e-01
1.000000000000000000e+00
-6.665729460586273802e-01
1.065758741378218522e-02
-3.847759774413901934e-01
-4.365629343506278737e-01
-2.684286858707761736e-01
8.775786313656834814e-01
-1.792559888132041479e-01
-4.194517955455316915e-01
1.000000000000000000e+00
-6.776313183319193634e-01
-1.391053730016229562e-01
5.781367184415341365e-01
-5.377397907244139130e-01
7.723405177588844595e-01
-1.416552144230866506e-01
-7.924471137704653945e-01
1.476275275871667403e-01
-7.736561573442453099e-01
1.502522339380656380e-01
-6.040232586640250645e-01
3.168949330790211683e-01
2.954650002970668488e-01
9.760098135076210601e-01
4.519961817700334228e-01
-8.635104063474279279e-01
5.108277622356626191e-01
4.060845293888961094e-01
3.347687412337130297e-01
1.889154060130789625e-01
-7.490853044072952605e-01
-5.063129333452953684e-01
-7.426259522274490932e-01
-2.074693740848344847e-01
-9.052465224822152656e-01
3.920502748451470953e-01
2.763995175665934778e-01
-9.497946450094076065e-02
-6.556722388862235018e-01
-9.803777929553079140e-01
2.409199039535463438e-01
8.329733467544839787e-01
2.661951673875138646e-01
-8.920875260136373885e-01
-7.067582457785142047e-01
-4.204237225330687000e-01
1.000000000000000000e+00
1.970156655669639267e-01
-8.929091348283926255e-01
3.348559530638525739e-01
6.409075440694261827e-01
6.306284412341263135e-01
-1.273795773009989141e-02
7.260011704794400167e-02
4.461361752647426404e-01
-8.526635313520123383e-01
1.536515208207407390e-01
-7.158223026846091130e-01
3.090232715299533195e-03
1.000000000000000000e+00
1.500674086386409589e-01
-8.622816640205236416e-01
7.555545826340854809e-01
4.269409455550554622e-02
3.604509060243397123e-01
-4.449178199391136679e-01
-6.128010487589566901e-01
-4.531611066487412076e-01
-6.785410477230275905e-01
-2.582136843191610437e-02
4.490575370470433203e-01
-7.682757483726484482e-01
-3.469061114590258343e-01
9.469983633937610890e-01
8.499496081446653584e-01
2.086242745229729412e-01
5.133641793452989877e-01
6.828054617636182266e-01
-7.708481513797298401e-01
-2.018441099625424839e-01
8.418005064319276087e-01
4.368500131906687955e-01
8.325643151259360941e-01
6.640254920599375499e-01
-5.781229236155337459e-01
6.004297239641720463e-01
-4.110694213095691940e-02
8.213512402499335563e-01
-8.958331855375321062e-01
4.764624299261102092e-01
8.644211473961307401e-01
-2.391961064235594292e-01
-6.870087116852266473e-02
-3.826494080165853129e-01
9.413255194790647318e-01
-8.109071534974531259e-01
1.672166976765139534e-02
-8.712746839203814320e-01
-5.555913195413744177e-01
-5.642842683874288445e-01
5.926581485394989413e-01
-6.905317015922594059e-01
4.897121961411619040e-01
7.808109935050513983e-02
-3.320428706299654031e-01
-1.672401039453271787e-01
-9.263793577643715249e-01
2.185491480249805996e-01
-3.619662513681329852e-01
-7.254541420446221078e-01
-6.207387434855344832e-01
5.465145348616475829e-01
-8.311102619815712300e-01
-6.103456773464353002e-01
7.774602315873151426e-01
1.000000000000000000e+00
4.067849651929610344e-01
-5.390063510161748894e-01
-1.000000000000000000e+00
7.662169500331355021e-01
3.832752584134253016e-01
5.373679812211972218e-01
5.778914476380029308e-01
-3.518610505401622568e-01
-7.407781270833686538e-01
7.978519391178803266e-01
-2.795848543328364189e-01
5.529729166721160105e-01
-2.040799671858148367e-01
-2.568232127882666971e-01
-6.754560235769090371e-01
1.142479425253118269e-01
2.924559122003889122e-01
-5.272573886424015699e-01
6.029220719851956234e-02
-9.760758417022495914e-01
-7.745958621713642245e-01
3.808305527100773746e-01
-9.164404901767437828e-01
-6.632726399033893605e-01
-8.470247352636814941e-01
5.462251388454080203e-01
-2.170865896871075965e-02
-4.870103333142252744e-01
-5.483588311931104631e-01
-1.000000000000000000e+00
-5.646808176577543248e-02
8.009845306005457521e-01
-2.000701287032573550e-01
6.859446595659104418e-01
-9.300179540483799467e-01
-2.183584127750344828e-01
-8.136371151188350748e-01
-1.512169979025795863e-02
-1.159590708479520671e-01
4.431125699070983526e-01
-4.123112801800964400e-01
-2.977497269799200819e-01
-3.023600911437140382e-01
4.640039539294107396e-01
-9.044614800636218144e-01
9.669852161178926764e-01
-8.665335844761042905e-01
-1.247072963024412340e-01
3.030420437052603333e-01
-1.244717210296301668e-01
6.710136323703647099e-01
9.497017585799999440e-02
5.997579789073330669e-01
-7.907368992232638449e-01
-4.455274407176329499e-02
2.886321329153665460e-01
3.896649067250796961e-01
-1.095452838336002377e-01
5.741523277863034291e-01
-9.499736652292158912e-01
-8.614887739418877199e-01
1.000000000000000000e+00
-7.482387581214873240e-01
4.514998208850045658e-01
-4.463395587970673262e-01
-1.647107943912342609e-01
-1.778486905216520864e-01
7.008075506171793645e-01
1.708251729286597298e-01
-7.770542494515982890e-01
-9.162670946946365191e-01
2.661356532479223214e-01
8.357310571520828457e-01
5.276220604567953831e-01
-7.682187758956909862e-02
-6.743566034630971151e-01
3.615852220006280371e-01
5.832313276883818176e-01
8.586262346735230588e-01
-7.415316965066742760e-02
2.874017617038724937e-01
8.931987455709319845e-02
3.867718007539210356e-01
-2.279734678995891661e-01
8.255462301043429152e-01
-2.643878651434717897e-01
7.691350702422006247e-01
8.583456335493233613e-02
-2.821087713635279659e-01
-9.064190771308302530e-01
1.052224873075339046e-01
-5.896266284242063227e-01
6.349285933103051560e-01
2.705049826954717407e-01
-1.407513153483730406e-01
1.067157614127334231e-01
-5.020526933632742939e-01
9.282579193516709015e-01
5.040441086332159148e-02
3.155084142840812178e-01
-5.470455440102575118e-01
-6.323227132882278667e-01
-6.181960251121808581e-01
-1.123707511509540180e-01
-2.638755418546647746e-01
-2.385373866114761654e-01
-5.178119189799674782e-01
2.563748811403117056e-01
-5.026598444553693756e-01
