

gen best mean std
0 91.843172 7.566671 25.169166
1 91.933573 29.501732 34.235283
2 92.533573 56.890852 29.199485
3 92.63548 67.170841 25.661726
4 92.658736 74.35809 22.476145
5 93.327729 77.981601 19.671946
6 93.327729 79.505262 17.879718
7 93.327729 65.504507 39.470857
8 93.327729 79.466452 18.820728
9 93.327729 83.175348 14.874977
10 93.327729 70.193393 39.151399
11 93.327729 84.546511 17.803234
12 93.327729 86.786765 14.63091
13 93.327729 72.501623 38.409303
14 93.327729 78.926801 22.806046
15 93.327729 81.826113 18.449014
16 93.327729 71.475387 38.508184
17 93.327729 83.560648 19.858337
18 93.327729 87.999929 12.890752
19 93.327729 70.632017 39.360888
20 93.327729 91.022303 5.72209
21 93.327729 89.416894 10.340252
22 93.327729 70.272929 40.090528
23 93.327729 86.89279 14.916826
24 93.327729 90.126722 8.255682
25 93.366278 70.970112 38.993787
26 93.366278 89.086131 9.811648
27 93.366278 89.00937 9.299602
28 93.47699 71.351321 39.248794
29 93.47699 90.636211 7.129369

gen best mean std
29 93.47699 90.636211 7.129369

gen best mean std
29 93.47699 90.636211 7.129369

gen best mean std
29 93.47699 90.636211 7.129369

gen best mean std
29 93.47699 90.636211 7.129369

gen best mean std
29 93.47699 90.636211 7.129369