-8.134680980721471499e-01
-7.306086365155111118e-01
-1.000000000000000000e+00
8.323945746160253956e-01
2.134868980890924917e-02
3.575215243215384975e-01
2.918985361717957305e-01
-7.450023842403175056e-01
-1.848844765045647431e-01
4.034388290091756590e-01
3.214460007196207059e-01
-6.374990623487470920e-01
5.194089769085217245e-01
-5.760066700246952998e-01
-9.590285371449038809e-01
8.042113605286324018e-01
7.132871834410130507e-01
-3.652937987693555821e-01
-1.722977737257389008e-01
2.944497057114396910e-01
-8.233485857354347903e-01
6.304964544744204868e-01
6.176485781826779320e-02
-1.000000000000000000e+00
-8.194138515074099738e-01
7.218525029851827757e-01
-4.972970144643565349e-01
7.147361803610109421e-01
-6.074840756534813924e-01
-7.123568201514771658e-01
7.141500584488094105e-01
-1.499032546347046357e-01
-4.854256824088394595e-02
-5.412036191864619816e-01
1.976898405694402783e-01
1.749646581415502666e-01
-8.887024864191017670e-02
2.658071363991525438e-01
-1.960703972056483391e-01
-2.149543519573466899e-01
-6.513709961801071868e-01
5.345376546262048389e-01
2.098085528644757503e-01
-1.142297892301196161e-01
-2.676095371765807585e-01
-5.170463340766008331e-01
1.000000000000000000e+00
9.974280221256481838e-01
-5.000840884171335876e-01
-8.902117227310550884e-01
-6.915361204659520311e-01
3.677326761331388694e-01
1.251456274446747230e-01
-3.963627115057399841e-01
8.389804899194222010e-01
-6.002624631888462403e-01
-5.496394944881871636e-01
1.736090408894837012e-01
2.358105527406333113e-02
-4.978394660408972383e-01
3.692884421960755947e-01
-7.836494722888535103e-01
2.551145532987856290e-01
-6.294164766369664266e-01
-9.412921056171668077e-01
1.876923577470945015e-01
-4.311328712968676147e-01
-7.978405796671266259e-01
1.126273593787038285e-01
5.962357988667139619e-01
8.020305393628870405e-01
-7.171216058773510760e-01
-1.904593673064414183e-01
1.914165179255395977e-01
5.676767183603993461e-01
1.712594024609764842e-01
1.000000000000000000e+00
-6.712026808337546724e-01
-3.074061454856413800e-01
1.163580071406897648e-01
5.138489797499001810e-01
-8.853783869706075560e-01
-7.213075756985409814e-01
7.831928863029754551e-01
1.000000000000000000e+00
-2.683246793470522307e-01
4.737572613331872962e-01
-2.317336806484893152e-02
1.000000000000000000e+00
2.434237757243993272e-01
6.150090789286896120e-01
8.035285028075642710e-01
-5.839338438966557021e-01
6.517625487116074368e-01
-7.208656201530733165e-01
3.506303968558095452e-01
8.532463116460543562e-01
8.851901539450435230e-02
4.985264131577698543e-01
8.254060744852799170e-01
-6.060663655158636809e-01
-4.945421517677194290e-01
-4.415972344545143757e-01
-8.739818061551138939e-01
-8.049507612974211579e-01
-7.097825061490234955e-01
1.818204757520906767e-02
7.997893993201701246e-01
1.101741889171403699e-01
-2.942199550122265306e-01
6.545506303126717995e-01
-1.777988486681586489e-01
8.892710218647612574e-01
3.129560415056036882e-01
-6.273367457943421766e-01
5.504077667604523327e-02
-8.348956239656930567e-01
-6.248687525943948939e-01
-4.356478180986764759e-01
1.077665495643224669e-01
4.629402501382817725e-01
-9.657273651939464187e-01
9.227306330835365333e-01
-8.494346229288224359e-01
5.367517715208406509e-02
2.604267654390574060e-01
2.071535118197820324e-01
1.370000400641657734e-02
-1.508913530068083375e-01
6.181170547408358917e-01
3.183215877112194336e-02
6.607969273067035854e-01
-8.218178661194838197e-01
-6.859228195650635129e-02
-7.592463669216759081e-03
-5.359753336955757064e-01
9.034272741010447305e-01
6.099796593025168523e-01
6.550589051050259570e-01
3.004368203539273807e-01
-9.827588448547939226e-01
-2.129841370066589135e-01
-9.960562996332935626e-01
-8.608603108727412856e-01
-7.870821757866232060e-01
5.583109949611702039e-01
-3.752593702456169522e-01
-3.979448340174233933e-02
8.672139504420235401e-01
3.192421819174264819e-01
-9.041995466014487448e-01
-9.023739954853693401e-01
-4.019049280016351311e-02
4.082984674676823911e-01
2.754573155330469758e-01
5.942653372813273549e-01
8.992646903993259944e-01
-9.745946133266321088e-01
3.443041995282656309e-01
4.239778682555839229e-01
4.113834262443140100e-01
7.023289932174475725e-02
5.320067934616558025e-01
3.329889907001983840e-01
1.000000000000000000e+00
-7.778854609220299254e-01
-9.213201513789730512e-01
-6.687718597406464571e-01
3.581450498204558075e-01
-6.928412096254495944e-01
-6.153430255040532870e-01
4.934083943869516098e-01
-1.000000000000000000e+00
-1.365799122564055335e-01
7.573145386805782975e-01
3.636920177739488835e-01
-8.918027894884832385e-01
4.287139154505955618e-01
-8.424923775704984408e-01
-6.556400560252795273e-01
-2.852711327531378127e-01
6.227842402679035771e-01
-4.656723275930615413e-01
-3.825042268609277762e-01
-4.836148932082902085e-01
1.000000000000000000e+00
-8.927111116234927035e-01
9.211467262829531322e-01
4.360429045288356509e-01
9.319952779701785595e-01
4.199516672163314812e-01
-3.558064406801221269e-01
2.698653261135024461e-01
3.542038946321546256e-01
-3.013978568916131362e-01
8.648502544081637655e-01
-6.401455107663018840e-01
-4.290698524699776417e-01
3.383098987914468503e-01
5.642472763721131379e-01
7.524388523465470602e-01
4.182694906878962060e-01
-4.712753327678934623e-01
2.816776900404799333e-01
-2.927088613029216191e-02
7.098351853431437153e-01
1.918183120785177387e-02
7.240780066437084717e-01
-9.358424355611854040e-01
1.019707749237108996e-01
-4.625628332309978941e-01
-6.613885291791048449e-01
3.707938850429536026e-02
9.950896970432800970e-01
-6.863214102628794056e-01
-3.689380511714552835e-01
4.753370198514267897e-01
1.000000000000000000e+00
-6.314944708301939436e-02
-1.774145429418218511e-01
-5.209795499769298566e-01
-4.454123550544064614e-02
6.392993195358808167e-01
-3.569032068990589668e-01
7.065627392231359494e-01
-9.109196796064404911e-01
5.396958510080304694e-03
9.433101087509428995e-01
-8.508809191667483507e-01
-8.643823140174236030e-01
-1.127848511334110793e-01
4.812548557039806330e-01
-2.894959796885603343e-01
-3.036914187362516060e-01
6.081380520247083865e-01
2.443696437690685563e-01
-1.342782088750900105e-01
-4.104788049458554244e-01
-9.942752182752561119e-01
4.130839993566673973e-01
2.726502525869680671e-01
-4.102893288334939492e-01
-6.163601890383364063e-02
1.256974416355308155e-02
8.326172067376624852e-03
-5.456845614226220054e-01
6.890577698234201520e-02
5.529323719551570981e-01
4.744465993686646232e-01
-4.902136909495157790e-01
-1.728952345488996567e-01
-2.229435559962333890e-01
-3.490209161423003525e-01
8.540058291189330797e-01
-4.306202116935673452e-01
-1.853335291192110823e-01
-6.994456307820551277e-01
8.214534145318352909e-01
2.159710881705669827e-01
9.543118148942819623e-01
-5.110164720205412348e-01
-4.256769569444287526e-01
1.677476428147120779e-01
4.376783033498649056e-01
7.269537503343239671e-01
