

gen best mean std
0 91.843172 9.583712 28.488967
1 92.966278 40.526661 34.826713
2 92.966278 64.553922 25.994792
3 93.012614 67.696231 33.552894
4 93.012614 82.326229 15.356709
5 93.012614 81.387134 18.027054
6 93.542505 71.629385 35.67284
7 93.542505 85.431774 15.918152
8 93.542505 87.102267 12.496826
9 93.542505 83.940781 16.977955
10 93.542505 83.686943 18.523549
11 93.542505 86.450655 14.665858
12 93.542505 87.327934 14.037964
13 93.542505 82.884361 20.253079
14 93.542505 86.973225 13.767212
15 93.542505 71.43697 38.518554
16 93.542505 88.373369 11.894039
17 93.542505 88.447179 12.805936
18 93.542505 71.053106 38.672659
19 93.542505 90.138422 9.092169
20 93.542505 90.589237 6.295149
21 93.542505 71.289641 38.893585
22 93.542505 86.433409 14.925027
23 93.542505 88.687753 10.603318
24 93.542505 70.822505 39.077196
25 93.542505 89.86865 11.420119
26 93.542505 89.380825 14.190369
27 93.542505 71.760017 38.461347
28 93.542505 89.341135 12.803125
29 93.542505 90.270673 11.741904

gen best mean std
29 93.542505 90.270673 11.741904

gen best mean std
29 93.542505 90.270673 11.741904

gen best mean std
29 93.542505 90.270673 11.741904

gen best mean std
29 93.542505 90.270673 11.741904

gen best mean std
29 93.542505 90.270673 11.741904

gen best mean std
29 93.542505 90.270673 11.741904