-7.005644829835399046e-01
2.586459539774026428e-01
-9.623974680922864344e-01
-8.625765278913452017e-01
-2.992888200140238486e-01
1.506503099473941176e-01
8.596068742307116928e-01
5.376708054214250909e-01
2.907749837868724430e-01
-2.330620522048033605e-01
3.150788114322779221e-02
9.031778181352012602e-01
-7.364151134849372671e-01
2.289876227943432596e-01
-3.552594818990768566e-01
-8.001540564016232926e-01
-3.430955785943977654e-01
8.953227314397518288e-01
-7.974875853086033084e-01
-8.806895686118128008e-01
-4.105491339330996081e-01
2.376920316151718282e-01
-1.000000000000000000e+00
-2.859188900956979862e-01
-5.312723361533174815e-01
5.724146308189588250e-01
6.693511833735641403e-01
-8.935951333213368875e-01
-5.845426393388934994e-01
2.041194232883641047e-01
-4.060881914416211713e-01
3.633614745858848583e-01
6.342238688918984402e-02
-3.488980624433078437e-01
9.265700619831848117e-01
4.845532457844686225e-01
-7.257051162496340746e-01
-7.887122881403313412e-01
4.696849086279146768e-01
1.547588849996569538e-01
-1.816398433374550592e-01
-6.290779298009780973e-01
2.781453230789693309e-01
9.172813083650045440e-01
9.640168939486237765e-01
9.961824210483376518e-01
2.124106321417366106e-01
-5.459787040342849451e-01
-6.867296213278394346e-01
-3.645986814863090286e-01
9.718205810480524676e-01
8.252376658220120786e-01
4.560953765198738630e-01
-6.978529340389183488e-01
4.367146177426117215e-01
-5.808875863434597164e-01
7.169747447761622983e-01
7.971512586192908145e-02
-4.809915402720544852e-01
-9.563397229782790721e-01
3.308559556751589636e-01
-9.373813648420767919e-01
5.894497244641331291e-01
-8.678117085310472767e-01
1.000000000000000000e+00
5.129037050467655234e-01
7.510556347689660850e-01
1.731632103830915703e-02
-5.757372152333479765e-01
-1.297478432382295765e-01
-5.585652048919398371e-01
2.549545256888758882e-01
-9.015575120936855646e-02
7.012063846037710491e-01
6.813839843836300147e-02
9.399591580162554028e-01
-3.469406328290497443e-02
8.299418013217692014e-01
-1.000000000000000000e+00
-1.036288039751447343e-01
-4.265480176113322641e-01
-5.406387547851789765e-01
-5.107098799172753445e-01
5.352305435015906054e-01
2.271641733312332323e-02
2.592662068953124344e-01
-1.000000000000000000e+00
-8.581673494727406482e-01
-5.296984633080437099e-01
-9.587699602487529393e-01
-8.627436040669020367e-02
4.797142959608416413e-01
-1.000000000000000000e+00
-6.763445630820127952e-02
3.314358833372390567e-01
7.415330114575688358e-02
7.027661028809026322e-02
-4.189966883361391226e-01
4.692468549238395514e-01
8.621267982192819535e-01
8.508590903521513760e-02
9.538853495901088442e-01
-2.303556448563830183e-02
5.763986869828433557e-01
9.089672698043668730e-02
-3.794702358758491600e-01
-7.656250106929936017e-01
9.390196262355443579e-02
8.015945088879784519e-01
-4.128811929084984511e-01
6.227335980191456288e-02
7.699560965579360650e-03
-1.987575852626135564e-01
-2.333454265169399022e-01
-8.110519238956483967e-01
1.577420767325317663e-01
1.134215698820147389e-01
-8.337280926887500332e-01
-8.487053200136514264e-02
-5.512742031887167826e-01
7.032728024368201103e-01
-2.301846185426139613e-01
8.453828224143739023e-02
5.803418749510903807e-02
-9.647288494601105047e-01
7.763664129962977167e-01
-6.123641241234367705e-01
-3.681880792361573174e-01
1.000000000000000000e+00
2.468082935298580582e-01
-8.967106122329762119e-01
-8.708007740433998389e-01
1.000000000000000000e+00
7.465376863476371749e-01
-5.850034238028753997e-01
1.106788740597809684e-01
-8.069341106205580871e-01
3.032509402946557131e-01
1.026564576237021242e-01
3.753968224332204784e-02
3.708886254004629679e-01
3.837533785135019415e-01
-2.640594496674460862e-02
-4.755987273576419705e-01
5.982747159271288862e-01
-2.990752797870854240e-01
-7.529798670056241372e-01
3.008796209257771359e-01
6.435947300861668552e-01
-9.176326251359332442e-01
8.279176047557310625e-01
8.409858917373611575e-01
2.124721643294615880e-01
-9.603863456173827862e-01
6.406408892216143292e-01
5.676193408404235363e-01
-4.578951361959704980e-01
5.722361661912036546e-01
3.186888662767171643e-01
-8.527130065244886703e-01
2.913224557269440962e-01
3.475630778910524521e-01
1.404397625694768781e-01
5.745844574201065535e-01
-2.404140684347042534e-01
2.762256720561405698e-01
-9.903522737576924140e-01
3.629410392815461961e-01
4.555410148747531807e-01
7.185508840503476019e-03
-6.083461946691630651e-01
3.227286358261657329e-01
-3.264258776295084208e-01
-6.110422751804633901e-01
-9.436203678607679723e-01
6.610169599609283519e-01
3.644364056211462088e-01
-1.848077533602232037e-01
2.668603717094030769e-01
-7.240327650002871263e-01
5.228882306795034074e-01
7.845760791145664492e-02
-1.000000000000000000e+00
4.999796910279141748e-02
7.851473857583806115e-01
-2.532382756368640742e-01
9.189744618006000509e-01
7.418672982898939505e-01
-6.119292368364663559e-02
-7.579498173890395485e-01
5.891141351902411394e-01
-3.235735754751696280e-01
-1.000000000000000000e+00
-2.566184911394489010e-01
-5.062878190085468022e-01
6.614153860024644116e-01
-8.545306384386313070e-01
-2.211526267544103863e-01
-7.486653555148776729e-01
-3.349647979484494664e-01
-1.000000000000000000e+00
4.450607277452391930e-01
-9.333095477534842921e-01
7.223623127482488027e-01
2.235554059673763028e-01
-5.733219988164878211e-01
3.417240249478949443e-01
4.616372796282880442e-01
3.268204105643870427e-01
-7.807463933263347755e-01
4.266628349677039078e-01
1.917313250598940144e-01
-8.689214835633760070e-02
-7.192528948760522622e-01
6.375410939031692648e-01
-5.404716609798144722e-01
7.385392830694637034e-02
9.010822107133450443e-01
4.648119185962620303e-01
5.136135396755323601e-01
1.058965791342814655e-01
-1.552120497537899935e-01
1.000000000000000000e+00
9.274873675430432840e-01
-1.378994322808110851e-01
4.983820983078158795e-01
-8.848273485021442841e-01
-4.841847786586356284e-01
-7.985499651556515754e-01
-3.310611321962336762e-02
-5.994679167819014776e-01
-2.940089086929023043e-01
-2.341322920659546780e-01
-6.572195709992312285e-01
2.353261945935116728e-01
-4.877378265824462433e-01
5.196411175552644313e-01
3.253070413386195403e-01
-4.826722809270853620e-01
5.357098850680387381e-01
-9.509242604503114205e-01
8.195890164051975457e-01
-7.883446024094910021e-01
6.629000354301425313e-01
-9.450058804544678726e-01
7.213138925976602112e-01
-7.740858235346387284e-01
-3.093274916759933824e-01
1.979466492305523018e-01
-1.000000000000000000e+00
9.455692885936588521e-01
8.905472036879318321e-01
1.659931403770888991e-01
4.140433295595127294e-01
2.594717089982760405e-01
2.636565523731290717e-01
-8.322259046995210685e-01
-5.620045073530011148e-02
8.523027841361190127e-02
4.895270206275792457e-01
-3.005192099966165209e-01
8.365445701587576055e-01
1.330078622618929285e-01
5.066560075796249230e-01
2.765254987137012455e-01
