3.006216748299459507e-01
-4.316288242950466758e-01
-7.651623336336220715e-01
2.134182262509701222e-01
3.008197522878064412e-01
2.737274505482275577e-01
8.987857167824603311e-02
-4.248357200847463488e-01
-2.613599158913681997e-03
2.072613106085343937e-01
4.342307180112220388e-01
4.312934674709466010e-01
-5.809735878232024087e-01
-2.009582379255065998e-01
-1.000000000000000000e+00
-3.200614913292010311e-01
-9.480203470892216433e-02
6.440900805010121855e-02
1.000000000000000000e+00
-1.546815615197061899e-01
-9.530307798510304629e-01
-5.528894310818203151e-01
9.842798489888578972e-01
-4.985939937342597217e-01
-9.091997287228260616e-01
-3.771179951164393973e-01
-7.298416663651663416e-01
1.825919139882579978e-01
3.451373538726554280e-01
-4.598651559488682872e-01
3.936361764211082637e-01
-3.353316134479980559e-01
9.079223941188379055e-01
-6.203669481534924701e-01
4.576612984365593384e-01
-5.633451001525107138e-01
8.529938807055930106e-01
-2.805246164313950352e-01
4.599503909926934142e-01
-5.689659859957051369e-01
-8.667706396020660176e-01
4.869906817759599438e-01
2.975666984334535692e-01
-7.190585802747178068e-01
1.633419878328566111e-01
-9.825783908826091206e-02
8.987817214952849021e-01
-4.846726776132230796e-01
-4.465132683018046555e-01
3.799120917898456962e-01
-8.001089051115428674e-02
-3.982318497286245762e-01
2.526102340056031736e-01
6.988644221712561055e-01
-1.528562383317548234e-01
-4.330417366513806821e-01
4.743718411239994381e-01
-1.370274563979140270e-01
8.318400334805591267e-01
-2.898009351397579092e-01
1.000000000000000000e+00
4.396145757417462274e-01
8.863620202241913049e-01
-9.601755020794449091e-01
-5.631224931806476375e-02
-1.350924685161691008e-01
2.212974123334328080e-01
1.994405444423944795e-01
5.091229115336182165e-01
1.235314638320106698e-02
8.533458443725892018e-01
-6.724144228694218794e-01
-6.239755027040880808e-01
8.818219701549684375e-02
1.000000000000000000e+00
-9.307673109135464751e-01
-5.271203420301463494e-01
-7.653542400612055596e-01
7.062497326827201771e-01
8.311320781751068143e-01
3.545068333752715017e-01
-4.418546365449339541e-01
-8.709748337695057963e-01
5.100875133403359740e-02
9.376220663580725478e-01
7.237649428136505581e-01
6.320401467206137047e-01
-6.707357382758150077e-01
1.000000000000000000e+00
-4.933431000841748126e-01
-1.117543131165178172e-01
5.924481388638005441e-01
-9.657730807012585572e-01
-8.074097052428368393e-01
-8.327846103546907019e-02
3.650490145763355399e-01
1.292965654933241337e-01
3.271813193874510972e-01
-1.000000000000000000e+00
-7.987601400177888333e-01
-7.381161133275513375e-01
3.956510836755371407e-01
-5.026100207555583843e-01
9.417345658631012251e-01
-1.000000000000000000e+00
-2.343224083027897753e-01
-4.661710939705810408e-01
1.917082434846553163e-01
-8.708015847902976780e-01
-3.998666630543815659e-01
-3.538622930106078424e-01
-4.673772434572178724e-01
9.003277137624694504e-01
-9.011815689477665758e-01
4.411483241048681503e-01
1.585304632728289087e-01
4.776581721294163030e-01
-4.864283071243011847e-01
7.843782862714838711e-01
-1.052928775560639518e-02
4.348307736765232856e-01
-6.285259009552270903e-01
-9.672376508412900975e-01
-2.929574320392180353e-01
2.282852643381350077e-03
-9.808502405414152303e-01
-1.358552699784111584e-01
4.826960395783317370e-01
1.000000000000000000e+00
-5.738389264962504011e-02
6.634770077729643667e-01
-8.051488326156547304e-01
-7.098684352913435802e-01
-4.986724343970760920e-01
-8.009625075452904142e-01
-4.181907584556707191e-03
8.588333827767220541e-01
5.106647818868002009e-01
5.832081813183714880e-01
-9.781795469809819732e-01
5.131086765680388517e-02
-7.733535639328231737e-01
-6.947531148405883261e-01
8.028627004908779341e-01
-3.793842966102412562e-01
-6.824609692979461961e-01
3.835994864379819180e-01
-8.332639931718560655e-01
9.142035447281723348e-01
-1.224132855512003182e-01
9.696524170753992866e-01
-1.382091834702665611e-01
1.000000000000000000e+00
7.875556237991536701e-01
-8.404776305139267656e-01
-8.157541836813657632e-01
4.727152070974674491e-01
-8.670444716482429426e-01
-6.652483413337331730e-02
-7.029656622618893902e-01
9.730386005460167631e-01
5.152278912238171804e-01
-8.550656010756823022e-01
4.532482767447375271e-02
-5.455144196295321768e-01
4.193948580611340793e-01
-4.048780509744435707e-01
1.000000000000000000e+00
-8.257772045522472348e-01
2.200504712220883174e-01
-2.788238693866675888e-01
4.269575186598476568e-01
-8.087104874709777347e-01
4.417873939122915483e-01
-4.562979473737424074e-01
-8.208474886798384773e-01
1.000000000000000000e+00
5.383098419249726652e-01
1.973908983318778954e-01
-5.965015687515450304e-01
6.016341310911358375e-01
5.365916236966108421e-01
9.375504581950839800e-01
-7.787720748807835935e-02
-9.472593431323181878e-01
5.822513802425699492e-01
6.075494506970149367e-01
-1.000000000000000000e+00
-8.355062649550273890e-02
-2.506689067675993421e-02
-8.554052592153545964e-01
1.600257417827559425e-02
-3.612201495941565477e-01
-1.599926365367377035e-01
5.419383063788032473e-01
5.811046769779832921e-01
7.688699612211791212e-01
2.485557802138527173e-02
9.385108674626765346e-01
6.122866481823963092e-01
6.424924024406710732e-01
6.777653993714086722e-01
6.843940892967894651e-01
-2.529525458554371387e-01
5.665057216984691058e-02
-9.169162689787624387e-02
-2.157293704045565030e-01
-6.371504625447419468e-01
-5.975115475289933809e-01
-5.941413847274868987e-01
-7.897036327778335085e-01
8.156544976329898056e-01
1.000000000000000000e+00
5.375748543795357826e-01
2.347210158609455699e-01
9.773978307341837368e-01
-7.128685154145217862e-01
-8.293428739473270861e-01
9.177975193969789558e-01
5.591311419434654706e-01
7.371993313669347181e-01
5.239662923380328241e-01
1.000000000000000000e+00
1.000000000000000000e+00
-1.245312912194861954e-01
-8.310158159352091234e-01
3.089114338916048585e-01
-2.127997900817824029e-02
-2.809239552451165967e-01
-3.321777557928548563e-01
1.000000000000000000e+00
6.187571637445110628e-01
4.471920368349807662e-01
-4.177788605419521795e-01
-5.194870916194773702e-01
1.429621422480042148e-01
3.542500016014872299e-01
4.240581394156361927e-01
-9.274865296396831438e-01
-2.068017275508819974e-01
-8.424570729345444153e-01
-6.500433738562846342e-01
2.720167355099214479e-01
-1.000000000000000000e+00
-2.148064185103989998e-01
4.982453742654708445e-02
9.637756023067124422e-01
-2.756190589047704531e-01
-5.806016059106121618e-01
4.573351962247378388e-01
7.913315967181131505e-01
5.812254950372739426e-01
7.467608140666235350e-01
1.503643559146218278e-01
-8.316313833772834840e-01
-8.968085381739355766e-01
-4.603384730954964560e-02
-9.198611155993077215e-01
5.808394436060091426e-01
5.855676128215978604e-01
6.345739501697764684e-01
-5.913943334988186473e-02
8.822062227630450559e-01
-2.719991431715806929e-03
4.245287976181528755e-01
