-1.926447200287253469e-01
3.200272014101321894e-01
9.630571366597165950e-01
-7.108910374216665939e-01
6.509850845719570289e-01
-9.401773915865230258e-01
-8.670703110456373652e-01
7.967852788185740831e-01
-4.068854706909792451e-01
6.928109212183053423e-01
9.499148433445198797e-03
-2.836108363320921644e-01
3.371456856322141427e-01
8.746615255333241024e-01
-3.413855323438361178e-01
5.901267101295275541e-01
-5.813694426757383127e-01
-8.414735891857023642e-01
-7.825247272668018894e-01
-3.366494918791624880e-01
-7.770714344931202167e-01
-4.615585047040677846e-01
3.903408853164327397e-01
8.208427993088607266e-01
-2.111209418784953940e-03
-8.187377730720475366e-01
8.311342515892878868e-01
3.474736804503339993e-01
-6.460695375083556069e-01
-1.091462065614254850e-01
7.650061113303449067e-01
5.045231388192086275e-01
4.313355522844106726e-01
-4.185953708594394168e-02
-9.365701788034419550e-02
-3.737852502098659713e-01
-3.387339578916601646e-01
3.929830636477520400e-01
-1.000000000000000000e+00
-4.738019793454928408e-01
-4.526538946914338002e-01
5.443077827591771278e-01
1.706895300525619330e-01
1.514496421375338686e-02
-1.848011413839527051e-01
6.673642222982321126e-01
-5.282282642738085343e-01
8.575587865165228418e-01
-2.669542692558857233e-02
-1.776978308011045726e-02
-3.352184761583838490e-01
9.279484203219943161e-01
4.392086141622089102e-01
8.026662801819588466e-01
3.147586279505985019e-01
-2.017061744165067616e-01
9.126804715397107692e-02
4.398171163349873236e-01
8.914357305684756927e-01
-3.488037307734340176e-01
2.130274323920217927e-01
4.676064721372914512e-01
9.176908266682870519e-02
1.802504175950698784e-01
-1.207133148756664026e-01
6.454499242618703114e-01
-6.423729563158260270e-01
-6.743204506813580412e-01
-4.193208968579507090e-01
-6.612113797198492238e-01
-1.452227045976317577e-01
1.000000000000000000e+00
-5.906718362565658298e-01
5.374454833646888918e-01
-5.804491987263478148e-01
3.429502278015712502e-01
6.599555043252840481e-01
-7.770195175975120883e-01
-2.362209093621803202e-02
-9.396736519467925319e-01
1.742880474870266705e-01
3.370663003073866015e-01
-5.237910935711087568e-02
8.315275693541579471e-01
3.107872301345759869e-01
-7.737675029275781213e-01
-8.181227195127305230e-02
-7.791770227526797488e-01
-2.885815669452511667e-01
1.000000000000000000e+00
-4.025288701150565862e-02
-1.000000000000000000e+00
-6.667346303419205977e-01
-8.272664896758503694e-01
-4.391048296904933590e-01
6.673733298111612644e-01
1.063512879809916933e-01
5.612540151104002950e-01
-2.257419985598364820e-01
6.354962824745622463e-01
5.508046213615092057e-02
6.461024499754955963e-01
1.019761327104575788e-01
7.501726905500569753e-01
-6.371189027946877470e-01
-5.449562804903993474e-01
9.735757320807580939e-01
6.521629146622197615e-01
8.602220804987376068e-02
8.691163571136191202e-01
-3.380074763640277258e-01
1.978583950586407791e-01
-9.217786282962682209e-01
-8.658272272200995268e-02
-2.800901607389929548e-01
7.798095582142017257e-01
-6.685703910076080669e-01
4.995756282282100003e-01
7.868692513732729044e-01
-3.665846549496857287e-01
7.714805050928346120e-01
6.665618236993952062e-01
2.932051529284771529e-01
4.111543548590934072e-01
-1.195590211378518841e-01
1.964400199071425490e-02
-1.000000000000000000e+00
3.874976939410832433e-01
-6.871123202475513114e-01
8.344641787894260254e-01
-3.656706348256399952e-01
1.156123780734004125e-01
-8.006181128723237617e-01
4.788325532282873276e-01
-6.123807714038731476e-02
4.825780893937892668e-01
3.159993994204657319e-01
-6.748921919705045402e-01
-4.770008321080920766e-01
-6.041152287435094248e-01
6.049428666476897032e-03
-5.000005648112431089e-01
1.689227309276830624e-02
-7.528310420934649638e-01
-1.000000000000000000e+00
6.660282750207382474e-01
-1.142769942611578937e-01
1.748049265417109255e-01
-4.821622571499837306e-01
-5.580569026791963871e-01
-5.347963858912138102e-01
-1.000000000000000000e+00
5.313713794637031640e-02
9.764899735264083169e-01
-6.311743178590132342e-01
1.280790304174010963e-01
-3.558983351471085577e-01
-7.040357652397830623e-01
-3.828416241940142406e-01
3.951381518576548846e-01
7.935083207393632820e-01
2.420487832525964889e-01
-6.266320829215892285e-01
8.751350632863772461e-01
-5.375563897920399015e-02
6.418522384952962678e-01
-6.325052706843217187e-01
-6.086512128510792596e-01
-4.436843090952284907e-01
-1.417860993715416296e-01
-7.511369553864487569e-01
2.003688704746267590e-01
-5.914671736218859444e-01
6.175822346411395936e-01
7.846717670720966264e-01
-5.213900256966257363e-01
-8.098194212715535967e-01
-6.474866731114623519e-01
-9.405568346143222680e-01
-8.373670103764858652e-01
4.437900302263777519e-01
-3.429308109613875555e-01
9.868804461888145418e-01
8.866470911106594244e-03
6.018998305353009393e-01
-5.014465477223386536e-01
5.507826348634876634e-01
-7.766968084073233580e-01
3.607649772636074559e-01
5.220349769888541491e-01
-3.865604615152099521e-01
-8.122308484679954255e-01
2.492571262467231652e-01
7.719270289699636800e-02
7.985600527694456385e-01
-7.592622450693267133e-01
7.186753053991359330e-01
-8.347532380101474470e-01
1.679252432449650501e-01
-4.237427417720098233e-01
-6.392678662000372825e-01
-9.733720939647132475e-01
-7.645716823534454143e-02
1.119035027941059912e-01
7.900947576631347502e-01
3.340655013384337124e-01
-9.680995419667615121e-01
-9.170772577066226006e-02
-1.374231893846848962e-01
-3.309105601531894258e-01
-7.970171873564042553e-01
6.769443050281255259e-01
-3.617129406584413953e-01
-7.375747566172710101e-01
7.603954784099054010e-01
-3.196804921815354916e-01
-8.101204137525491733e-01
9.564791423057124042e-01
3.614191381537990022e-01
7.526734178558676103e-01
-8.762499948533044591e-01
8.106429421926826251e-01
-4.023901709933831450e-01
1.344424579839718081e-01
2.578500450897077134e-01
6.066822972972694128e-01
-4.834877032040381106e-01
1.237337772145001846e-01
-4.754160961563198562e-01
-7.459828348364214712e-01
-7.111669432633169752e-01
-3.184646503422473018e-01
7.360363061183414768e-01
7.073345239395647521e-01
-5.454159163072900274e-01
6.564887041078426577e-01
4.660385632426715663e-01
1.531187713217385671e-02
5.331243618062782019e-01
-1.901955924163243328e-01
-3.953862476784286706e-01
-9.131994462848997962e-01
-4.997179789326966493e-01
5.859224517977650315e-01
7.497872447952846908e-01
-3.783635611963946932e-01
-9.781015151329111035e-01
5.059762056488253945e-02
4.557230585186840544e-01
-4.811306237078409875e-01
3.895752116701232115e-01
-8.270089619786546997e-02
1.000000000000000000e+00
-2.053270859716203045e-01
9.682178226895854500e-01
2.881115357918956343e-01
1.351189844001160489e-01
-6.160025085969895731e-01
-3.100321759927580079e-01
-8.858286561778918600e-01
-7.840967192480496895e-01
-2.365995357571757385e-01
-4.697213455255748737e-01
7.331293001235041906e-01
8.465786661412827430e-01
