2.599647068920195592e-01
-5.505035102793104373e-01
-8.318971715781084963e-01
2.302548143396522529e-01
6.025643207170814364e-01
6.663212328445911048e-02
-9.278551355605181294e-01
4.399420605864081124e-01
-8.499099780890320144e-01
-4.031164786306797310e-01
-9.026663335575628722e-01
6.598158141391222697e-01
-1.655611524881628049e-01
1.000000000000000000e+00
5.220937088890034161e-01
7.600399478950872201e-01
-4.667022499546741310e-01
-5.428231969479202501e-01
5.867692576734115928e-01
-2.263926171412619370e-01
-2.102100801450013101e-02
-5.960458300023706579e-01
-2.388737105466328947e-01
-3.404981815018539582e-01
-7.339364304603104294e-01
1.604596977600691865e-01
-7.768308334300386697e-01
1.334796450371632248e-01
-7.633513071164896857e-01
-2.702508397322939127e-01
-8.928998701676634786e-01
7.226752399472972099e-01
1.572981172473052469e-01
2.747350591491000138e-01
7.087444258007113973e-04
7.493097639277472855e-01
8.806728286071505707e-01
2.037325336888767269e-01
-2.308602815995216551e-01
9.096257109971924715e-01
8.278226671219903743e-01
-3.861902905139298625e-02
1.647858839801414343e-01
4.329201154525924022e-01
-3.239077365537028630e-01
-6.011006677293125877e-01
-8.895429375476791023e-01
-1.014526458635458539e-01
5.208834463554447014e-01
-9.951987321287660837e-01
-1.000000000000000000e+00
-9.413639693986477486e-01
4.082152765185326770e-01
-1.000000000000000000e+00
-2.433258545045264842e-01
-6.679411971432946959e-01
-9.579408208426762883e-01
-1.641749216256018773e-01
3.976718084253853119e-02
2.278195936914348130e-01
-2.978012910341381048e-01
-1.000000000000000000e+00
8.897973126990765813e-02
-5.416720969335502289e-01
-4.221673533440092330e-01
1.794879630784613767e-01
8.819401573483930390e-01
3.527347259552122694e-01
-1.000000000000000000e+00
2.752925940761059564e-01
2.451298630293277658e-01
2.994791729182852413e-01
3.432583540093789853e-01
7.105025569639543681e-01
2.661010185271572848e-01
6.404279623775535057e-01
-8.285449677129004264e-01
-2.331422372884124350e-01
-8.454932220952278143e-01
4.988995233860322176e-01
-1.704565809788092801e-01
-2.156405005935257968e-01
5.015916263619150106e-01
4.994994598766196447e-01
5.620559135039068233e-01
-5.954403679891906442e-02
-1.693226594926324768e-01
8.555816503029578524e-01
-4.448869004631525459e-03
3.519153393420748066e-01
2.567063436011969291e-01
-1.000000000000000000e+00
-1.659604711010298495e-02
-3.414310472245154493e-01
-2.355777986505063204e-01
-3.466573784473431230e-02
1.000000000000000000e+00
8.606150690041464157e-02
6.589482539030266928e-01
-6.009580037750075210e-01
-1.675344512016758713e-01
-1.000000000000000000e+00
-5.517974398001257441e-01
-1.000000000000000000e+00
-3.550072929539322408e-01
7.595267094480597780e-01
-8.831247560500001814e-01
7.107997395855327749e-01
9.330157479266721898e-01
-5.999058321737025246e-01
3.863855482453565360e-01
8.862467054149653078e-01
-8.406383356021491782e-01
-3.688841915872398403e-02
-6.554334117418484373e-01
4.762202066825418356e-01
-3.467331050783344359e-01
-6.340927125736139924e-03
-5.850184831088000026e-01
-2.427854260803569419e-01
6.285190544358341125e-01
-6.359971484925377450e-01
4.397968391760505025e-01
5.921801641287314233e-01
-1.766264063868349665e-01
7.616395124459212074e-01
-7.690438169693518677e-01
2.295952031438630581e-01
-8.876480194620487429e-01
3.578737043814137486e-01
-1.056209710654840150e-01
-9.949309745180912046e-01
-2.100312751581706605e-03
-9.218354476524560637e-01
-3.301420488579118184e-01
-3.665511064011259812e-01
-6.965304035005802641e-01
7.841583835022798432e-01
-6.102296897711142476e-01
-5.796192413586388481e-01
-8.798579829980390787e-01
-1.781273391480610313e-02
-3.832800303306980183e-01
-9.312312743155457540e-01
-7.734234547879401678e-01
-1.863849535293098381e-01
-3.705772392796102821e-01
9.901007572620573738e-01
8.206532660423592196e-01
4.632971630439695065e-01
6.080597419127748982e-01
-1.734288094444340622e-01
-3.476960959896683856e-01
-9.475808848699306397e-01
3.782736523287190122e-01
-5.627851771705179029e-01
2.251443846640590607e-01
1.951305217094289612e-01
-5.130474807274371107e-02
6.482199420141467883e-01
-2.527727297071465790e-02
8.387901141416118644e-01
-1.930501061704814614e-01
-5.569343965662559848e-01
8.656547829250524906e-01
6.420347370697363498e-01
8.296576439346523557e-01
3.907498549897433504e-01
8.924603613669481739e-01
6.124504429022570307e-02
6.933246921182628641e-01
-1.000000000000000000e+00
-2.258984690716095423e-01
-1.069849499575909607e-03
-6.577968263347713229e-01
-3.579270427384957931e-01
-4.491863012245640996e-01
-7.365103751629828999e-01
8.302175385837731736e-02
-1.449299401563090284e-01
5.469896987815351386e-01
-9.770860877149563084e-01
6.950718503323558006e-02
3.620793043057022320e-01
8.450003344572962760e-01
1.570928035970247105e-01
-8.656598694897030266e-02
4.752790488800973101e-01
-8.806133244912779379e-01
1.672304405586138021e-01
-4.415631151048138303e-02
-6.674238873087743329e-01
4.645538369355277641e-01
3.872260479411520073e-01
8.335486783493200047e-01
-8.017010012610604752e-01
-9.605640056940556448e-01
-4.928662493475532980e-01
1.836587745727503440e-01
-4.043507650004781739e-01
1.013197594555496073e-01
5.021641666077163446e-01
-3.129644601609711252e-01
-8.724268747991745787e-01
-8.508651785349856667e-01
-7.746603411316721477e-03
7.796204737141934071e-01
-9.078026652203685654e-01
-2.143942986332962597e-01
1.032158451451881120e-02
-8.219387382644693929e-01
-1.373293613300603511e-01
6.524050628567137911e-02
-4.566203145606964608e-01
-7.384265006310615220e-01
8.204252859077013627e-01
-2.230778231846013981e-01
6.814091553992692729e-01
4.566459370550099983e-01
-2.666421321396348909e-01
8.946095749284594945e-01
8.247332679791141707e-02
-2.290703197012700087e-01
8.227076329877035521e-01
-3.244198196909902077e-01
7.518146445679061429e-01
-5.317704057203127554e-01
4.142675176304937978e-01
-2.339284840948492317e-01
-4.858498738514052118e-01
1.824055955695929043e-01
1.694654789929586070e-01
-3.977968070726225491e-01
4.407550922436245244e-01
-4.425132369435373358e-01
-3.910238925165277490e-01
-1.485449242112362733e-01
-1.088994002752159407e-01
5.057348645202811577e-01
-5.057710565581166051e-01
-9.327658779067049544e-03
-7.736980858012088014e-01
6.997876091900413487e-01
1.858309994924889352e-01
5.680628012502730861e-02
4.540684617781669541e-01
-5.896655044413309232e-01
6.763214588765279478e-01
9.131324202674500068e-01
-6.619357049036506124e-01
-9.831194211075330314e-01
-5.196635269561988846e-01
5.168717358187233657e-01
7.977781318845384995e-01
-9.251848490647406054e-02
3.612333207606170382e-01
1.908668036080556907e-01
-7.636443546616129563e-01
1.000000000000000000e+00
-4.089007058615494183e-01
-8.485234986256218193e-02
-3.952242666265055604e-01
8.773452972277822060e-01
-4.775123066383336612e-01
-8.469900913223668004e-01
