4.221726911810407268e-01
-4.303624104301082554e-01
-1.324500765933628310e-01
3.525892768444238712e-01
8.563934017338823423e-01
-4.566226048357723694e-02
-2.725944939405702261e-01
-9.674915964051540307e-01
1.000000000000000000e+00
9.557280638525831318e-01
-5.080141369138371221e-01
-8.535803758145434905e-01
2.541498509711123677e-01
1.618711565911890304e-01
-7.360387642633803296e-03
-3.309804518167707155e-01
1.748176421528083724e-01
5.042949436904822225e-01
2.982326358549935996e-01
-4.050116538021769630e-02
-2.069049066458634734e-01
-9.792542519723836103e-02
-1.421592312190493868e-01
-8.004452766027254640e-01
-3.716691160584884024e-02
-5.315940344027325626e-01
-1.365047608320792139e-01
-9.407940386446258518e-01
4.599993112546612029e-01
5.895403117589583797e-01
2.474627330268614478e-01
-3.744226266071275511e-01
-3.010334030789000304e-01
7.068452254112074229e-01
7.253779046200696801e-01
8.817937388027727863e-01
4.114624799143158373e-01
9.381400622791440380e-01
6.848016087781574335e-01
1.000000000000000000e+00
5.509224819694429343e-01
-7.606074248252399084e-01
-2.474529973986281384e-01
5.622674134402629864e-01
-5.033721866011664492e-01
9.573928229920916078e-01
-6.961270207910157382e-01
2.682507846331560475e-01
-8.497729797991856460e-01
-3.090433051621933602e-01
-9.901985211720800706e-01
5.448000377273943817e-01
7.238566747683801150e-01
9.465306010646157286e-02
-5.792699025060048523e-01
-8.031516302980881150e-01
-8.929180938936598366e-01
-4.542767524868427387e-01
4.348343724123579501e-01
1.414071447202820964e-01
-7.835849716314375879e-01
2.382463689922030836e-01
-6.043437179284594230e-01
9.485453149232483394e-01
4.104657258131791386e-02
-5.804757021840378783e-01
-3.395473065149133829e-01
-5.100550213165964131e-01
9.864630179403222066e-01
5.477947943384353646e-01
-6.973823394075167048e-01
1.942579454741527600e-01
6.616386558212679070e-01
2.084193949941703927e-01
7.249897380005736469e-01
-8.774961633700567587e-01
-2.422155800705496631e-01
6.253205781120387829e-01
-4.028537577016602089e-01
-5.878309740853775445e-01
-5.257001628489876843e-01
5.427268949551506960e-01
-1.670136919633098405e-01
-3.268630243353705112e-01
-9.687429119083189599e-01
5.630016253702213591e-01
-2.843900115796554884e-01
-2.262125900002112111e-01
-9.765578374704917408e-01
-9.038295741985984399e-01
6.334048435856447501e-01
8.040801592353140625e-01
-7.409676903337112375e-01
2.383521780652477773e-01
4.157370832986591047e-01
3.083296319345805170e-01
-3.179669175197241682e-01
9.368831409842495184e-01
5.151478087723967425e-01
-2.386876347641389284e-01
9.667446564501587236e-01
-5.850843026205987396e-01
7.357173778049125312e-01
9.530024884259253870e-01
4.927213481269885342e-01
-3.895746462700847013e-02
-2.234774251745186291e-02
-9.910035490254681667e-02
-3.462404717023557232e-01
-1.000000000000000000e+00
-4.432814058889278375e-01
-2.806439623193055510e-01
8.610433370833595612e-01
3.830907123846780671e-01
4.228660467898293085e-02
-9.811241905824574783e-01
-9.234678842769618035e-01
8.088157460316831582e-01
1.127798603839098579e-01
-8.177077770879093155e-01
-1.390114617050797197e-01
7.838587554452701722e-01
-9.174137319539901747e-02
-8.414684639221747808e-02
-1.781771683611874657e-01
7.300394993889273154e-01
9.147245894517688214e-01
7.917461336498003988e-01
1.018693917761577805e-01
1.501376162901959521e-01
5.318008247868264426e-01
8.973464581480741775e-02
6.045537550696333806e-01
8.511522136312950071e-01
1.021806802734090969e-01
-2.174244678813248566e-01
8.807738950343568796e-02
-5.279296077139978838e-01
-8.080410952351206877e-01
5.851301336102388007e-01
5.020275017176023535e-01
3.909952892663333124e-01
4.962665397590277361e-01
7.277550793751179636e-01
-2.024178501801414121e-01
-2.262952002887419489e-01
6.265071307481631102e-01
4.077312631207512528e-01
-8.678955460427677515e-01
3.111715917663071540e-01
-7.855000032941283905e-02
-3.821210852549792314e-01
6.051213218813398242e-01
-9.174773797072135473e-01
-2.926839012358095626e-01
-8.967735904743003861e-01
2.883497590960666379e-01
-8.447386498207608563e-01
9.712974294099694372e-01
-6.715764718119490162e-01
-7.171097281193754558e-01
-1.328078766770530716e-01
-4.327073632883922105e-01
2.133620266757658979e-01
-1.518183521231462052e-01
-1.053920922160422879e-01
7.975370454665167141e-01
9.088833822526265482e-01
5.261917477688828892e-01
-3.282331966986518079e-01
-6.073551688768827894e-01
-5.735899567145160693e-01
5.409241797320896161e-02
1.209817387587599352e-01
4.587634974353883011e-01
-2.632982583129406251e-01
-7.129820836574711773e-01
1.433198206189121304e-01
3.614690839656553023e-01
7.158603944332018187e-01
8.634565778757310461e-01
6.044576811180468745e-02
2.885682761098451454e-01
7.044388087859361214e-01
-8.717121310996795991e-01
9.898368800896935049e-01
-5.102506163028308617e-01
3.829311647819082509e-01
-4.869856581317586475e-01
8.861915525316406139e-01
5.947590169775334168e-01
4.842973911655642505e-01
2.880046034693484192e-01
-6.695441858721646877e-01
1.013309542308236111e-01
1.998481172477817314e-01
-6.383557266803379093e-01
-7.007307502566364477e-01
9.168136592087908210e-02
-5.506092009402038245e-01
1.502303315910930026e-02
-5.564425939824575451e-01
8.875266940805950355e-01
1.394580500734681205e-01
9.624928503089409393e-01
2.150669514299787810e-01
-6.457360937531977374e-01
-4.091095055648753809e-02
2.316814581142460361e-01
-2.703608922049398622e-01
-7.339653902313386657e-01
-1.515326178821541081e-01
-1.564827997806474968e-01
7.003056346830565104e-01
6.664225213276848692e-01
7.236244906336812832e-01
5.279212354506510607e-01
-1.172504994868501793e-01
3.475010647760368165e-02
-2.702166403519101756e-01
1.469798980650134368e-01
-9.386551018248898703e-01
-9.742229444288059703e-01
-7.918533383119946700e-02
-2.925319508462402851e-01
-9.354792231671835712e-01
-5.066584626152712545e-01
-2.105563756620458804e-01
5.646836727026867120e-01
2.107579795651792764e-02
-7.072268147852157627e-01
-6.164598888872152571e-01
8.115695139098086930e-01
4.601996307076105519e-01
2.794700385253432451e-01
5.971582788348750448e-01
6.784158088435199296e-02
7.035860524429886631e-01
5.787948778256264415e-01
6.022936344749487692e-01
7.962934629156341870e-01
8.596616895448001561e-01
1.462122054330492471e-01
-5.941860178659053027e-01
-1.885311077810294389e-01
-7.580799515443619185e-01
5.612414134921805964e-01
-6.954935158557802310e-01
-9.962894769031325204e-01
8.332102273278709781e-01
8.056590408425596816e-01
5.763942840926427058e-01
-2.112445528211917001e-01
4.939033790433662863e-01
-3.517098297665146589e-01
-6.412877095260693938e-01
-5.521368394576398053e-02
-2.794358401371253020e-01
-1.222379537392930260e-01
-4.398739213220921318e-01
8.885071290321773230e-01
6.046148317242462378e-01
2.438116955284279630e-01
7.908514181177934699e-01
2.170535969307568758e-01
