4.460788274937076414e-01
-5.120568366697915152e-01
-3.684839168524928210e-01
-5.486742718513510919e-01
4.215458960618286843e-01
-7.423216159693180050e-02
4.693473305410185703e-01
8.129588679017354380e-01
4.976387465537888133e-01
-9.249898436800551016e-01
-2.357072250976812722e-01
8.432375143000581108e-01
6.133664435951746707e-01
3.984637170131623551e-01
-5.551431627469669006e-03
-5.119163795485011104e-01
-2.655843085577085372e-01
-1.168116774336293989e-02
2.761648107763289284e-01
3.185403564462438997e-01
-2.223068864845003656e-01
-1.000000000000000000e+00
-6.644594836241357605e-02
1.723505512864346167e-01
-8.809301439723760119e-02
4.845556452474760745e-01
-8.788229041762942728e-01
-4.931252850416403266e-01
5.673243295071990211e-01
3.380657526167674121e-01
6.511834273426089226e-01
8.326327593736968513e-01
-5.367803545049261160e-01
-3.896828752561669607e-01
-6.622978587336267875e-01
5.228449944131392524e-01
-1.283027110255525738e-01
3.702185748697746082e-01
-7.498488605378146321e-01
-6.139378096318890421e-01
2.127965789994050727e-01
-3.216979843850666931e-01
1.458871755216571420e-01
-8.983272307104130106e-02
4.650258436210124025e-01
-7.099506196321723195e-01
-8.127064250537304746e-01
5.524262465986637949e-01
-4.085912095483215101e-01
-1.792444430815338663e-01
8.672932329374736238e-01
1.023863266078173379e-01
4.604900372780162954e-01
-6.372548830857766022e-01
4.279413503288744813e-01
6.423692633293126564e-01
-7.216180062807406870e-01
-7.258143007578105044e-01
3.159171124067852165e-01
9.368557381432449649e-01
-6.895770059525849760e-01
-8.722355266592107803e-01
1.365495441893527229e-01
1.695010624667121213e-01
-8.730769480349672707e-01
-6.261710846261503427e-02
7.493753226019019831e-01
6.616738381552991211e-01
-7.406702034045307137e-01
2.292345010744824968e-02
6.322246552099350936e-01
-7.234396911717984047e-01
-6.768772628486161569e-01
-9.225037076108555389e-03
-1.617407280325171559e-01
-4.464914180185359793e-01
2.344826558320922683e-01
-2.852030255029223277e-02
1.886481393664857509e-01
4.865101075473012848e-01
-2.736962465905579123e-01
1.162692094041450908e-02
9.838331215093782944e-01
6.660813131899052664e-01
2.819045278325912340e-01
-6.148168057749172632e-01
3.655506079728061408e-01
4.634730108409768068e-01
-7.174957072013241621e-01
7.611628787861639545e-01
8.022915625915876259e-01
-7.526229730883229330e-01
-2.497896027703745969e-01
9.767221944780601905e-01
8.696555950430744364e-01
1.902386787229615184e-01
7.299712616644200569e-01
-9.633290398419860345e-01
-8.989000754680340766e-01
-3.238185134838665602e-02
-5.302078615355767521e-01
-4.693889210451356320e-01
8.420021649250869489e-01
1.993479747380175748e-01
1.294684489783157755e-01
-7.637260295597292359e-01
3.426257969613318854e-01
-8.542951386971706640e-01
-2.658077333925735197e-01
-8.484022907370376565e-01
4.469463361492725384e-01
-8.241966988901718860e-01
-1.897507559057718396e-01
4.395285247947487428e-01
-5.363572597160469746e-01
3.844674768541941345e-01
6.428485979248255155e-02
7.055501421190428779e-01
-1.227728679522335220e-01
1.000000000000000000e+00
5.351193548625472474e-01
9.481258611445089191e-01
-9.052304108736134447e-01
6.491014688753207196e-01
-6.648158858078891953e-01
-3.868670406750835955e-01
7.516955911261298251e-01
-5.030215635863700963e-02
3.753329304988285986e-01
-1.028930468614874805e-02
9.512770102331434829e-01
2.293362161233810648e-01
9.558428406666705790e-01
-3.414233787649156859e-04
-1.973297418368065159e-01
5.422441985857577862e-01
-6.600670577591313815e-02
8.950030553362937624e-01
4.553834142113055705e-02
-3.867116122931184008e-01
-1.937204686819020416e-02
5.428241897664325410e-01
7.338702334661406645e-02
-9.290493714097820543e-01
-1.069008346588158354e-01
3.441685412932010135e-01
5.493321378071676087e-01
-8.091333565446954257e-01
2.392699383098444432e-01
9.304849963611692143e-01
8.778911925140815420e-01
-1.880312275529253951e-01
-3.583007781953295723e-01
-5.904909162684175428e-01
-5.591480132986551554e-01
-7.622374932973613459e-01
-4.825177659709323219e-01
-1.000000000000000000e+00
8.141725037672951082e-01
-1.000000000000000000e+00
-4.210313760036765163e-01
7.951268828800761579e-01
7.278654281727088282e-01
5.008108592050495300e-01
-4.917963661804460873e-01
-6.717649145441271230e-01
-8.135953450218216254e-01
8.858746723470064532e-01
-1.434247073772991210e-01
5.650506821968965809e-01
5.837724619233652934e-01
5.581791262828730282e-01
-4.960161468072156188e-01
4.327167197426247114e-01
6.050928873029042254e-01
-6.753327862467259912e-01
1.640602771250989633e-01
2.457270066733907576e-02
-4.508747044423236372e-01
-8.309114073563923508e-01
4.171496606719141687e-01
9.843555120293547844e-01
1.990979088185467760e-01
1.821037399439253690e-01
-2.764170188166259479e-02
-7.874604130215472342e-01
7.466480937384716299e-01
6.768623965850408819e-01
-8.980628386485174364e-01
-9.032988635916112674e-01
1.739918248047914173e-02
-5.791486399958440945e-01
8.508188165669514635e-01
-4.635699007034825847e-01
1.137278680415101662e-01
-6.887954916160021757e-01
-2.957926364053526380e-01
3.278726420293952559e-01
-9.069147117525537816e-01
3.801163618398371025e-01
-9.058126457309066959e-01
-1.215015484488232572e-01
3.973553630126696046e-01
5.172938397501854885e-02
-4.821180705553446688e-01
7.278509489718243408e-01
3.257258814603969377e-01
-9.681462906798539159e-01
2.080760050366003977e-01
9.510697260995844005e-01
-9.404321907280281945e-01
-8.587050619735099311e-01
8.470300612436580945e-01
6.979788720887321052e-01
-8.556999844868853344e-01
-5.761970569422874000e-01
1.937923022191934130e-02
5.605746722251166159e-02
-5.871479927471720539e-02
1.284087334619414822e-01
-9.317811569946194972e-01
2.462243279462196233e-01
-2.155395451845589783e-01
-6.319468408954276306e-02
2.413825957460493110e-01
6.562593516503654190e-01
9.092425103701111677e-01
7.642205415135431279e-01
5.430676229314508330e-01
8.095135712772718595e-01
1.319508479958275693e-01
2.912997724409153166e-01
5.205596588557158677e-01
6.453890471160855791e-01
5.403443324621752808e-01
5.639629172215540054e-01
-6.514306196935750748e-01
-4.935733109583704259e-01
8.041256944436308007e-01
-3.069353814313435791e-01
1.000000000000000000e+00
9.143149732464916912e-01
7.350315966418259350e-01
-3.666970430730240316e-01
8.792378501876463304e-02
-1.000000000000000000e+00
3.215427820201022246e-01
-4.137130052857226903e-01
-4.293293137371188006e-01
5.111732813795929475e-01
4.188465710897747440e-01
-9.319244392519783204e-01
-9.971233355305314516e-01
-6.697773681357007680e-01
-6.525962586584843628e-01
9.358557286950022203e-01
-4.551267474899394205e-01
-6.214198598900650961e-01
-6.579089586074986507e-01
-6.834023628247671844e-01
-4.498960860806512363e-01
8.784701690481127034e-01
-4.707783735362288668e-01
-5.113958884840318353e-01
9.235731781889068293e-01
