2.570298885165293867e-02
-1.000000000000000000e+00
-1.223417247199604443e-02
2.394410008122340727e-01
-3.196699503416262078e-01
6.510360649234432362e-01
-5.055052024993755833e-02
-1.549706288816030120e-01
2.254476340847574034e-01
5.701806146761163596e-01
1.000000000000000000e+00
-8.632630973180988043e-02
1.000000000000000000e+00
-6.496716966874610533e-02
-9.447301905256741961e-01
-7.034070024295242529e-01
-8.109497123596292045e-01
-4.652090981348833143e-01
-8.251154835072638249e-01
-2.481440170668187117e-01
-1.000000000000000000e+00
4.625042046677192986e-01
-3.398137034306958348e-02
3.213744682632571070e-01
-3.891802330142373201e-01
-2.386588900435664407e-01
-1.000000000000000000e+00
-7.113301787065007264e-01
1.391547317811243911e-01
6.224823633711449311e-01
-2.175727570258604582e-01
5.274179034915952302e-01
8.645906874145410370e-01
-4.600340774752738615e-01
8.071993002263740946e-01
-2.868955441474316803e-01
-6.836889542144896081e-01
-1.000000000000000000e+00
8.860881243654590289e-01
7.787449834258616255e-01
6.492420784059302341e-02
3.978147453876474948e-01
9.965886161475838723e-01
-8.043737689121672751e-01
2.710273353247053540e-01
6.949904045691839283e-01
9.078583978508809604e-01
8.026762275792090340e-02
7.133293478818887312e-01
2.837578074958662100e-01
-9.640245607213603074e-02
5.635720497798221706e-02
-6.122297047358480349e-01
-7.389080546133075522e-02
-7.359505105324877228e-01
2.545155627653247765e-02
-7.607148063660003068e-01
3.267715061998606174e-01
-1.538414790986655789e-02
-6.461402134652474150e-01
-8.878439880725192968e-01
6.395281962425232170e-01
-7.114498895648841970e-01
-1.474597284037765244e-02
1.000000000000000000e+00
-6.914809376909369920e-01
-5.040968384003159386e-01
-2.738435591249346324e-01
-9.607310251839566995e-01
-7.420918847384208039e-01
1.056399017847857169e-01
5.284250211742964609e-01
2.517939102656274741e-01
1.726425711690789677e-01
-6.539137173507589829e-01
-7.639214922192596458e-01
-1.000000000000000000e+00
2.520487300509130502e-01
-5.081480988400532972e-02
-8.594938316281728330e-01
-8.409998703194876413e-01
1.256574741992541253e-02
-6.148201512713868944e-01
-2.682300648744684324e-01
5.280467046928790653e-01
9.969023646861604471e-01
-6.937396421299031335e-01
8.646690196899862180e-01
-5.819954115072911716e-03
-7.379929296784057957e-01
1.635019708401489469e-01
3.515990029315242960e-01
-8.209242674976543475e-01
-5.188149574780756002e-01
7.031883681467990810e-01
-1.000000000000000000e+00
-1.383997545030298537e-01
-8.866561460220016011e-01
3.541754308654172512e-01
7.973291327265772388e-01
6.681350806091539418e-01
-7.869324963538409934e-01
6.704414074438094229e-01
-2.733587976823366184e-01
-5.483380104980388747e-01
8.546266698048627930e-01
5.485770103206845105e-01
4.963845476804320533e-01
3.765772475683750731e-01
-9.707973930086241099e-01
-1.000000000000000000e+00
4.922443182466423317e-01
9.806917841043802930e-01
-2.312932317328658949e-01
-1.000000000000000000e+00
-9.354110865365290461e-01
3.363309533302830112e-02
4.343452051253524626e-01
-9.452228157280568865e-01
-9.896442325622909486e-01
-1.000000000000000000e+00
-5.033946286271118176e-02
2.176700050851447799e-01
-8.818754047066763579e-01
-5.245499656489506224e-01
1.000000000000000000e+00
-8.710989257477386172e-01
-6.520549787515610429e-01
-7.657121651651612737e-01
-5.890419593321287728e-01
1.959066177725232727e-02
7.071591093163464015e-01
1.000000000000000000e+00
4.521128717968542210e-01
9.064012550887694530e-01
8.497468146279633094e-01
-2.321322407960604850e-02
6.939644797334230120e-01
-1.429034482033314235e-01
9.763328917010349883e-01
3.737654476999928699e-01
1.000000000000000000e+00
2.328284259456414040e-01
4.395681357652447829e-02
9.427911058419997659e-01
-2.389319928233468726e-02
6.879207883033255921e-02
6.914693582182784848e-01
5.214426905752183039e-01
-5.058818021096851414e-01
1.101610233561987062e-01
-3.042892326846196038e-01
-9.895515836687980293e-01
3.118914480719151006e-01
4.034251794025572879e-01
3.644611527392954131e-01
-2.069497389738115811e-01
5.659202686332645005e-01
-8.245496952488837739e-01
-1.426975956304417092e-01
-7.878806283825345869e-01
-6.202808770634903324e-01
-3.555235941260452281e-01
6.038274776668737243e-01
-2.856528841674577657e-01
4.611676716313464208e-01
8.258565835604601002e-01
8.093706635057142940e-01
-5.617339327896473389e-01
6.685624569464638789e-01
1.646661393579166022e-01
-6.847858740119359133e-01
-4.757963647525525336e-02
-1.864836852930127908e-01
6.097054328869323525e-01
-2.266533028569173713e-01
1.000000000000000000e+00
3.908298640810008995e-01
-1.770321408993715817e-01
3.189077635962110913e-01
5.703880167956332237e-01
3.721291554352653130e-01
6.566245643202501814e-01
1.000000000000000000e+00
6.108486894347442409e-01
5.134102352711361616e-03
-9.105361782137553206e-01
9.740888718621659725e-01
-8.344077803515537184e-03
4.888808025626145137e-01
-1.795146367137398502e-01
5.728283657916339866e-01
-7.386954566831080982e-01
7.361137053873955116e-01
-7.501562449152503476e-01
8.949766286834909268e-01
6.719659720596089514e-01
3.598714456732554634e-01
6.656906450909720885e-01
1.333561131004521449e-01
-4.316625334594728081e-01
-8.290768039195648420e-01
9.025549284230044433e-01
3.420680239746131113e-01
6.260330315623093833e-01
1.857858883578999420e-01
4.856372920527052273e-01
7.692827284579266678e-01
-4.255353241040259471e-01
4.091813287757526396e-01
-9.601061587192993851e-01
9.765086031296985603e-01
-5.040302129866829350e-01
8.936121675599533187e-01
8.931874679188724908e-01
3.473814516523313634e-01
-9.082354941384322977e-01
-9.045851106015949661e-01
-1.400259876586760210e-01
-3.495847139778225365e-01
-3.695841781234502355e-01
3.166632563742322048e-01
-6.093878802373627890e-01
-3.556989167165437726e-02
5.976962627905595404e-01
6.183848909436429064e-01
6.680833606575112826e-01
2.816488980293093691e-01
-3.367703105364076160e-02
7.279382905253036773e-01
4.664297290797453366e-01
3.083805748214456521e-01
-2.353526410761639376e-01
2.321682816434159358e-01
9.295798701583850576e-01
-8.032451307620362968e-01
5.258161596171446739e-01
8.275356460892424604e-01
-5.105389266393044467e-01
-5.939372708917118882e-01
-6.706988364505374056e-01
1.367061878904862748e-01
3.928496971283002015e-01
-5.219718909907258286e-01
7.668317204696502021e-01
4.685815293584430496e-01
6.704454551703409315e-01
7.906345849550707738e-01
1.000000000000000000e+00
1.040699255902644005e-01
7.977517161888089126e-01
1.104279509524225822e-01
9.484191013485698818e-01
4.404135751113719133e-01
-2.561898199363600859e-01
7.302772217840737268e-01
1.000000000000000000e+00
-3.839423566771577034e-01
-1.315114550737445098e-01
1.866466761191816481e-02
2.941987089456467031e-01
-2.811317422788606746e-01
1.000000000000000000e+00
-2.927202327894938283e-01
-4.443951821315532680e-01
