2.031101269823842870e-02
6.568410579166639174e-02
4.815431901060100994e-01
-4.437078824710556368e-01
1.969524065443057914e-01
4.507794487081879797e-01
7.376123067519948506e-01
7.714455072837593796e-01
8.609825971253322052e-01
4.741854812016121912e-02
-4.170570383357736777e-01
-4.515416205251110426e-02
-4.076153488281495374e-01
-9.689871374189062969e-02
8.849851618811825915e-01
7.952178120643211834e-01
-5.257796984010509878e-01
7.654914824469201129e-01
-7.615266841330412539e-01
7.652898305067279416e-01
-7.952631626241655205e-01
3.119896960405228459e-01
2.690283013844516624e-01
9.882060491499113919e-01
9.994399842431000991e-02
2.803161476120832329e-01
-8.424334150149412892e-01
-6.739591094942065652e-02
4.314446337115818153e-02
7.416071731135864820e-01
-2.330513656657038357e-01
8.171538219675011927e-01
-9.960713865531412026e-01
1.734219935119700740e-01
-9.557894642920428119e-01
-3.109281538196029260e-01
-2.116005592040787198e-01
6.907758996763011528e-01
1.686496926307423649e-02
5.139722882214525779e-01
9.966136676640449110e-01
-4.894471335272325696e-01
-9.266367770402597071e-01
-1.285924210425548608e-02
6.587678661599807306e-01
-7.165180714739944889e-01
5.836861084872293493e-01
-9.284176885019361780e-01
-4.132285442298959666e-01
-8.434575706092046765e-01
-2.508420005757006077e-01
3.431254754270243179e-01
-6.486865954045384353e-01
-8.951284360500875170e-01
-5.186243900229421389e-01
-1.285602420874121243e-01
-7.646082321459355402e-01
5.826118846861356726e-01
2.551767035588488330e-02
-2.525346211276227049e-01
1.993188658478011188e-01
-7.075296352421860391e-01
-1.927921654170032806e-01
9.067374907389653682e-01
-8.144534619779821849e-01
8.876160989526977740e-01
2.082859194859194574e-01
-7.460923682499585041e-01
6.447918710837978740e-01
-6.656823466368058106e-01
2.742596656777647190e-01
-9.490478930793222467e-01
8.852512536662376919e-01
5.576116692862753688e-01
-1.394270629191449729e-01
-2.973592345915025970e-01
-5.334092320224592676e-01
-1.574022089843001293e-01
5.541207592407499938e-01
-6.885775183822981926e-01
-1.100111993353758422e-02
-7.656739399283152281e-02
4.345053415995479007e-01
-8.552406161731407330e-02
-4.448505392672521541e-01
5.066883843873979387e-01
2.996886142064674186e-01
6.872443664646596950e-01
-3.955205447578840072e-01
4.471087825358537743e-02
-5.832868812932927582e-01
-6.223122267059508772e-01
1.625890889564884922e-02
-1.426723901445170473e-01
8.771702490824428988e-01
-2.742640590913514309e-02
-7.834093479425510154e-01
2.612475391500446165e-03
1.219502809023593759e-01
-9.205682670528652078e-01
-9.208374464718862562e-01
-2.554415894343757820e-01
-5.531934420469153402e-01
4.260959165790250136e-01
-1.722166379551990922e-01
3.368896031773211952e-01
7.011625550291242792e-01
-7.476740176950698036e-01
-1.566547212349826967e-01
6.306737115479754685e-01
3.974733943272845682e-01
1.017827760916953928e-01
-7.832205374549598975e-01
-5.893050796593055640e-01
2.537781380497640682e-01
-2.777872425497323050e-01
6.150202384181922000e-01
3.208762230990660491e-01
2.540839849638714121e-01
2.333216343819159988e-01
-8.176375513136910911e-01
-7.493507668482268791e-02
-5.787754097774493456e-01
-1.102466948494789101e-01
-7.515797811910844839e-01
1.028501882284551805e-01
-6.416136678569888119e-01
2.302062528101012084e-01
1.011716166849787601e-01
-3.935634979952431500e-01
8.771299836564974139e-01
-1.459479447262330698e-01
-5.438529128073676944e-01
3.518161325523816441e-01
-6.742122587133092537e-01
8.831466196570250116e-01
3.515403291015757326e-01
-2.520826172249752695e-01
5.450867823144542879e-01
5.662212903866667979e-01
9.680598708896024363e-01
2.524257090264483416e-01
2.604390516771082353e-01
5.121563652865199767e-01
-4.114218402285108045e-01
4.111502699888243129e-01
-3.430156438002862629e-01
4.158638094745006342e-01
-7.907930794934467933e-01
-3.460860235907869953e-01
-5.110195391448391078e-02
-1.247262908842832196e-01
-2.174488862386700916e-01
7.768707700520629533e-01
-3.317030943016689992e-01
9.770884233606573765e-01
-1.951034326203557878e-01
-8.670105620627399645e-01
3.690131873532713769e-01
1.385816379774184315e-01
1.066046994731841835e-01
-3.005769798374837709e-01
-7.886080479318930969e-01
2.032270949013090799e-01
6.582434774395391486e-01
7.893069081886852079e-01
-7.585779730938784216e-01
5.151968854410158283e-01
6.070159757550046553e-01
5.244589401311867682e-01
-3.961535581828110608e-01
6.892114253065239060e-01
2.330676437725773820e-01
-6.750606742473221900e-01
-7.033916851425736638e-02
2.652066823500232040e-02
-6.236697078367314795e-01
3.636571661451053483e-01
-8.308011879889152240e-01
-6.380576079220434682e-01
-2.363376811539363853e-01
9.002084413312494426e-02
-5.715400060371944591e-02
-2.386479915994748069e-01
1.969948639968244208e-03
9.109908770080759055e-01
1.308248502329367735e-01
-3.367752307304217041e-01
-4.252605496520243111e-01
-9.538574527761021216e-01
1.675572734049910473e-01
-6.368356481439846339e-02
-5.788301163967777274e-01
1.718381423878678760e-02
-6.446891580912097464e-01
6.451825952923675445e-01
2.510727800245291519e-01
4.945409839838805777e-01
-4.064949806537281329e-01
4.116791585978734069e-01
-6.399908215890557361e-01
6.410437466075427082e-01
5.367802921566444674e-02
-1.113086554343392098e-01
-4.054904779861365771e-01
-5.891077317621633558e-01
-2.623968397520322071e-01
5.266424574544901205e-01
-9.085948203011466884e-01
-2.847272741162389931e-01
8.720977711180994962e-01
-3.315153171973628243e-01
7.338916964972712620e-01
1.505406109811811000e-01
9.096564457578828478e-01
5.619987167749103119e-01
-6.056204662395492377e-01
-4.039186062043400582e-01
-7.427012152205962892e-01
-4.451347869397386248e-01
5.521230520530728825e-01
-7.595802270565612524e-01
6.628744367962307038e-01
4.691779171441736729e-01
1.904111593871800068e-01
5.233313812099280593e-01
-3.558269004680969516e-02
2.359869622214696427e-01
9.383165699926114822e-01
-1.607219984815699831e-02
8.093676567199215022e-01
9.773977194728116213e-01
3.891338869820759605e-01
4.068840882754263255e-01
-7.689051182250077332e-01
-6.235464773888590440e-01
-5.270580372505002664e-01
-7.481835385182924458e-01
1.292658837440736619e-01
9.649502777546912213e-01
-8.658208301483520941e-01
-4.556103880731008360e-01
-1.890662603630222094e-02
-2.356930814870032975e-01
-7.819368543427205331e-01
2.553861523011113910e-02
5.584884800742484501e-01
-3.168915046051810069e-01
6.263606902061291670e-01
5.424847253052493823e-01
-5.713779851008631283e-01
-6.196062928467223063e-01
-1.261448902157824570e-02
-3.907070737980211650e-01
8.133458257939147895e-01
1.026000589375071215e-01
-7.907147621739917254e-01
1.538135111225900076e-01
-5.186531015091582208e-01
5.833184134072937344e-01
-7.288670223274560378e-01
2.706675507268523351e-01
-8.009563132285737463e-01
-3.734684173640137050e-01
7.567659127652532902e-01
