3.245022147508824784e-01
5.152423808700803409e-01
9.368646348421703074e-01
6.517794983489861860e-01
-5.175698711538760932e-01
-9.316587401526614798e-01
-6.324655386953412783e-01
2.302418336344931593e-01
1.409735289007398862e-01
2.279352362860390113e-01
5.265794027163749336e-01
2.908204124275750591e-01
1.749087088451091176e-01
3.773425247825994422e-01
1.140775393614072986e-01
5.679488540363752946e-02
2.580548050045217146e-01
-4.029341002572424113e-01
-6.536686402012810149e-01
2.326205495040586935e-01
-3.598087403274721208e-01
-5.471687522435648710e-01
2.081719899843799126e-01
2.799219223028848180e-01
5.327429360127784452e-01
-1.389538824928560068e-02
9.851382163655673097e-01
-2.434615630248044282e-01
3.260874242633107212e-01
-5.200492780856733610e-01
-6.357305077173274199e-01
2.248129278613766324e-01
-1.322325262041812444e-02
-6.708744399528590030e-01
2.898086997445685764e-01
-3.203232472972670219e-01
-7.077478987509773223e-01
7.310682378303781093e-01
1.430510149852357582e-01
8.156172375427073185e-02
-1.283155399254020945e-01
1.973517372714541640e-01
4.243957376702685025e-01
3.841857082648152399e-01
8.814336780832855434e-01
-2.156945825939238226e-02
8.357232376318941558e-01
-4.576678462161805072e-01
-9.828470681156913358e-01
5.716166133140740957e-01
-5.641343286375872790e-01
3.069350913403356973e-01
2.486908063501147570e-01
-5.296318581678443049e-01
4.688226456268929088e-01
1.685350085818591026e-01
7.454135849925189738e-01
1.987049076476932186e-01
-7.350404650272461815e-01
3.747051667852518975e-01
4.307417265652875304e-01
1.131922546228576465e-01
7.288447543811329421e-01
9.104203890842907931e-01
1.458462710499297543e-01
5.631687391945070509e-01
-3.081052677494298120e-01
3.618549359632388107e-01
-4.118482667934293406e-01
-9.350164577314590275e-01
-4.294481155897700297e-01
1.849115025190821715e-01
-4.034753556625041426e-01
-5.963616944665983688e-02
-2.853435362141161225e-01
7.378538834236296751e-01
-9.303935880366485112e-01
-5.023130883850925876e-01
-3.659799114516539831e-01
-4.833657371997190921e-02
-7.933950759156604970e-01
8.871328045542683505e-01
2.928272179411903764e-01
-4.481900803683958046e-02
5.815333491883747374e-01
4.813624138136611830e-01
9.891096145642928050e-01
1.185021929335983160e-02
5.085507589027653541e-01
-1.870285425999584916e-01
6.003608472905763715e-01
3.999938946277596941e-01
-7.292032216300898817e-01
-5.440909762238785863e-01
-8.444512041111555956e-01
2.571466724254396485e-01
-5.459847666472799066e-01
8.498121233273883135e-01
-3.874750033821510176e-01
-2.512219510092841279e-01
-1.672139191341037723e-01
-4.053173728620187433e-01
-8.558104401948436468e-01
-5.107781977254721717e-02
-4.926630175621049545e-01
4.149259107569025495e-01
9.321258558932978833e-01
-6.421512814665015778e-01
6.340861339669485730e-01
-8.133914389650303001e-01
-2.834686221249882454e-01
-7.889679697611891029e-01
2.160183427964816882e-01
-1.710268887620349787e-01
7.838196649800801552e-01
-3.856162881689675359e-01
-3.007291141250159061e-01
1.039806145999222498e-01
-4.964259201906537911e-01
8.579892342916011216e-01
8.851599302086512466e-01
9.698144095218559357e-01
1.656432904719726817e-01
-4.283683082930771491e-01
2.965062685820640809e-02
-6.485807328331505417e-02
-5.050183869936275549e-01
-9.660467951702984557e-01
7.302266906946308644e-02
8.952409316290532715e-01
-7.805778776840304189e-01
-3.277645563646200966e-01
-1.000000000000000000e+00
9.579490726716533011e-01
7.849799069449131528e-01
-1.000000000000000000e+00
-1.000000000000000000e+00
2.369079220446090872e-01
8.164911079931442828e-01
-9.253658755060003571e-01
1.000000000000000000e+00
3.792923539938903854e-01
2.783195041560551086e-01
1.000000000000000000e+00
-8.590479258606913415e-01
-3.177520701419425109e-01
1.067924199600231994e-01
5.761382946887720902e-01
-9.770040055411435831e-02
1.276494231243520128e-01
-1.879579660396846208e-01
-9.460559374227872631e-01
-5.508041423309799622e-01
2.915264945733870849e-01
-8.926551275672893748e-01
2.955352592229805175e-01
7.112275960107199424e-01
2.630431222667823921e-01
4.312639799064069690e-01
-2.421839318067880997e-01
2.794875034378054846e-01
-5.563784556444890672e-01
2.250850102715789003e-01
-7.421291832379117714e-01
-4.233074528178080165e-01
-4.779824036926189068e-01
9.910973726937746253e-01
-8.965853499446492236e-01
-4.494343279284866988e-01
2.727318189120191416e-01
-9.627199690577654678e-01
7.141380716997101086e-01
1.290496248947432534e-01
2.538703261699135627e-01
9.622211524443173847e-01
-4.176159140846023021e-01
6.695638949515734240e-01
7.812029392458850197e-01
5.433048345799573742e-01
-9.998190091734155960e-01
-8.192837931704977095e-01
7.100289406408255566e-02
4.241059039174732703e-01
-3.754575972398834782e-01
-7.163020571433513783e-01
-6.255377712761989173e-02
-2.619818208891481759e-01
-6.432386525415572098e-01
8.692434764501126843e-01
-9.319238244824177286e-01
7.076504445341804672e-01
8.905367756222786202e-01
-8.431433335803817375e-01
-7.970267143217413253e-01
-3.335223376172788967e-01
4.766498144753195110e-01
-3.465996718804567056e-01
-1.204949668231734550e-01
-9.616919254720637245e-01
-3.140718418930834588e-01
9.018606481349753512e-01
8.728585191300290980e-01
6.789513957754618190e-01
-8.981719855291634413e-01
3.798928087133697229e-01
5.120054143693371085e-01
-3.086244732029910232e-01
-7.371781004205895105e-01
4.846283830772035173e-01
-7.726783433021153780e-01
-1.629537030796770203e-01
-3.749428576225617427e-01
1.000000000000000000e+00
-2.141102347233492242e-01
6.324289978435813087e-01
-9.864379761135528835e-01
7.874120176053351905e-01
1.595401357634020911e-01
1.053361893435016405e-01
5.873271609143240202e-01
9.889159734083441400e-01
-4.984678984764130405e-01
-8.226296474755945276e-02
8.757580804006899200e-01
2.122844215910291155e-02
-6.265828151690737702e-01
-2.035020782617567026e-01
4.850100978915985461e-01
-1.867622557615897794e-01
5.729184171522134772e-01
5.231750110000823462e-01
8.793184431099037024e-01
6.687419761259627560e-01
6.806862873872110420e-01
2.344217925894021004e-01
-5.599602403916552618e-01
-1.000000000000000000e+00
-9.935582444179817951e-01
1.036736520319564425e-01
-1.392694364252822226e-02
8.017662709698847312e-01
-4.715546716658151061e-01
-1.000000000000000000e+00
7.730320565308019809e-01
6.110806585097796617e-01
-5.994877609244679828e-01
6.112096069550467803e-01
-8.349040881505842560e-01
-9.384809281647401580e-01
1.574893653768719703e-01
1.000000000000000000e+00
-3.223679329161335261e-01
1.898735109784228658e-01
8.506756257546737032e-01
7.105044247633054422e-01
-7.858730546676184758e-01
-5.298073311188340462e-01
5.493214718405790009e-01
5.731956987678270554e-01
-4.910489600449423619e-01
-6.321732143566194395e-01
4.937440142517670605e-01
3.406414425497985565e-01
-2.633313012667779507e-01
-8.071626196678065579e-01
