2.500222774964623307e-01
8.476204957779821525e-01
2.120164391055358588e-01
-6.267166226716653910e-01
8.316947261001309544e-01
-9.261614125409517451e-01
9.343766272299631748e-01
6.596509648458846742e-02
-8.516700662302367775e-01
4.178625454480819901e-01
-5.762065395920537014e-01
1.935414153259500392e-01
-1.077493921434328900e-01
-8.207571565328435348e-01
9.451196418991891779e-01
4.514277431000509599e-01
4.458151145774882362e-01
6.216880000341993284e-01
2.837499507058748871e-01
2.689135567853220277e-01
-5.940869181206371863e-01
-4.332576415531046443e-01
5.122803602664338651e-01
-9.477748121644029577e-01
4.226425403870955888e-01
-1.000000000000000000e+00
4.138156886590462769e-01
-2.611830576922109515e-01
3.955880428986369712e-01
-4.328718209813725570e-01
-1.091080427913719841e-01
-5.059245614917389222e-01
9.443072041387957638e-01
-6.570911039086223537e-01
1.687849453409633049e-01
8.134649235122550781e-01
-4.794564467181654521e-01
-1.256204397729415168e-01
4.105101226215351340e-01
-7.571646446324211688e-01
-3.793799021760727030e-01
5.820317122689271372e-01
-7.245302769964547807e-01
7.052215082318337158e-01
-9.731263275260133572e-01
-9.696264975825396037e-01
7.242466969614533845e-01
7.272725692899136840e-01
-9.122525562606695892e-01
8.034667721180298594e-01
3.272403456741887484e-01
4.222801831063403011e-01
-8.253453928227887371e-01
-3.232595281005542498e-01
5.875804237077280057e-01
7.088595718255932265e-01
-3.153786967030474536e-02
-9.302647191807165150e-01
8.329949609063591609e-01
-9.945744811653682849e-01
3.784524961664021969e-01
8.178042771757019214e-01
2.091266916928468944e-01
-3.613445667786174820e-02
4.029369256522519205e-01
5.100034522498339551e-02
-4.052997469674761155e-01
-2.300146169822672171e-01
-8.256806397182321344e-01
-7.929930160562852492e-01
-7.907927367741363067e-01
8.640481828134716213e-01
-7.101158488043373129e-01
-4.553792394780346031e-01
-9.334404887067676571e-01
-4.231687603818738985e-01
7.933434060355027961e-01
3.636360680496785180e-01
-3.784907131880324016e-01
-4.185783136148022443e-01
-8.235103388644252620e-01
-9.438134655100091086e-01
6.269177634343672256e-01
6.001567375740628485e-01
-9.425792940222430527e-01
-3.039233015543633121e-01
-2.579680865065939743e-01
-1.593380427229566243e-01
-9.990294644810766567e-01
-4.600513550147798392e-01
-5.951811049594624148e-01
-3.866520990070362318e-01
8.773016144002590000e-01
7.551712340057420425e-01
-4.345080895284585409e-01
3.734871388405938686e-02
-8.923729306256045213e-01
9.112343834300009604e-01
-7.008677305001393965e-01
7.493712309719363640e-02
-6.273389730657445706e-02
-4.339748658894547750e-01
6.840235062586517145e-01
-3.547384071075661005e-01
7.990957353035531563e-01
-2.405965489780226008e-01
1.967299079333369449e-01
-3.613934236239257358e-01
-9.131777143173709366e-01
-6.108132668617997085e-01
5.008884475779374901e-01
1.234187678811689004e-01
-8.900647115311486335e-01
3.356686964053103850e-01
-8.236393009122755515e-01
-3.994884107468241186e-02
-1.103466677617752217e-01
2.938433893689930132e-01
6.642995338952371043e-01
-4.571651004460297596e-01
7.345486802406100413e-01
-1.008281672310146759e-01
7.423987604833269804e-01
-4.018573602566827274e-01
4.087351342903615681e-01
-2.722548971912252536e-01
1.000000000000000000e+00
1.845182607904676531e-01
1.413661120062641163e-01
-4.439865342480470711e-01
-1.669156970825253494e-01
-1.941600736703874286e-01
9.595838442545534530e-01
8.709550193575930077e-01
5.257055237658077307e-02
7.108675946870341988e-01
-7.183145367866734521e-01
1.631150933106330081e-01
5.367184757969665210e-01
6.611170913683330763e-01
-5.270161394918849995e-02
-4.606878742582236619e-01
7.376862006767653801e-01
-5.968430575504557467e-01
6.007693222629013619e-01
3.612268690007397476e-01
1.379191762127440213e-01
3.777265594399781268e-01
-4.915451617611948376e-01
-2.662901891585902625e-01
-1.461316350792287444e-01
-8.935717110336728330e-01
-8.823659821538500925e-01
-3.100531322581581706e-01
2.748494780305309471e-01
-8.307966735082356058e-01
5.122889784263705559e-01
4.428574224122316383e-01
1.000000000000000000e+00
1.328753087085165208e-01
1.550878638143069199e-01
-1.000000000000000000e+00
-4.976812318063650875e-01
-4.889595168718544049e-01
5.421348639397083335e-01
7.007981813653967329e-01
-5.664597822533035121e-01
-2.580501520722059405e-01
7.140613221219332951e-01
3.005596068340743443e-01
8.406946201883718217e-01
4.674166715075733780e-01
-6.410634618405510743e-01
2.340652279373381106e-01
7.845297802777856377e-01
7.806443444370154694e-01
8.678728151176937633e-01
5.955558320293495855e-01
5.149585859435310553e-01
2.552242153216941478e-01
4.211727351025967847e-01
4.173849794499327470e-01
-7.090560003204049444e-02
3.378562712847621441e-01
5.651444944002897985e-01
2.643112660731873342e-01
5.990291354644228239e-01
-2.149300986854423279e-01
4.965381349864101401e-01
1.000000000000000000e+00
-5.416321362647075199e-01
1.925855868279227612e-02
-9.936279107047711889e-01
-3.400333903824601101e-02
6.041408966587474838e-01
7.057592815030484523e-01
8.787789659566236367e-02
5.606302082242122786e-01
3.729505712802957396e-01
-2.944294864505466736e-01
-1.000000000000000000e+00
2.760621362694091752e-01
-3.243717607336380482e-01
-6.570001007673950122e-01
-2.235527543650131510e-01
7.961347702210412880e-01
3.710888205031265263e-01
-2.938293708894269551e-01
-1.000000000000000000e+00
-4.152763618414556657e-01
-3.162501151274659250e-01
-6.694433045355614453e-01
8.989655601339753277e-01
5.366420852367290717e-01
-3.120077714861611007e-01
-5.731801392591949762e-01
8.387527378487062979e-01
-5.737859600657744252e-01
-1.244681043998447922e-01
7.794111192137327393e-01
4.414901791055227953e-01
-3.786537624233302091e-02
-7.151472468258193160e-01
8.165669060340293717e-01
-1.321680338131228649e-01
-5.919564985832175275e-01
-4.264241163246105248e-01
-5.256677083730485478e-01
6.923034342236391581e-01
1.182058489892725550e-01
-4.130623677603395549e-01
-1.652757803081805754e-01
1.429711640438338094e-01
-5.590765988029081646e-01
-4.618112457013355820e-01
9.248525818908361895e-01
-9.851519152885916952e-01
-5.673755955293504627e-01
6.278305750813057973e-01
6.638107086527446077e-01
-7.480418565727966485e-01
-7.770962443625035743e-01
8.468072384458413815e-01
4.222025898346702388e-01
1.089864348035879255e-01
1.938679302523960979e-01
-2.127057029726443504e-01
5.384492746714877875e-02
-7.429488985150443092e-01
-5.834592512167591227e-01
-3.424323592365878521e-02
9.510909598175221191e-02
3.749402190040096450e-01
6.578629767504545756e-01
3.099246222580959720e-01
-9.012870818410579909e-01
-4.878916282216947398e-01
-2.143503925273115840e-01
-4.409945736395409210e-01
-9.843472138283219097e-01
-8.967854908633019484e-01
2.573495656535133846e-02
-6.267656610605552014e-01
-3.837998457561179744e-01
4.039667601871759217e-01
