

gen best mean std
0 92.137507 12.96077 31.153458
1 93.501683 35.674162 39.19137
2 93.936796 64.667386 34.848277
3 93.936796 76.025899 27.151864
4 93.936796 71.238775 37.372418
5 94.397198 85.186784 18.42432
6 94.397198 87.813864 13.288887
7 94.397198 87.379304 14.334639
8 94.397198 88.343875 11.42407
9 94.397198 88.317282 12.530785
10 94.397198 71.240438 39.45435
11 94.397198 88.005447 15.987852
12 94.397198 90.263488 6.546758
13 94.397198 74.388655 36.664419
14 94.397198 88.424266 15.295269
15 94.397198 91.081167 5.826748
16 94.397198 72.225691 38.534388
17 94.397198 85.991145 19.387614
18 94.524803 91.578552 4.71092
19 94.524803 90.740758 7.626488
20 94.524803 90.840816 5.832147
21 94.524803 71.159577 38.578065
22 94.524803 89.941145 9.806378
23 94.824803 91.479569 3.604687
24 94.824803 72.290528 37.748408
25 94.824803 88.312154 14.249777
26 94.824803 91.029431 7.0202
27 94.824803 74.271715 36.667573
28 94.824803 89.585394 12.260124
29 94.824803 90.467754 8.593391

gen best mean std
29 94.824803 90.467754 8.593391

gen best mean std
29 94.824803 90.467754 8.593391

gen best mean std
29 94.824803 90.467754 8.593391

gen best mean std
29 94.824803 90.467754 8.593391

gen best mean std
29 94.824803 90.467754 8.593391