-5.822048279685865246e-02
9.045710834335318751e-02
6.688242765124212674e-01
-3.863530680809168505e-01
9.076581644120118586e-01
-6.684417681008938406e-01
-9.349400457242909024e-01
-8.485854792602014474e-01
9.940692082266338048e-01
8.827182966808251319e-01
9.453193687504775067e-01
2.281570521049749445e-01
-6.195068567345956012e-01
-8.692061961955888094e-01
4.373062912141736369e-01
3.981926538469284793e-01
2.747673548087006257e-01
1.012792524956820372e-01
2.928990059925207223e-01
7.160689499404757630e-01
-2.864642091835771787e-01
6.991800591225469930e-01
6.884927727343150838e-01
7.873405277016736203e-01
4.143992548114003860e-01
1.331018744579552937e-01
4.089778802351493603e-01
8.025140824446073129e-01
2.182481558507154418e-02
-5.355307141076870447e-01
4.489507714801441729e-01
4.402893588002938507e-01
2.928788911420299179e-02
9.263403191218526622e-01
-5.386704397808759204e-01
1.501153787452211841e-01
-4.498313354082073001e-01
-4.745678777664079639e-01
4.226689756573733803e-01
4.010434862859375560e-01
3.468737171430049671e-01
9.886260593379401218e-01
7.371439143329205912e-01
-1.071018756325694543e-01
-9.796589392523080697e-01
5.052000758870098807e-01
4.081881312742032808e-01
-4.025841769638824896e-01
6.709464949931178701e-01
-6.561636117556359782e-01
-3.624026628518990378e-01
2.057732907752030105e-01
9.274556807852740725e-01
-8.339190917860566099e-01
8.076785985864327611e-01
9.946112459777800563e-01
9.261795471314542283e-01
-5.978741715968372006e-02
-9.539402910348426801e-01
-3.771029961436376254e-01
-8.856989320312973479e-01
4.461709210351025856e-01
-1.933053362200369829e-01
-5.577189063845451322e-01
-4.613940486468703917e-01
2.919370674336436711e-01
1.078354570398494250e-01
-3.413972098876021377e-01
2.834619339267836491e-01
4.626120550375600882e-01
3.794849894528111722e-01
5.532287955569517024e-01
-4.155655273092557778e-01
1.983898233407295209e-01
7.295903134787140587e-02
4.097846661985915517e-01
-1.380356238879134612e-01
4.785247300821853234e-01
-2.431635126939735159e-02
3.533690543029650577e-01
-4.533823494657156505e-01
4.707132821725203975e-01
8.071674390731851112e-01
-9.327182281597792279e-01
-5.559457893902839398e-01
-8.649413729724264588e-01
-3.279429652351661950e-02
-4.234992782798365774e-01
3.744340088187911864e-01
9.667286589593815371e-01
-3.695513985016138925e-01
-3.918128645723277792e-01
-6.934711526385022307e-01
3.227544369960326787e-01
-6.072515350709708493e-01
-1.435159614991381449e-01
-9.408435017424852109e-01
-8.787134522549358007e-01
-7.921521029554345894e-02
-6.867175505515128453e-01
-1.718053231652223456e-01
-8.628061589991879998e-01
-1.887397463317526114e-01
-7.742031973965368685e-01
-2.561047838011252242e-01
3.918318788395591667e-02
8.912028207941053992e-01
2.743180651460734865e-01
-7.561921972892449162e-01
-2.185144285486742000e-01
2.586805765191084738e-01
1.250356244322081700e-02
-6.508614289539691455e-01
-9.990595142144633733e-01
-3.733491449969656983e-01
7.161336791356044396e-01
1.980701299185199105e-01
-2.961358688585984389e-01
-6.963074594499316650e-01
9.704962628649749234e-02
-7.088793926749232810e-01
7.026552108051031809e-03
8.257599747296100468e-01
-2.707690131630953179e-01
-2.705890752852768699e-02
9.739751794959468079e-01
-1.611409841196977943e-01
-9.894237583831788641e-04
4.066190524182138333e-01
6.925041478036403353e-01
2.644187110496949433e-01
-8.315691702557774789e-01
-7.888494591505559317e-01
4.623045387612667589e-01
-7.012953884746615518e-01
2.061526041726040592e-01
9.047176312081938176e-01
3.630063411638111415e-01
5.369766072232540211e-01
-2.975682031466608812e-02
8.827309009183628152e-01
-1.395713790502224327e-01
4.686872410139097944e-01
-4.905968399447575568e-01
-8.459699515537753012e-01
-9.210614338712850291e-01
-3.819709779924109760e-01
2.056606270067831144e-01
-4.083904027881419818e-01
5.207008432775759310e-01
-6.932185549239080480e-01
-5.126230451656512699e-01
9.548630595037050917e-01
-1.539550385935042343e-01
7.294892026888284420e-01
2.083541838006626179e-01
6.458193069054161128e-01
8.589750496758317144e-01
-4.313949167586161870e-02
-8.375517847063993493e-01
-9.143031659820617385e-01
-7.573054002926412620e-01
-4.990885741336685277e-01
8.914479530538563790e-01
-5.384664058733028558e-01
7.191771593931290951e-01
3.228782529189520023e-01
-4.523777902435388576e-01
4.643529602085570418e-01
6.568908602483958248e-02
4.813664649749411772e-01
6.565983047463281874e-01
-4.697590116662595516e-01
8.609241884918823473e-01
8.028618140045515883e-01
-9.084290351958255183e-01
-7.773207369154941926e-01
-8.196720861906154898e-01
1.250917162892999368e-01
-8.564142770596885335e-01
-1.513942965006338515e-01
-2.228181596038036894e-01
3.152880642518882670e-01
-8.268509564278632151e-01
3.164779710126421897e-01
-9.359019048036654187e-01
3.033177319823172624e-01
4.582191763708745591e-01
4.190352523692413289e-01
1.624208297530573830e-01
1.835411819843741910e-01
1.727099229572297556e-01
8.145984407815654027e-01
-2.231978871842288381e-01
-4.091634085937954080e-01
-5.684968758369801645e-01
6.752570194224138955e-01
-3.769196105489858173e-01
8.368009856225135934e-01
5.875144644061514043e-01
-2.786963259107324564e-01
6.424575150321383266e-01
-3.663094936189619233e-01
-9.612677102794099371e-01
-7.021228320920367416e-01
5.702648440837128074e-01
6.601056372332969602e-02
3.933701406180882820e-01
-1.597248038850156426e-01
-3.752840449454055705e-01
7.870762004011710999e-02
2.294486273279845445e-01
6.169172751776588193e-01
5.257137436782396422e-01
2.199486577442670843e-01
3.812714210443004514e-01
-8.907175179379208663e-01
-9.299107919639499897e-01
1.910282937921758961e-01
6.511122170832323031e-01
-6.439953971523612042e-01
-7.821664762859612541e-01
-7.127720265507546671e-01
8.797160859317516568e-01
-1.633008476376551776e-01
1.872963355842878208e-01
2.161038019203473937e-01
6.242994506124143195e-01
1.147983364274784979e-01
4.797552718568776076e-01
-3.986601302220844634e-01
-7.592544425971630151e-01
2.012844399513758278e-02
-9.168450995913308699e-01
-2.625176717584163377e-01
-9.663761391768077580e-02
-2.992319738542017493e-01
7.121236993749386901e-01
1.765023002459937818e-01
9.170063548895539540e-01
-9.301690085179705747e-01
-7.419079098710796849e-01
-4.338855566986103973e-01
5.281802732506339915e-01
4.577337869072206633e-01
-1.768282132844500865e-01
6.668965865155480621e-01
8.236280170479979290e-01
-5.657368613062327967e-01
-3.429435492240686667e-01
1.800736147963792888e-01
-7.470689785921764692e-01
6.988078098971219898e-01
9.858678201004520414e-01
4.279653194681110051e-02
-3.088332668301689843e-01
7.180336527685236003e-01
-8.582251680185892795e-02
-8.459560245194619466e-01
5.384450088080132701e-01
7.542636527667578861e-02
4.097469109733691273e-01
-7.619960668110965507e-01
9.353048572683915207e-01
-2.512639365410038739e-01
