-4.668520065221073434e-01
-7.580290854289153391e-01
-7.112150980916349674e-01
-3.530277341401315550e-01
6.521944569906485967e-01
6.589397957962974672e-01
-9.858916026820352396e-01
7.726866155057716679e-01
-6.232239445952414414e-01
1.768543828620317004e-01
-3.322300328650831247e-01
3.721564862248700756e-01
-2.162104900983274902e-02
-3.907949662070897556e-01
9.413881496275313676e-01
-7.869392513932056410e-01
-5.683556248847163594e-01
-3.123354612454061208e-01
9.121035593683279874e-01
-4.769088206356233428e-01
8.765094622543778691e-02
-7.744003875996436914e-01
4.317310193603567381e-01
-9.475843519185016550e-01
-1.630498285151296134e-01
-3.997766773241488991e-01
9.869530815767435517e-01
-4.778222668414608965e-01
-6.273340220087086916e-01
5.115851049660224970e-01
2.166125377895560256e-01
5.990613954151997600e-01
-4.688123926997482815e-01
7.510050147919753449e-01
-8.143136490271687400e-01
-3.424566919331206716e-01
6.517514331000866523e-01
1.172382045568001185e-01
7.431883062740238799e-01
-9.609370378250767786e-01
3.434662902282736852e-02
-5.453807396178609324e-01
8.655443921458378931e-01
-7.522996204074470228e-01
1.622774131713411450e-02
-6.926548708554434164e-01
-8.272918670579525457e-01
5.234636901291025435e-01
6.188196733495028301e-01
-6.813743779890004681e-01
9.761247668706272140e-01
3.802229695942316301e-01
1.585001482420469454e-01
-2.731782544469767426e-01
2.033831695104675319e-01
7.652952204129099822e-01
-6.579544622498434414e-01
-6.383542724983406469e-01
-7.747672602488206994e-01
-3.877557413181289547e-01
-2.147389503743799555e-01
7.272143735676364074e-01
3.967688554540556023e-01
4.093767358732887107e-01
5.586524890996620307e-01
3.096754964256049902e-01
8.367309358869274849e-01
4.067330754721643071e-01
-3.887260749713994379e-02
-2.055953816128215372e-01
3.181421109943668446e-01
-3.715256182877615942e-01
-6.161069132921495051e-01
-5.628076944661313252e-01
-1.169378903231202971e-01
8.715517746016883116e-01
2.758635616941385038e-02
-7.660607909811972815e-01
7.028786500140138394e-01
-5.146479561383385803e-01
-1.000000000000000000e+00
3.097213172954772498e-01
-2.440762902551117386e-01
1.000000000000000000e+00
9.845731290342047970e-01
1.921568463113744463e-02
-4.322887308611028656e-02
-5.169191403779320737e-01
4.517334152346723086e-01
6.037591525397661973e-02
4.463862239467477622e-01
4.835188582603789365e-01
-3.010976176950207472e-01
9.377205135521859969e-01
1.000000000000000000e+00
1.000000000000000000e+00
-5.477112744577642411e-01
7.544161287234564250e-01
6.605254409232214075e-01
-8.719092956151325291e-01
-5.009054776120520636e-01
1.079323079687022902e-01
-5.430000096818662358e-01
-4.051576983247690555e-01
8.330028556724984323e-01
-6.415803779478344016e-01
9.355028095360187201e-01
-5.392205315492637485e-02
-3.974481428230421387e-01
-7.890807225950599024e-01
9.022303698399052330e-01
-4.858000505539371572e-01
-3.943251505157301939e-01
5.356776503979863158e-01
-7.085762389910854608e-02
3.909263479957230114e-01
-1.000000000000000000e+00
4.153032904377789714e-01
7.618420149086438942e-01
-4.628092739050270188e-01
7.696739330818991309e-01
-2.087224185552633560e-01
7.123400285864670001e-02
-5.925263817382832032e-01
-5.484507921207681935e-02
3.665516458474316064e-01
2.040935565025963905e-01
4.035113788559312464e-01
-6.790977072405550707e-01
-2.330411037759411164e-01
6.111659637115092192e-01
8.050315023364731370e-01
2.932271239517298400e-01
2.915342716382268717e-01
-6.647421096956163122e-01
5.205475255828140302e-01
1.000000000000000000e+00
-6.423279986264831543e-01
-1.537621127497184048e-01
-3.500028024777490643e-02
-3.836515493323864323e-01
3.910404626552490548e-01
-5.842055826693597353e-01
3.463185130347556928e-02
-3.724401198907634214e-01
5.284808387534958296e-01
-7.637825157612121441e-01
2.558970013006545141e-01
-7.784180259386195289e-01
1.210544726094349155e-01
6.137573301959493577e-01
-3.566025811956019531e-02
-4.876104162602870051e-01
-2.337416906107609993e-01
2.553139788064258120e-01
9.033888704511268131e-01
1.535060463589885682e-01
-4.794582573608308085e-01
7.746080742923449058e-01
-1.985332316745980208e-02
2.372250269564868397e-02
5.476924586202969181e-02
9.406761090416955184e-01
-5.098666223797043706e-02
-3.930983567906953802e-02
-4.274196022855307753e-01
8.648699793492775623e-01
-4.428000164285563756e-01
4.420871972632385294e-01
7.740906010267718518e-01
7.147556256304372635e-01
2.644592477688862964e-01
8.026481029822967184e-01
2.850113922590908899e-01
-9.530588194549953762e-01
9.742663326108189636e-01
-2.448094538589127289e-01
5.622184549693565181e-01
-2.372496677420059541e-01
-5.180979545774873074e-01
-2.250827757379114669e-01
1.811919478838406317e-01
9.744179209415624321e-01
-5.347162490538603929e-01
-1.677975114126533107e-01
-8.890826235355631102e-01
9.577583855032281157e-01
-1.150599725485039748e-01
-7.876006702216626909e-01
-5.862396637546629652e-01
3.045495907731441410e-01
5.406382979899815311e-03
5.891144516257711405e-01
9.954547244667264483e-01
-6.449801628233795547e-01
-5.562827002501156137e-01
2.000938983862288190e-02
-5.215878263868476417e-01
-8.148004645311817118e-01
6.476016696112876225e-01
-8.158925149325315651e-01
3.941538317594626140e-01
-6.150228904510812722e-01
4.718123538176288712e-02
-8.922137377972279015e-01
5.832797136238445646e-01
-8.647595101310707744e-01
-7.093652861324004633e-01
7.952342378526722211e-01
-3.007366320253537229e-01
-1.939760950032123343e-01
-9.848234975056200380e-01
3.744928330650556525e-01
6.526666647275336519e-01
1.427045305084082560e-01
-6.601233565394537539e-01
-2.106261045059514281e-01
-1.248825201678658292e-01
-4.022563033066299809e-01
4.640065236696875317e-01
3.671430964458402002e-01
9.373501461766298171e-02
-9.386239123299056075e-02
-3.367856666482449413e-02
-8.167244094796932696e-01
4.878080879198218867e-01
-8.013543893630963311e-01
-7.871961491453995929e-01
-6.103619077874893328e-01
-3.088458794614783454e-01
-4.254229256686141714e-01
4.751540701323322402e-01
9.334680976114624329e-01
8.384331469524981539e-01
1.711914161661280964e-01
-9.782742093093406144e-01
6.730144116256464581e-01
-2.833237542403264086e-01
-9.277797275375267994e-01
-4.621484835385512024e-01
5.648581979723026336e-01
-5.124124408509311834e-01
2.093029335941805069e-01
2.459751922693245163e-01
4.530288256653425272e-01
-5.982358952410793407e-01
-9.213940618533262850e-01
1.260700847502740363e-01
4.284493711994543652e-01
-3.655156906276506579e-01
-6.770089260312568413e-01
-8.283305344866431774e-01
9.435713933079081794e-01
-9.762825570773687733e-01
5.701604711448613472e-01
-5.228771187895704387e-01
7.435754866073374103e-02
-6.803441705733530576e-01
6.322501270029994291e-01
-1.675472935850534917e-01
8.523258936703086430e-01
9.693261755809339242e-01
1.998075365364095912e-01
6.650012827446933894e-01
9.603635737445530562e-01
