7.822248530740296690e-01
-7.858961365876462324e-01
6.973968952186895276e-01
-1.000000000000000000e+00
-7.678566379028948230e-01
6.518016513762170394e-01
-1.955577000185429459e-02
8.407392702299095744e-01
8.409076486782800230e-02
8.289882883733039609e-01
5.661420734716967607e-01
2.800449303377550714e-01
2.945006888941471557e-01
1.352931055420865114e-01
-7.197997743543397275e-01
-6.125848968959786145e-01
-1.000000000000000000e+00
8.173066241743942584e-01
-2.319407802933002027e-01
4.563774022575121658e-01
-1.154429654424003332e-01
8.346096622900998074e-01
-3.398950311510933187e-01
2.247870626660762872e-01
-4.075746502909002866e-01
-1.861377381419872523e-01
1.933410769819689512e-01
-1.520362580774783368e-01
9.058438109733740751e-02
-6.939923120855628902e-01
-3.825696885251599344e-01
9.472450269017400615e-01
-1.000000000000000000e+00
7.689393977155600801e-02
7.571197150055168912e-01
-3.836862053227021452e-01
-1.174262424551895112e-01
-2.649252995830806423e-01
-5.880057923615178428e-01
-3.782418031279919379e-01
-5.784521140698077879e-01
8.097352657122860453e-01
2.022690204464485525e-02
-5.926192382549551052e-01
3.345539578888473420e-01
6.570602852044904463e-01
3.830670073754565141e-01
5.760592461956752786e-01
6.264270846209836208e-01
-5.461239218476594548e-01
-1.149978072470517337e-01
-1.180446659150462541e-01
9.189920328716421061e-01
8.885830282376812328e-02
1.432391582741282809e-01
4.753665548201472246e-01
7.326941675797538078e-01
2.608847600635744723e-01
3.545013675895549721e-01
-5.608704796574220941e-01
4.628477135153823419e-01
-6.043238855658610298e-01
-1.788272689455234765e-01
-8.236282016988436538e-01
-5.755838152853924861e-01
2.281842352403633534e-01
-8.879545289364982885e-01
-6.346291897460094589e-01
-2.625701657264754019e-01
4.127367391334546554e-01
-9.446804631591144696e-01
-3.561870468355767261e-01
-7.162160507303234613e-01
7.465840100844192140e-01
6.191798369354808429e-01
2.544288954992146023e-01
2.927205670535926174e-01
3.656746328949374014e-01
7.531627150530781911e-01
-8.279317570324247200e-01
6.648760600402672249e-01
9.919379010464689506e-01
3.317221277202981877e-01
-9.096113124787441606e-01
-6.465113402289728306e-01
-8.854147858789847003e-01
3.372299738413517822e-01
3.239710337135803808e-01
-5.618542210304608986e-01
-1.117103354146383176e-01
2.112463268353137469e-01
-4.403196396165813820e-01
6.755950927147833518e-01
-6.544686083279043221e-01
-7.015774817626622140e-01
1.885990269031014854e-01
-7.079525391333252315e-01
9.114213249114713200e-01
-8.331757566815271021e-01
6.428923119618117354e-01
2.752487626237942742e-01
-1.892555970772535900e-03
-2.458310761926196797e-01
4.704300533621157410e-01
8.957176796944454900e-01
-9.351892877223220157e-01
-7.453367607535895667e-01
-1.000000000000000000e+00
8.085825729192785971e-01
-1.777782131899487972e-01
1.915252037013289721e-01
-3.642592073190964452e-01
1.504857876711560571e-01
-1.000000000000000000e+00
-1.219828825333367228e-01
8.120586675225989204e-01
5.988679021798457569e-01
4.123597847779185699e-01
2.207264025682948994e-01
-7.707102243088230775e-01
-1.000000000000000000e+00
-1.820421768742475632e-01
8.394112316616406666e-01
4.099518401956649960e-01
6.335069251096374643e-01
1.182594415646363306e-01
3.397790281188065586e-01
-7.020785863533294258e-01
-7.561288402256480801e-01
8.612548401418231858e-01
-2.244511056818370431e-01
2.489534087291536135e-01
-5.688408830692353035e-01
-6.677585543352555497e-01
6.228860632492763116e-01
9.360135371444566754e-01
7.517603116138713570e-01
4.169621465433470675e-01
5.649136142632407154e-01
-9.944738968311463978e-01
4.564127571901480662e-01
-4.199182540510157935e-01
-6.184220828783042467e-01
-6.362762674487224546e-01
2.278285278840759542e-01
-8.010305345063859495e-01
6.481603567502135510e-01
7.672382009516001133e-01
4.677265135134513474e-01
3.232254894972012016e-01
4.604807368819934243e-01
-9.534497258960978883e-01
4.930943587446223741e-01
8.384469297613161842e-03
3.463247861756357793e-02
4.876538294407040119e-01
-3.717362678607627480e-02
8.088604261797075479e-01
4.587293838079120056e-01
2.465966514786241404e-01
-8.268822111245797135e-01
-7.496052323589896815e-02
8.514217866373468002e-01
9.312397247249308840e-01
4.516485378046242172e-01
-6.608617099957306840e-01
-1.871882271081548588e-01
7.197596092175110316e-01
7.263003614159611043e-01
-3.120384983118747180e-02
5.564886772536590254e-01
-4.597305164643106234e-01
-2.992180263330949663e-01
4.908914887657047643e-01
-4.552934719092847082e-01
-2.250718228661102993e-01
4.357215819656417022e-01
-5.724858481307162350e-01
-5.208112427671505174e-01
9.533204516005788776e-01
-5.267010045417734876e-01
4.557557510278862356e-01
-2.465609427028608025e-01
1.636599693313181003e-01
-3.671323838683388519e-01
8.162340580503593124e-01
4.724559203467316726e-01
2.374174944258118924e-01
6.110374195048162704e-02
7.715874065164660678e-01
2.596782999639042355e-01
-9.714629564083181457e-01
3.164148503980901417e-01
8.232439816929620902e-01
5.895969683927668736e-01
-7.321848395889785088e-02
7.393091040609718334e-01
-1.572099290298975272e-01
-5.576029896981985479e-01
-7.005004090436015018e-02
3.543432282982823534e-01
1.872850847434455734e-01
-3.142184703398949175e-01
2.007818892627228902e-01
7.057090300125148374e-01
2.515027853566131899e-01
1.630456979759156155e-01
5.169435763587836297e-01
-3.283926532312916868e-01
-9.091771791600993247e-01
-1.375704834795163367e-01
-1.159167559980673889e-01
-1.720045516717764178e-01
-1.069837930857311659e-01
-5.434809715522155305e-01
-5.623605981562715406e-02
-2.461198364873187217e-01
5.345375659151487824e-01
-3.394138628581555572e-01
1.797332608491151174e-01
-9.581704031284501433e-01
-1.146789897521003354e-01
4.350280281065271870e-01
-6.750281335235301938e-01
4.520385241207672822e-01
-4.533839325019420330e-01
2.082156370788260102e-01
6.936201784507516344e-01
5.425501146083395732e-01
-4.504761437309223737e-01
-1.930085516818390579e-01
-7.297889941506490175e-01
-2.917094318809370646e-01
-7.808513168732220677e-01
1.581737671676557988e-01
-6.941349089242641046e-01
3.179086994485504358e-01
2.857719043626338884e-01
-5.583607697060981589e-01
-4.723250243016525740e-01
-1.001308698848302065e-01
-7.789809550111524983e-01
-3.942339646933938346e-01
5.838914626962603549e-01
7.988147814962933690e-01
-1.345908394665285557e-01
-9.754347599541006719e-01
-9.185659191994337558e-01
4.066399204522248012e-01
7.510524604298761675e-01
-2.805496150532423849e-01
-6.118152689804584599e-01
9.947444249538633931e-01
8.112120983852797451e-01
-5.213264066967998600e-01
-8.476370123622543051e-01
9.591844665600228748e-01
3.682481498151840560e-01
6.280858812198700791e-01
-5.245261565365972878e-01
-6.937389147916921406e-01
5.553236968385302230e-01
3.859232956659629510e-01
3.254984501464809887e-01
1.000000000000000000e+00
