-5.450765044129243231e-01
1.397063393525996011e-01
1.770529198868026621e-01
5.830996302197342107e-01
-5.379097379101798193e-01
5.929494493226412644e-01
5.299667401997617544e-01
2.546294251236349560e-01
-8.306886003294482457e-01
2.402171615976424202e-01
-8.155354978407651778e-01
1.000000000000000000e+00
-9.556438359006238503e-01
4.983906771108968514e-01
9.671676372426354362e-01
-8.282095490527385806e-03
4.608691512180214667e-01
3.355382514042052344e-01
-9.881273532318193276e-01
7.582378879745030886e-01
6.455419425319044446e-01
-2.400298430628065027e-01
4.673095807777878363e-01
-7.699869294804942421e-02
9.903598818136101212e-01
-6.049644535208111851e-01
-8.469903557519451454e-01
-1.415367062283734434e-02
3.012678146482675179e-02
-2.869868150095579440e-02
4.732569231359874395e-01
-8.342522843370121510e-01
-1.222322443193446517e-01
2.222557393869674103e-01
3.879078217398328476e-01
4.165355543522274440e-01
-8.057379440933900572e-01
4.012552026848645870e-01
-3.154047001118152060e-01
-9.723576634696369236e-01
-6.511620372105573207e-01
-5.432925713654326305e-01
5.107871721977201851e-01
6.127987300221540701e-02
1.355820349236500078e-01
-9.998358182764623958e-01
7.843837201484511468e-01
-6.713145829326909730e-01
-1.564523039484698730e-01
-3.474827183531976893e-02
7.627551468552699054e-01
-3.865592593894632278e-01
-3.679631394465648908e-02
-4.607626579965810043e-01
-8.921256607076624157e-01
-9.523230628872714210e-01
-4.864450165458418240e-01
5.066143617527386206e-02
1.371141705307288849e-01
7.768260958947582617e-01
-1.230810454824618067e-01
-3.141998869523638382e-01
-9.262641742504854614e-01
-1.739520363572927830e-01
5.541107740133534021e-01
-9.163858738812582505e-01
-4.154346045384699204e-02
-7.172256440811194955e-02
2.633717314633996498e-01
3.482098829759771030e-01
2.480299440619201934e-01
-9.315068369884464961e-01
-4.096714475936450994e-01
9.089457164106714560e-01
-9.528334787365360103e-01
-9.300821232526232940e-01
1.983936648939781389e-01
5.870990598667109595e-01
-4.322243980386719642e-03
-1.000000000000000000e+00
-2.460034873227854857e-01
1.000000000000000000e+00
-3.131613276959956949e-01
-9.610600403102759204e-01
-2.628082419872366238e-01
5.333655045454903654e-01
-6.226297714210971002e-01
-5.483211923687170142e-02
2.139535460806689660e-01
-3.974907844163009241e-01
4.343838186379949118e-01
-5.488413446290019843e-03
-7.797841856729559318e-01
8.978049882755545497e-02
-4.158354690154060229e-01
9.381092585624217772e-01
5.516443026519562975e-01
-5.888103698578307510e-01
-7.413972441051455142e-01
-5.044615462902668490e-01
6.471986379531503575e-01
5.011997816559883301e-01
-2.669602794062162499e-01
-1.712782587698370995e-01
-6.032847048573416471e-01
-5.343808428797454102e-01
7.957945636335439499e-01
3.666247677781425685e-01
2.049524021609903102e-01
-3.655163220980567895e-01
6.199721672326348187e-01
7.241127578524670927e-01
8.513809902168448795e-01
-3.710466906331638670e-01
-2.226868778503396373e-01
-7.855782194238492000e-02
-5.313579841264402803e-02
-3.415739564205804157e-01
-3.501149673569197152e-01
-6.791699144379931274e-01
8.350594659098011796e-01
1.555651734525384799e-01
1.415451104635657431e-01
-3.024008431997188828e-01
-7.811271408811029660e-02
8.321262139936910218e-01
-8.912546611407780039e-01
1.683837832663435674e-01
5.848555795479404990e-02
5.054506406863645829e-01
3.483486726781193088e-01
-8.731752535095118617e-01
1.188047546659813936e-01
2.796782845861106592e-01
4.797071977250785269e-01
7.880620911431445164e-01
4.440764647662726050e-01
8.031992337913682611e-01
-4.631277036232506750e-01
2.488367572735718514e-01
6.605811278521673824e-01
-9.879187664220446807e-01
-1.673534514693630904e-01
9.495716237871998366e-01
-4.447766305488096150e-01
1.882238950224490170e-01
5.978617624672909470e-01
3.148064189583305028e-01
2.550203336323852432e-01
5.902681187644740479e-01
8.047590976520167805e-02
1.000000000000000000e+00
2.383458488665231023e-01
1.037105380408798044e-01
-1.789572884372897799e-01
-5.098162283190083022e-01
6.690537880643658841e-01
3.372170277424946239e-01
8.202251212402161817e-01
-7.380807919118050897e-01
-7.877719897264552351e-01
-1.132327600037577459e-01
6.974726238791902899e-01
4.409535914433157511e-01
-8.614003602459627817e-01
5.309395543057413569e-01
-2.829450186290424774e-04
9.306596850892949746e-01
2.794815520754709293e-02
-6.087794901326195607e-01
-6.786497791763921317e-01
1.325358915711487562e-01
-6.315565080830462530e-04
-4.825828720392948967e-01
-4.634425594127170589e-01
4.951839714136634374e-01
6.702286603355259720e-01
-8.163887347757051716e-01
-2.910354517218074477e-01
4.553460429263865850e-01
-4.019382170110392116e-01
6.116012437771806143e-01
-2.675670036681191410e-01
8.089722892923766340e-01
5.877322065096761694e-01
-8.145943545412834830e-01
-1.000000000000000000e+00
-5.359098753296405171e-01
-3.724762653118779410e-01
-6.026592318382277824e-01
2.769870894120736726e-01
1.000000000000000000e+00
-5.867362424800346421e-01
1.000000000000000000e+00
-1.000000000000000000e+00
7.408047204448460210e-01
7.221900066706167243e-01
-6.982202691355112734e-01
-8.078325423573748387e-02
-7.275574468515169091e-01
8.602296514006892991e-01
-3.349421076692018495e-01
-6.638270243981447827e-01
-7.717616068287797004e-01
-4.435115668289046909e-01
-6.486122097199527037e-01
-9.337801910285095097e-01
-1.427996705734216332e-01
-8.462223408358119370e-01
-7.927619099188449869e-01
3.688793109621406607e-01
-1.000000000000000000e+00
-4.753217694142442551e-01
7.307789916141523845e-01
6.261065290826636209e-01
-2.202718954088047076e-01
2.965686136501040071e-01
5.085586001273891821e-01
4.713654172582091295e-01
7.300539778820177572e-01
-2.902034584628718772e-01
9.012376070026750785e-01
-3.515506809518909037e-02
-3.507602708460058616e-01
3.905900368715740090e-01
-1.829380246790563158e-01
1.356015132262178846e-01
5.742563481465738917e-01
9.808935804930751789e-03
1.000000000000000000e+00
-2.687107551120553328e-01
-8.399187645817081105e-01
-1.309126681403229853e-01
-4.634337948675423813e-01
1.077602770375687968e-02
1.820529712692830482e-01
-4.402030991612008171e-01
-3.673526061330181780e-01
-7.865024003563680921e-01
2.569911568139678359e-01
1.066225649721549845e-01
-2.571483785288722346e-01
-9.398186714576317602e-01
-4.741729836765773420e-01
-9.208358863447769771e-01
-7.281548161274543629e-01
-9.207297727086796169e-01
8.265414265847313979e-01
-1.784145960736727154e-01
-7.568790382316434862e-01
-5.379973587088029419e-01
-8.800615609022803820e-01
4.618611380064372995e-01
5.819755354088229637e-02
9.572247143522150115e-01
3.477341194529366686e-02
3.326736992960169226e-01
2.238535169707893124e-01
-5.607825687556194927e-01
4.349634505624948577e-01
7.947566695125549696e-01
1.337403319686105985e-01
-7.569100790755114994e-02
-2.621998149409285328e-01
1.887995443623821379e-01
