4.004536597671586318e-01
1.932462394317957521e-02
1.000000000000000000e+00
-9.839475656785122704e-01
3.130062534536572905e-01
-5.127895573528372664e-01
1.000000000000000000e+00
1.000000000000000000e+00
-9.839475656785122704e-01
-4.579018185984189415e-01
-6.053860166382238339e-02
-9.839475656785122704e-01
-9.533885473616346973e-01
-9.839475656785122704e-01
-9.839475656785122704e-01
1.000000000000000000e+00
-8.956602675880818154e-01
-9.504606057922774243e-01
-4.979615928312677298e-01
9.750841348816796650e-02
-5.821961209675406979e-01
-5.381637096005807974e-01
5.517770063409376258e-01
-9.621252482244393445e-01
8.724852649774564872e-01
1.141464937490993536e-01
6.985180882168595673e-04
-3.162385312908007617e-01
-7.285512659947990244e-02
7.984302817737614077e-01
-6.835788993588891582e-01
6.840173908243667444e-01
1.284292499031187973e-02
-9.839475656785122704e-01
4.919348070163802600e-01
1.410211702155409474e-01
4.423272118331937897e-01
8.387439115381419841e-01
-9.839475656785122704e-01
-8.198123825600651671e-01
-2.018196797141883492e-01
-6.473059886281441466e-01
3.642428303634158704e-01
9.630017411432368890e-01
9.660483083736682852e-01
-9.839475656785122704e-01
9.633987646637814928e-01
-7.861878022641677344e-02
-9.839475656785122704e-01
3.296758840676897728e-01
3.112164952347481472e-01
2.061525536044309659e-01
4.527363317698673839e-02
1.000000000000000000e+00
1.000000000000000000e+00
1.000000000000000000e+00
-9.839475656785122704e-01
-8.375641170805279978e-02
-9.839475656785122704e-01
1.000000000000000000e+00
2.220854377121651568e-01
-9.839475656785122704e-01
1.272673085352224176e-01
-6.188295860233893331e-01
-9.839475656785122704e-01
-4.399535291597989062e-02
-7.718891373405872836e-01
-9.839475656785122704e-01
5.215089869502568254e-01
-9.839475656785122704e-01
-1.597618755168275229e-01
-4.380856085016084922e-01
-9.839475656785122704e-01
-9.839475656785122704e-01
-9.839475656785122704e-01
-8.507737416174286915e-01
-9.456426273379714420e-02
7.010287607304065416e-01
5.456586135128527193e-02
-3.404488777556308188e-01
-3.118837009238258906e-01
-1.597308505817428559e-01
-7.631423132100777496e-01
-3.512635257619789453e-02
-9.916757929924779891e-02
7.125338580729138060e-01
1.000000000000000000e+00
-3.703438347255616492e-02
1.000000000000000000e+00
-9.839475656785122704e-01
-9.714325315936799266e-01
4.697890512347735470e-02
-7.754384366919983007e-01
-6.861746313505815431e-01
-4.779081389030760962e-01
-1.471490852184599296e-01
5.623352578686423575e-01
6.505908951375091176e-01
7.359799927319706780e-01
4.029999628286662361e-02
-9.839475656785122704e-01
-2.155076358430021710e-01
-9.839475656785122704e-01
7.632894913334671294e-01
1.886975366169018065e-01
-5.984057843880503658e-01
-1.771013295644012775e-01
-6.942056658568802607e-01
1.000000000000000000e+00
1.000000000000000000e+00
-1.000000000000000000e+00
-1.939542559938052246e-01
1.000000000000000000e+00
-7.637219006385949083e-01
9.546741136511693870e-02
1.000000000000000000e+00
3.868588899168259876e-01
3.401338200922502386e-01
-9.886705106998341375e-01
1.000000000000000000e+00
4.515217517277325676e-02
1.000000000000000000e+00
8.252833812089475085e-01
-8.709135270255790040e-01
3.339022185310769331e-01
-1.000000000000000000e+00
6.447719020703576165e-01
2.041050242066924092e-01
1.121224155253215393e-01
1.000000000000000000e+00
-8.529125776314105956e-01
-1.000000000000000000e+00
1.000000000000000000e+00
1.000000000000000000e+00
7.924623738888372237e-01
1.000000000000000000e+00
-8.335225211090806496e-01
5.578460258189376075e-01
1.000000000000000000e+00
-1.000000000000000000e+00
-1.535731582671709117e-01
-2.930671848977038363e-01
6.386527571784541557e-01
-3.892407472478085495e-01
1.574287847207594127e-01
-1.000000000000000000e+00
-4.332000875884957081e-01
1.000000000000000000e+00
-9.126148516769072572e-02
1.000000000000000000e+00
5.001768024087540621e-01
-1.000000000000000000e+00
1.000000000000000000e+00
-5.998210474034314510e-01
-1.000000000000000000e+00
-6.478253542605263426e-01
-6.257957433394372160e-01
-6.695896518209145665e-01
-9.490987021050124595e-01
1.000000000000000000e+00
5.710330224936963628e-01
-6.183761847308479886e-01
3.352166440786328305e-01
2.163596563554137653e-02
-9.136590796814603177e-01
-5.929280146704868359e-01
1.000000000000000000e+00
2.567063390068941020e-01
-9.839475656785122704e-01
-9.839475656785122704e-01
1.000000000000000000e+00
2.283922047761782759e-01
-4.336163356617572795e-03
-4.601449616956110322e-02
9.000568234994233974e-01
-5.170553316903625518e-02
-2.466671094779727680e-01
1.879813226756400502e-01
2.430913945794810349e-02
-2.896485863917963588e-02
-3.126459641749778084e-01
3.505153721394026478e-01
3.515517348471786097e-02
-4.550696211594850160e-01
-7.663047513748965089e-01
-1.653218649959717346e-01
-8.555086562991714993e-01
2.573919373414140788e-01
1.247965243479591257e-01
-9.839475656785122704e-01
1.000000000000000000e+00
-2.912484999775312167e-01
5.327095772933732043e-02
7.721083695053753138e-01
-1.781172052242030457e-02
-4.679024383053921321e-01
9.254165554585650488e-01
-9.839475656785122704e-01
3.074271993542661008e-01
5.406964702848763293e-01
6.652664324064527790e-01
8.884029004606649460e-01
-3.265691545836385545e-01
-7.721476146654859818e-01
1.069957545372889340e-01
7.861311528095471513e-02
4.665733499882415147e-01
3.328354683395474689e-01
-9.839475656785122704e-01
-2.938355417579898154e-01
2.724698020767698514e-01
1.000000000000000000e+00
1.000000000000000000e+00
6.919476255979992718e-01
-6.472454789358893512e-01
-4.702151186718029896e-01
1.000000000000000000e+00
-5.011034833603847938e-01
-9.839475656785122704e-01
5.925398611392679316e-01
-2.010336463044289923e-01
7.815716723684892897e-02
1.000000000000000000e+00
6.709201733003987700e-01
6.415520657306038599e-01
-7.323058728841743692e-01
2.230399543381446081e-01
1.000000000000000000e+00
-9.839475656785122704e-01
-1.433356216764384294e-01
-2.789639554583833725e-02
-9.839475656785122704e-01
1.000000000000000000e+00
-7.054540664975580411e-01
-4.569280409534776100e-01
-4.123087348626771620e-01
-7.126958212545190241e-01
4.934287410226082526e-01
8.762139154995277623e-01
5.475504463712740355e-01
1.000000000000000000e+00
-9.839475656785122704e-01
1.865511282612387634e-01
5.454007327076620948e-01
-9.839475656785122704e-01
1.011311726423232971e-01
-1.188421268109211004e-01
-9.839475656785122704e-01
-1.314703240519762284e-01
-9.839475656785122704e-01
1.537305145921417093e-01
-7.470549410497062670e-01
-9.839475656785122704e-01
-8.794379705917952927e-01
-3.617387264398311819e-01
3.287174873796122609e-01
-6.031036784143478657e-01
-9.308899403750053869e-01
6.992649008570180902e-01
-3.525561519181926728e-01
4.252240011050623103e-03
-6.767797886117111750e-01
8.427629261911139258e-01
1.000000000000000000e+00
9.584297944664522673e-01
