-5.626537219921569077e-01
9.207300217636656958e-01
7.237774656061697343e-01
2.674010838171164139e-01
-4.919001018932347424e-01
6.110145473945574057e-01
-3.768261203502268342e-01
9.151841148253048175e-02
2.300007515892898424e-01
7.428716857329666912e-01
7.455700445057034109e-02
1.000000000000000000e+00
4.482916315442877497e-01
4.975691705110622531e-01
-3.944321196429258491e-01
-6.444940699659558181e-01
6.860724133238371714e-01
-1.000000000000000000e+00
-6.338760965662698643e-01
1.922410260471583143e-01
-6.675185122864983889e-01
9.248435983288222362e-01
-5.875132115673631361e-01
-1.982243049806342583e-02
6.191358912742833676e-01
-9.970572599755400667e-02
-3.695203680857221951e-01
-1.660030427905359318e-01
-5.265307797891939368e-01
-9.696164492980011707e-01
-6.557425897997586350e-01
-9.201397545872593842e-01
-3.460801277978091672e-01
-5.783512581129240937e-01
2.912625717660211055e-01
-4.600046663114542578e-01
-4.740151172804397683e-01
-5.149939017890380333e-01
-6.933542209586134319e-01
-6.461809081934941634e-01
6.181366174267943769e-02
8.805231278141102402e-01
8.188613329482822278e-01
5.680155271949989260e-01
6.669847683715608433e-01
5.121932060173350898e-01
3.610710070877049538e-01
1.652238240805465885e-01
8.158648881174752621e-01
-6.745166436893815787e-01
-5.560227401815767134e-01
4.975111057917358526e-01
4.698245740253182423e-01
1.000000000000000000e+00
-3.887712809436442152e-01
7.253054060428500982e-01
-8.762896542089908536e-01
9.600812540988136190e-01
-2.843096349853723726e-01
7.332026996766419780e-01
-7.983834893548900080e-01
8.906731886295680134e-01
-6.051730646803710201e-01
3.965548574164965423e-01
-4.030349242848479951e-01
9.542003973928152583e-01
-9.428474563284016119e-01
8.616685312745497871e-01
-9.865982365901042606e-01
2.607777803517422749e-02
-3.931886924314522136e-01
-9.136222861738005907e-01
-8.206674592534601853e-01
3.511307102230620814e-01
9.167125101441753188e-01
5.817242858081528301e-01
1.968208583582115034e-01
-2.576874304344405342e-01
-2.865028822542188269e-01
-2.975253700920410527e-01
-7.761423677314224778e-02
-7.006596422710654748e-01
-4.084300459339655909e-01
3.873546552462426296e-01
-5.520708822011357597e-01
8.106834583546174144e-01
-9.750364119281045294e-01
-3.132957697715519352e-01
-1.737172358772803293e-01
4.470606704560413647e-01
2.410522676606169923e-01
8.472894999403770555e-01
-5.466247207060549451e-01
4.681443206332979723e-01
-5.899233232439081709e-01
1.435523763757433624e-01
-5.028407561622627586e-01
-5.926559647185656310e-01
-5.207584455760490005e-01
-2.059596792953026778e-01
-3.087423290114577057e-02
-4.112976377743805534e-01
9.978905364157577562e-01
-2.912561820548549840e-01
-1.066688970528983926e-01
-6.823040637280488596e-01
-2.174492497351321330e-01
-5.737974743615841255e-01
9.851952870361004866e-01
1.000000000000000000e+00
-4.388045095487285163e-01
-7.421805930672049634e-01
2.306037076415962117e-02
-1.235000594904491766e-01
-4.646055217724250341e-01
5.565753482651848438e-01
-7.023409448683781697e-01
-8.915992305610730417e-01
-8.097623052875926319e-01
-5.353412784933063717e-01
-3.564732404546100408e-01
-5.568856016023038258e-01
2.161828124058128298e-01
-9.697301345108366721e-01
6.515580476692012235e-01
-7.772657658799131397e-01
1.864403176975181486e-01
-5.423645985159645244e-01
-8.288339975414479310e-01
-4.806133547813903339e-01
7.773086639002317610e-02
7.105551474901863340e-01
5.484808087173571600e-01
1.610959702946554439e-01
-9.024492954367033803e-01
3.380713405240421965e-01
-8.891061687184284579e-02
-2.065861439416016576e-01
1.159250148979401873e-01
-7.945196808175762904e-01
5.990800583618910435e-01
-5.633240869335842671e-01
6.082224753507871062e-01
-3.936665597073207290e-01
9.718649356723378929e-01
-1.000000000000000000e+00
7.129720092901731254e-01
-1.112939292135043945e-01
2.328072598563160622e-01
-5.406710010927497922e-01
-2.813125669938708051e-01
-4.703306788256540472e-01
-9.953663633540017486e-01
-2.007494857351819206e-01
1.321702113534131418e-01
9.693082251123412707e-01
-1.000000000000000000e+00
3.224418033314686016e-01
-2.665570365681257936e-01
1.168317921700488676e-01
-8.101539413557468094e-02
4.402320804345083438e-02
6.433109823979232811e-01
2.563309243328663056e-01
-8.049391712594009540e-01
7.488720146022769253e-01
8.625780688476714086e-01
3.803283162230448600e-01
-3.263860348866262640e-03
-2.052600766468270499e-01
8.527360386564952766e-01
2.081928826429499391e-01
-8.354999138485164067e-01
-8.511338161542109093e-02
1.354453801065365059e-01
5.137851283828763771e-01
8.273788137364208595e-01
7.694172183662301157e-01
-5.354467097143111864e-01
-6.143286954379330034e-01
-2.934645807138809570e-02
-3.849804817086106556e-01
-5.415804863965399951e-01
1.000000000000000000e+00
5.924448168198841458e-01
1.427467569315112872e-01
-8.429244396126467365e-04
3.356547863456699893e-02
-1.000000000000000000e+00
8.189344638038640323e-01
-8.990840949728449161e-01
7.944961330070960948e-01
7.027670735997330054e-01
-8.690943237469799243e-01
-9.336276034379299427e-01
-8.923272960428603184e-01
2.879951619407792318e-01
5.530307236364360168e-01
2.062118816777305241e-01
-2.019206937430719773e-01
-9.795036692746736384e-02
-5.432837995306534218e-01
-5.112377742734883768e-01
-4.668812000709193222e-01
3.951632965040851042e-01
1.948186629173604967e-01
7.443845761070196909e-01
-3.411282067832107634e-01
-5.198304523274719369e-01
6.767953503685197880e-01
1.674240720633464186e-01
-9.304687531012336699e-01
6.220047971701643252e-01
-4.781542405672969398e-01
7.744237805728405588e-01
-1.142229579824305397e-02
5.333853328708654251e-01
7.491173500327473755e-01
8.556921201568123969e-02
-6.911719570449947891e-01
-8.570381586557966891e-01
-7.613888492149769593e-01
-7.332689677829218322e-01
3.927333410884663589e-01
-7.087491276042015009e-01
-7.841954981292997839e-01
5.354247284878634883e-01
-7.796333143466041005e-01
8.756587320822427634e-01
-5.835328460043670562e-01
-4.641002453412881312e-01
6.630442517412820091e-01
5.802969985522905549e-01
1.485049794690851410e-01
4.773660051488869960e-01
-4.352104475258291028e-01
-2.695735339633789085e-01
3.261441191626724967e-01
-3.233886908268779892e-01
-2.386832779374634672e-01
-4.876973566285062178e-01
-7.819554321308996858e-01
-4.826705478227358848e-01
4.222966078492586539e-01
4.206376754865793210e-01
2.830741151749915918e-01
5.557432960000252553e-01
7.751262607595565957e-01
5.931396425579613663e-01
-7.782394020049543393e-02
-5.908207114652490599e-01
-8.882173301911003849e-01
5.188276017656189287e-01
6.453300435165398863e-01
-6.328409692178480483e-01
-9.070165296793218923e-01
2.767898691448298920e-01
4.973650837920382539e-01
-3.307354670816358144e-01
-6.337669768396820835e-01
9.104017380259783465e-01
-4.671458947643372661e-02
-5.978214847788272390e-01
3.921358658900727101e-01
3.540282142256928610e-01
