8.913851363458507038e-01
9.832264117101512380e-01
3.733481673959493374e-01
-7.478569762360514073e-01
-7.186856182668841520e-01
2.040222252909964784e-01
-2.698910521722346356e-01
9.658097154850580068e-01
-4.257204195202535790e-01
-5.814991400662468113e-01
1.031803616493804920e-01
5.740772266369678078e-01
1.676940148890976590e-01
2.881432600550027923e-01
8.369383269068952913e-01
-8.029118134712089905e-01
-6.250379101603740217e-01
1.790150402587451783e-01
-5.964802348167619339e-01
-3.711840177481111613e-01
6.233580867660315494e-01
6.422831086774063447e-01
-1.000000000000000000e+00
-2.153697754120097729e-01
-3.819348159729790693e-02
5.032502137959774524e-01
-5.610997162998687671e-02
-3.939457643834014533e-01
1.000000000000000000e+00
-7.610423480764547666e-01
7.386630157509863626e-01
-1.765328654199032066e-01
9.951337794942052284e-01
9.322613394412546661e-01
1.000000000000000000e+00
8.262813210688191301e-01
1.483514053056593784e-01
7.388656004136176514e-02
-4.088217598236676409e-01
1.000000000000000000e+00
-8.763525517988837166e-01
4.590056703425786644e-01
-4.795980089819007475e-01
4.364404975545347898e-01
-1.467807911263263876e-01
-4.396958181711924096e-02
6.292051879357849486e-01
9.722482600989304502e-02
-1.115812564568184756e-01
4.930440145027223942e-01
-1.000000000000000000e+00
-5.571959297045170345e-01
-4.959975749909076304e-01
6.820265355746717439e-01
5.977196435146137077e-02
-1.225044595530839775e-01
6.611795165571491273e-01
-8.667192415660699423e-01
-1.894805821495340048e-01
-1.217310802160209704e-01
-4.849118436251232955e-01
-2.829239171324681168e-01
-1.256359076569487643e-01
6.834069265102197255e-01
-1.628187315377261357e-01
2.515208871947806069e-01
7.244719456317326722e-01
9.352153125370654685e-01
7.956792523913375215e-01
6.960717444754948025e-01
6.754481726804465458e-01
2.344430933391897787e-01
4.092173989142156021e-01
9.518998613259355146e-02
-7.859783395320585342e-02
-9.598499889496054926e-01
-6.093736175130297639e-01
8.015114949209497519e-01
7.943855136362623082e-01
6.138795514388942776e-01
6.506296028856406455e-01
-5.290829158700178780e-01
-7.842366582250810403e-01
1.767980213200361916e-01
2.734156633560436145e-01
-5.848961346517975723e-01
-6.878807975051015600e-01
-3.861828347631303116e-01
-2.619779519649667598e-02
-5.541235154980104216e-01
5.705945357193098477e-01
-4.973074834082535922e-01
7.752420898747118816e-01
-4.381791318611314434e-01
6.218833036591808749e-01
-6.933311928275007752e-01
2.365594466794334050e-01
9.503805913852113596e-01
7.786512704162551479e-01
9.825315283216444762e-01
6.655807991767748177e-02
-5.482472812986818878e-02
9.199097908784339417e-01
5.703640828395201146e-01
8.896858180362093860e-03
2.897963464755599627e-01
3.394594778516333289e-01
-5.567704612876340775e-01
1.282297926690640910e-01
4.729947900821308560e-01
9.651143693001897894e-01
-7.832940752075636670e-01
5.475201225137198424e-01
9.874978163918030072e-01
5.149210622010124139e-01
-9.133409825880689503e-02
-1.025004936892481844e-01
-1.739677430607460273e-01
8.383703350881266392e-01
-2.992977818578720361e-01
4.244682135195717576e-01
-7.504657464073557493e-01
-3.177716952100744230e-01
6.086961856496775347e-01
9.896282625599372995e-01
3.612168408024547528e-01
-1.578478408181401837e-01
-7.228612309171560391e-01
1.012590440927452207e-01
2.571273577516879350e-01
2.681602025067955086e-01
-3.862162422575150522e-01
-6.962199545797272959e-01
-3.876870444858736553e-01
-6.035141260410386010e-01
-3.820771451585149858e-01
-7.941667841642894299e-01
-6.890228480011399703e-02
8.462704508894143274e-01
-9.085971768449450092e-01
-5.091478832477898120e-01
3.702098113092506249e-01
-1.028374800282880058e-01
-1.037749736501523412e-01
2.186137686952858150e-01
-4.565411760524991092e-01
-4.552359541096018258e-01
-6.310020767445343459e-01
2.474303774223065577e-01
-4.139656457609950380e-01
-7.183883176235065227e-01
-2.956381526406749449e-01
-1.000000000000000000e+00
1.887318242271397439e-01
-6.930475679343550688e-01
-8.448877427271109797e-01
9.672610900313840521e-01
7.539778094339228964e-01
1.000000000000000000e+00
-3.577069483746635470e-01
-2.163150572822331585e-01
5.177981988585487194e-01
-7.068278086352022260e-01
4.383551263049307312e-01
7.303552116978464515e-01
2.904377615997100204e-01
-1.469220831609772127e-01
-1.878975300079066546e-01
-7.153029631516050202e-02
4.752887962456210924e-01
7.603858371773145053e-02
7.183064950617469302e-01
-1.425754229136206863e-01
-7.058773515493633743e-01
-7.564579590586053559e-01
-5.043247673091166838e-02
5.597867609311113490e-02
-5.162157468117605230e-01
-6.101870727832521268e-01
1.025096931661682309e-01
-1.741959250338684650e-01
3.954608969394823870e-02
3.237034015121134645e-01
6.830123450138076979e-01
6.917574341644271430e-01
-8.639786537998115357e-01
-8.921368981728432512e-01
2.710870508098541798e-01
-4.699178878510359425e-01
9.599362797729105168e-01
9.912161035004818377e-01
-7.124008295463134244e-02
8.427605240014157673e-01
9.917703138802066998e-03
-2.014678619171528240e-02
-5.381958450127636434e-02
-6.581926178174872799e-01
4.921369774035748712e-01
7.561098399505667977e-01
-6.502068129033802268e-01
1.000000000000000000e+00
-9.293572921584721813e-01
8.393674251985362433e-01
-5.641111736933540621e-01
-1.673960550648205814e-01
7.043075430195725462e-01
4.792841688487695651e-01
-2.234004046985380298e-01
7.543949499207228682e-01
-8.820732875846228893e-01
6.694324866973929700e-01
-7.377958284381307408e-01
-6.862164781642452471e-01
4.310685848763969319e-01
-9.564518825762440279e-01
-1.296494121964513191e-01
5.838489792145826751e-01
-2.853859331978276237e-01
1.681927066359384937e-01
1.000000000000000000e+00
7.121339223213341008e-02
-7.689621301469606873e-02
5.750363167751688653e-01
9.594409816087330345e-01
3.555825312218274803e-02
7.826793624565988594e-01
2.173243262351374216e-01
-5.301365670433674238e-01
-1.000000000000000000e+00
-3.424784475449181298e-01
-8.785199956642688601e-01
6.244938667589068348e-01
-3.814613816875334074e-01
8.503818356830803449e-01
-5.220800372694738289e-01
-4.048887942150081187e-01
2.317184881906397820e-01
-8.356181057156335523e-01
1.000000000000000000e+00
2.115745262496555867e-01
-5.100593684217350487e-01
3.107329379178870310e-01
6.547352902134302433e-01
-2.095069714513783099e-01
1.000000000000000000e+00
1.048423988474143642e-01
2.906269528563372728e-01
6.350675492822542845e-01
-2.764552072639376856e-01
-1.649131703275534822e-01
2.166979639154731352e-01
8.956695460108761164e-01
-5.026685409317682707e-01
-5.558554243709266096e-01
-1.202562791523602570e-01
-6.032267158912028027e-01
7.118931523627610725e-01
8.036521300417223124e-01
-1.343751357807230207e-01
4.900934473281127191e-01
4.662641725845055873e-01
4.930365834435401773e-02
-2.016963504608509650e-01
9.914710383678526640e-03
-6.873610470645242776e-01
