1.459073643069563608e-01
7.636707140680024652e-01
-2.214636864777260461e-01
3.002573121592756467e-01
2.576961489024910401e-01
8.559139304039081741e-01
-3.465674317332379517e-01
3.440113651913079273e-01
-1.717047583821028900e-01
8.225431314704496621e-01
2.315579798004880341e-01
-5.785832896401922332e-01
7.092178724934857792e-01
8.519003469728175792e-02
-4.507571012008080302e-01
-1.937790187906128780e-01
7.124398962535908320e-01
2.541847057397954024e-01
5.289629929616717074e-01
-7.359078635697254844e-01
-2.399863092956157073e-01
3.368564180316896972e-01
6.154815921950187452e-01
7.525496206695683199e-01
8.744582130700067069e-01
-2.573047272561390098e-01
3.239091097697148758e-01
-1.138446043424924392e-01
-2.011564126765365834e-01
6.928463969577121073e-01
-6.759353332265451986e-01
-1.000000000000000000e+00
1.313032529756703592e-01
2.527849591656000650e-03
8.688648041965796320e-01
-1.000000000000000000e+00
6.254887103095843615e-02
-1.421924785388908180e-02
5.857911945952465338e-02
7.206399904883014074e-01
-7.283776833220595437e-01
-8.264032875416806867e-01
3.451848577840750387e-01
3.059105662440575468e-02
3.570173986725382331e-01
4.966807214410474680e-01
-6.226447667905556926e-01
-1.000000000000000000e+00
-2.659782680203015559e-01
7.634034385578688520e-01
-4.834519702171024003e-01
-7.557387614050139479e-01
-5.469004683641862652e-01
2.894292067985833050e-01
2.707290411338220126e-02
3.662960919313104080e-01
-1.000000000000000000e+00
7.473685623048706983e-01
2.307391517310894147e-01
-9.697364889724590098e-01
8.646830960657174714e-01
-3.678569974831467082e-01
5.856649327180641906e-01
-3.066798630171155282e-01
3.399154196894964564e-01
2.777407813480710641e-01
3.176458543223426023e-01
6.268058817284920536e-01
-3.181194265672301902e-02
-5.023403700670181493e-01
1.000000000000000000e+00
-6.447440766500535381e-03
-8.072389070088572538e-01
-7.288784762612591228e-01
5.721526763758792988e-01
5.779269458475226884e-01
-7.468016400247702302e-01
-3.089459721970537753e-01
2.004984820415409430e-01
6.554889326369879587e-02
-9.092193665048052820e-01
-4.154755487562661331e-01
8.700724554687561119e-01
8.524021792673681652e-01
1.000000000000000000e+00
5.756408250662511383e-01
-6.976069747691703016e-02
-2.233275144293433434e-01
-4.493427426192778129e-02
-2.757582517035395142e-02
-2.542208028882897430e-02
7.828140510395056317e-01
2.236190199463530814e-01
-1.282129401115532086e-01
-8.831713997578964914e-01
3.005259639138954664e-01
6.313576150946498267e-01
-5.273329490211950965e-01
-4.624042196039386265e-01
-7.089601498537873026e-01
-7.273003018999935065e-02
8.210898059507111268e-01
-8.035140466838297524e-01
-4.954301632365021302e-01
6.669775080799076328e-01
-1.072298923421088901e-01
-6.000099685879777267e-01
-2.205210037772398213e-01
2.635523075161709805e-01
-1.937583861020453213e-01
-1.981487059263214445e-01
4.178666180285020570e-01
-7.330876364584728577e-01
-9.469941277857123474e-01
-5.940271553869698185e-01
8.265729117786440039e-01
-5.768704281893267671e-01
-7.969618321236044967e-01
-6.422332347407115893e-01
1.333373966544929567e-01
8.235817085905662305e-01
-7.413106473733965807e-01
-7.402368175181077703e-01
4.161839260235968840e-01
-1.797552737531770695e-01
-2.626118496247882295e-01
-1.677102264465556991e-01
5.597932071622744310e-01
-5.843933800752421082e-01
-5.971157057166951443e-01
-5.989805447139592287e-01
-5.675937058495019727e-01
-3.162207505552327991e-01
7.719120151494592852e-01
-1.281190306410788238e-01
-9.158431399249753468e-01
4.516153366668126390e-01
-5.669841847012917491e-01
2.361429895525238298e-01
5.096692260371948890e-01
9.660548841153220323e-01
2.735191474751093588e-01
-1.000000000000000000e+00
-9.030407667943461947e-01
-7.657611136855901890e-02
7.635039089392007261e-01
2.592994892463423851e-01
-4.011697842957585025e-01
-1.000000000000000000e+00
4.677385188353040402e-01
-7.000352687964200848e-03
-7.075135892355159939e-01
-6.805011728806578120e-01
-2.747532062818489051e-01
-9.562999485962009327e-01
1.493777827650416556e-01
8.398487036029667063e-01
-6.744299751661336773e-02
-7.015657856619754718e-01
7.740049227905471119e-02
1.000000000000000000e+00
7.812309579986902452e-01
-3.821967579686846861e-01
-4.678581698954667467e-01
2.349464441748135568e-01
6.802379233075017684e-01
-7.026457795547640384e-01
-3.657255116419182439e-01
-7.524552828958805395e-02
-2.928654779797642549e-01
-6.412846333075337135e-01
7.388463769365438694e-01
-7.552163006053145278e-01
-1.542397044244969706e-01
5.282262535960370320e-01
9.207418044991122485e-01
2.674000814920312052e-01
-1.915965861511464141e-01
2.702028729951859720e-01
-2.146634108134981567e-01
2.629155108714259503e-02
4.596156683635199691e-02
4.578363199587861532e-01
-4.857788618790449542e-01
2.302963814103747286e-01
3.553945763208766762e-01
-3.625987435529681724e-01
1.000000000000000000e+00
6.048449850641308689e-01
-4.426225189923036485e-01
-4.967221418998362115e-01
-4.894143938475009614e-01
-1.859467834624298765e-01
1.546840637045122646e-01
-8.276487708448714287e-01
-1.463467403360653174e-01
-4.781716913541405600e-01
-4.429058093110185834e-01
1.089430286921830859e-01
-1.000000000000000000e+00
2.643920081954613810e-01
-9.381565602539985171e-01
4.709105775299416430e-01
-6.014742989703192322e-01
-7.910922859290456799e-01
4.333789537024436145e-01
-4.735771519406616337e-01
-3.863435372553873370e-01
4.870955595948670003e-02
-1.255595123641329303e-01
-6.234144472677189963e-01
1.109929229058115308e-05
2.666206029576168590e-01
-7.038365717241878983e-01
7.369785170589283618e-01
-3.503935791919651210e-01
-4.324445743047405921e-01
1.000000000000000000e+00
-1.096899524965152806e-01
7.172118272405992867e-01
3.500081384852415933e-01
-9.938550587189577679e-02
3.626971127869275113e-01
9.056727237109100104e-01
-1.488729170381464240e-01
2.616160482922716413e-01
-5.443143266177522532e-01
8.408114426807006270e-01
-4.093804409353309914e-01
1.000000000000000000e+00
-4.115836792156994384e-01
2.055761186211870206e-01
3.005173766414419578e-01
1.420197480777372623e-01
-8.391132291728081727e-01
1.354299876900558197e-01
4.596810951257027655e-01
2.871628780574490003e-01
9.772678450498888392e-01
-8.860783313084685808e-01
8.448721841622607309e-01
8.181115144757863389e-01
-8.813307569568282762e-01
2.031796468937303590e-01
7.161534726187335220e-01
5.895178464770022275e-01
8.989128216153913220e-01
-6.909416716496648014e-01
-1.857550547476486402e-01
-4.630607842498072890e-01
-1.182301310286747037e-01
2.136020958680870385e-01
4.129166321765245229e-01
-5.729074316677974510e-01
-7.755111739425586403e-01
3.941000535270097749e-02
3.797830873463010071e-01
8.899024174793410680e-01
8.108092903423667064e-01
5.915911525254100578e-01
-6.777781533470835784e-01
4.533413928208388510e-01
9.114346832211434046e-02
-1.189406800208802073e-01
1.313222239699892713e-01
