-6.236540401810779510e-01
-3.346469329908178802e-01
4.294092938265878234e-01
2.958441156111347725e-01
-3.269162771755612651e-01
7.173176646599909168e-01
6.672343370607732860e-01
-5.122889624729184410e-01
1.468466071973416609e-01
-1.000000000000000000e+00
-4.139230357541746064e-01
-6.439040675420724599e-04
1.000000000000000000e+00
9.300237143619994873e-01
1.965838414941522005e-01
-4.958093040454707168e-02
-3.883030533660347672e-01
4.306536796388462651e-01
2.921729545467284805e-01
7.630317000063804311e-01
-2.480453712631677521e-01
5.679233547391286940e-01
1.271816974187454097e-01
8.992100488855063745e-01
-2.914507438493324498e-01
9.852982033827786257e-01
5.498344590740718019e-01
6.712142392763206233e-01
4.716809349354142422e-01
-5.533620106396528460e-01
-3.698633059509949250e-01
6.179820628470760191e-01
-1.000000000000000000e+00
-1.551712205291776170e-02
6.486592123902545914e-01
7.841101608996843275e-01
-4.842125466613587947e-02
4.312763056708079912e-01
-5.171463129445523776e-01
7.166650292321039006e-02
-1.949549919235799289e-01
-1.000000000000000000e+00
6.306486180514221385e-01
-4.747551041026362717e-01
3.837234036376453439e-01
-1.118221386569407949e-01
1.809538150303085374e-02
2.978039192053074102e-01
-2.395635027122056671e-01
-1.734989777766899888e-01
8.966219650678769471e-02
-5.076194836175198510e-01
6.207766595857641123e-01
-9.428449829866631937e-01
-8.394034665960036223e-01
-9.588252663750276850e-02
3.197055067276126372e-02
-6.494187918153854211e-01
3.644577988602367147e-01
5.677393370429971720e-01
1.000000000000000000e+00
6.593437062184480668e-01
1.494807229288323269e-01
-2.808228830036201273e-01
-1.000000000000000000e+00
5.745686514579591009e-01
-9.350347112101722313e-01
2.204283946674235883e-01
-7.354464991703693055e-01
7.638139231971542431e-01
-7.583715618889831367e-01
-6.073881797776116143e-01
1.000000000000000000e+00
7.113997031805067983e-02
-9.015468309407989600e-02
-1.000000000000000000e+00
-8.940829608051498179e-01
-4.695190217516864717e-01
-6.105049747500036483e-01
-3.777829744428023440e-01
-8.656988024285972028e-01
5.292236144500154366e-02
-3.254556568228693658e-01
-1.722835593507492935e-01
8.162008659197048654e-01
-3.613593938103998315e-01
9.619566007214552794e-01
1.000000000000000000e+00
9.019466991658862121e-01
1.204923448371647138e-01
-6.633489286371456739e-01
8.363608964944824198e-01
-4.732466811457679001e-01
1.836364060449716118e-01
6.559797804489134743e-01
1.000000000000000000e+00
-5.374868151155798301e-01
-2.096094463804255847e-02
4.327909155908993277e-01
5.978083285083982679e-01
-8.401246221405989090e-01
-5.581052446219543217e-01
-1.266621477069773682e-01
6.375081582503681066e-01
1.666796854110647597e-01
-6.586160267428098347e-01
-4.342593923768947040e-01
-6.751569947702176222e-01
-5.891653710022664026e-01
-5.143972068878601700e-01
2.655837700413913316e-01
6.374557488307385222e-01
4.401762210954909826e-03
-3.565428995060313522e-01
-1.001145438015228761e-01
-7.927838113506666673e-01
1.846061830173009732e-01
-8.078033933792964083e-01
-5.861736383119242610e-01
7.623707361085726442e-01
2.091749092988551273e-01
6.787799898056358361e-02
-1.000000000000000000e+00
6.706358688544421520e-01
4.583418829062252398e-01
-8.644678917800694418e-01
-8.964108744922747452e-01
-8.094146039136938808e-02
-8.331323304237505667e-01
-4.159536515980129245e-02
-6.090811450621691492e-01
-2.245643735360673410e-01
-6.010167994563912763e-02
-5.451911667798886585e-01
2.818202329805338247e-01
-5.552831464741038170e-01
-5.921758604462525888e-01
-3.510568971113327552e-01
7.285607188574657611e-01
-6.243171360217374399e-01
-1.000000000000000000e+00
3.883826218579711220e-01
7.617624080519777019e-01
-4.506641840010628952e-01
-8.073204131410932627e-01
-5.930220610643948120e-01
-8.923493242523699021e-01
2.598934676964653190e-01
3.221008895450315768e-01
-6.214223726606582510e-01
-5.168912262472338259e-01
-8.788222317597254030e-01
5.785362653211887363e-01
-6.466131543508361057e-01
-2.435260885400459263e-01
-1.015545374141536561e-01
-6.540306303176957048e-01
4.630207996901741785e-01
3.215895360215256099e-02
-1.597232496610964669e-01
3.730968286727448513e-01
6.327976554497974915e-01
2.468790788132144143e-01
-1.000000000000000000e+00
-5.832086928575582752e-01
6.143413452229825600e-01
7.734199241396970681e-01
-4.184683690854873461e-01
-4.248267031069983268e-01
-6.171180578924012616e-01
-4.069722697387900268e-01
-7.651549291707010481e-01
5.986874989455638341e-01
1.021139766415713745e-01
-1.001397870779300037e-01
-5.877256224565751558e-02
-1.535076369099283577e-01
-2.142242615892786528e-01
4.554452102644410139e-01
6.350428448795479852e-01
5.002847935390640766e-01
8.557964715019832358e-01
2.367614634106437466e-01
-1.205953519750043723e-01
-5.964226408934026891e-01
9.120359377430191650e-01
4.941320456475402079e-01
4.053739140358834092e-01
-2.558993939456577493e-04
-8.125158533534009297e-01
8.600328610723554368e-01
6.222259980725483031e-01
9.060651737301544939e-01
5.911476509823871961e-01
4.737723084084530245e-03
5.515490346951363865e-01
3.705909485404774717e-01
6.606232787675404561e-01
5.781657094339003322e-01
-4.597092231913013638e-01
6.553008458934920233e-01
-4.197250938442986801e-01
-6.023186119667025551e-01
-9.041519456723828840e-01
-4.693879112248882102e-01
-1.852758772637556617e-01
2.582279866736085505e-02
1.608547161400546710e-01
6.490377854767219457e-02
3.961004487761349280e-01
-9.474516383875943859e-01
5.114326884096538350e-01
-2.531564685493674083e-01
7.313752443243106693e-01
-9.132057007106545443e-01
2.310695728051273545e-03
6.538561136036737942e-01
7.487945871319017233e-01
-7.597387546054634733e-02
3.245708180703541501e-01
-7.630926886151172539e-01
-9.391603248606410492e-01
2.431094254314723480e-01
7.708331541503399276e-01
7.827214218698823611e-01
4.897332919030573661e-01
-9.659497600455312361e-01
7.988257043692952308e-01
-8.708533516050172008e-01
-5.915535695727773824e-01
-2.723542378559535848e-01
-2.626900645603243989e-01
-8.711283291202052970e-02
6.746027522595842152e-01
9.874404588080956668e-02
-1.033184006303542457e-01
-7.778707787440024557e-01
-5.740575416545028453e-01
-9.777364833943006373e-01
-2.496852636222956778e-01
-4.229098697727455836e-01
9.658074048074294371e-01
8.970412324732909282e-01
-3.473002404828530176e-01
7.061681337029341865e-01
5.057766406680975768e-01
-2.481982001392410986e-01
9.218226809681886458e-01
7.200378045541326877e-01
-1.874632948198921845e-01
-6.937834987420135047e-01
-2.788899219981355593e-01
-3.054147934209056059e-01
-9.666603551172890940e-01
5.282587735513695204e-01
7.633578096969124704e-01
6.275462059618752697e-02
7.667532553142744067e-01
8.482986933712213240e-01
3.810034199156916435e-01
-4.480837468910219279e-01
6.431019118968495096e-01
-1.455294537998674809e-01
5.235739490570615051e-02
-9.085544226388581057e-01
