

gen best mean std
0 92.939318 13.243924 32.822835
1 93.501683 38.69121 43.009519
2 93.763047 70.463812 34.990197
3 94.060414 84.502883 20.134849
4 94.194725 88.891089 11.32093
5 94.301885 89.313875 11.523993
6 94.301885 71.21677 39.037779
7 94.301885 85.933659 20.809321
8 94.301885 88.401736 14.842505
9 94.301885 72.460916 38.028115
10 94.301885 92.050818 2.392406
11 94.301885 90.348357 10.347741
12 94.301885 72.450027 37.747334
13 94.301885 88.558985 17.265023
14 94.301885 90.558258 9.907452
15 94.301885 73.928766 36.890838
16 94.301885 87.557349 18.5881
17 94.301885 90.817636 7.282023
18 94.301885 74.890611 35.740257
19 94.301885 87.697124 17.60871
20 94.301885 90.883987 8.888397
21 94.301885 72.586728 38.403658
22 94.337198 89.757384 14.203622
23 94.337198 90.484478 9.826433
24 94.337198 70.897193 39.15346
25 94.337198 90.009821 11.877399
26 94.590144 91.977885 2.331078
27 94.590144 70.651917 38.980196
28 94.590144 86.166224 21.205887
29 94.590144 90.690467 9.008635

gen best mean std
29 94.590144 90.690467 9.008635

gen best mean std
29 94.590144 90.690467 9.008635

gen best mean std
29 94.590144 90.690467 9.008635

gen best mean std
29 94.590144 90.690467 9.008635

gen best mean std
29 94.590144 90.690467 9.008635