8.705521211237416956e-01
7.747137104299769428e-01
-2.033895247452002508e-01
1.089275614636585399e+00
-3.503197697167952929e-01
8.267235868895167483e-02
-1.150485083055174051e+00
-8.402592177815166874e-01
-1.243297720584107369e+00
-2.721860111502462098e-01
5.812000120798246350e-01
-2.508057744111247267e-02
-4.093466740098797296e-01
-9.386351161430186441e-01
-3.978209789980231559e-01
1.194396097286876124e-01
-3.611719590046385542e-01
4.568833851619763520e-01
6.458677576542882770e-01
5.437814381893144589e-01
-7.696709446370203489e-02
6.954384928600092497e-01
-4.238340821203177011e-01
1.111613177781976436e+00
6.350589278546449057e-01
-4.341327189682033239e-01
6.027132915975743632e-01
1.333515198491625364e+00
-5.816678453556342054e-01
-3.843904152165041888e-01
-6.666406824748016824e-01
-5.864880785181196821e-01
8.391085703149250286e-01
-1.769218237751019884e-01
1.113209942992633650e+00
5.506050290977382300e-01
8.377813155937779976e-01
6.612259294137121657e-01
-5.129441429008763098e-01
-4.560370229190281455e-01
-1.794611113607129105e-01
1.402657396063534900e+00
-1.896432702551693050e-01
1.311066363758809084e-01
-1.043265731695870446e+00
1.701269023420823645e+00
-6.207838166139336700e-01
-4.517554382408975888e-01
2.211950616366551714e-01
3.442102026043903362e-01
5.991199964846986026e-01
-4.262793203122670072e-01
-1.103651872432009906e+00
-2.571394637323223265e-01
-6.551850906037558486e-01
-5.305969718130132406e-03
5.405130953155147244e-01
-1.961915479159240250e-01
-4.310772147637871310e-01
-6.875362863246178291e-01
2.423952621991778966e-01
-1.307174349538968716e+00
5.698728174983831440e-01
4.911860990564880791e-01
-7.044621629107626903e-01
-5.369358616836324982e-01
8.695994322312851355e-02
-5.721251172664243434e-01
-8.655239882590957112e-01
3.491448759566084803e-04
7.287075371023536974e-01
-4.734836857628720308e-01
-1.884214152445862489e-01
-7.305333390574401120e-01
3.710621499575058602e-01
5.610535084974942466e-01
1.002585581331408182e+00
-6.537945484513993932e-01
6.056156105689776137e-01
-4.603783392031660648e-01
1.279147681997059083e+00
-6.437190471995547503e-01
-1.160528909005279052e+00
5.323416404895940923e-01
9.580227807369084969e-03
2.476658362723289097e-01
-8.406951164501264007e-01
3.020692631790372618e-01
-6.741154832659485008e-01
-1.220022372719035353e+00
6.319560161216024596e-01
7.155976086219259513e-02
-1.390922782270000713e-01
-1.308559730452068526e-01
-3.759493575918605446e-01
-3.119649070582271033e-01
4.879921707914935403e-01
-1.447306396493641956e-01
-5.995702229485984081e-01
6.363181790061342991e-01
7.480225792376777871e-01
-5.347030690811939158e-01
4.489943940806759293e-02
-3.517250549059287579e-01
3.412059040064744919e-01
7.591298458910402669e-01
5.649167176170147853e-01
1.287690598887303528e+00
-6.369507526621885907e-01
1.937066720501666728e-01
-5.988509210818349082e-01
3.229573484126727623e-01
-6.132577344914459383e-01
-2.526600957405121806e-01
-9.741278394308485744e-01
2.432486039281850920e-01
-8.037591814220927944e-01
-5.947044940587304929e-01
8.072362286493833805e-01
2.811200109145145509e-01
-2.408374933394249739e-01
1.071184418928873061e+00
-8.285182815105066600e-01
9.820884883821395794e-01
1.076295729594833439e+00
5.994552332552977036e-01
-6.128373996969671555e-01
1.705545662485088987e-01
4.491042078743385235e-01
-5.076609571979784352e-01
-7.361823691470020803e-02
9.585445593733339376e-01
-8.532907133453926374e-01
-6.302347797922334127e-01
8.124082911550085662e-01
-5.053702521311891349e-01
-5.242807594465422882e-01
7.441128425718703809e-01
2.969823151086291024e-01
-2.463102634780323652e-01
1.093287218157046103e+00
3.983118920513383787e-01
-2.593620060383524661e-01
1.904870312991311099e-01
-1.055480822982574729e+00
1.020481732470484459e+00
5.457524415474048762e-01
3.491995780410946382e-01
3.199981258827624964e-01
1.151135917115489349e+00
1.755720472671262744e+00
1.750365812430535017e+00
-5.689163014909108806e-01
7.321043082173769867e-02
8.140009300693695771e-02
1.288660720312452712e+00
-9.569973379206707653e-01
1.432518843543546305e+00
1.441043444361207460e+00
1.870077902502508271e-01
-6.206553585614238422e-01
8.162044124772672715e-01
-6.721276158748188401e-01
9.110342888613500723e-01
-6.640210011452382100e-01
4.506868507990399730e-01
1.630355320399604069e-01
3.007802731997353818e-01
-1.271102581966844780e-01
-1.450772564566131517e-02
1.013162304349868537e+00
-1.411753425076238688e+00
-6.182119654607866055e-01
-5.846699322025442624e-01
-9.619136496662419877e-02
-6.111113076353158480e-02
-2.618434224235501040e-03
4.844407230226555616e-01
3.913436738506912427e-01
1.243591649666349497e+00
7.924380149544216767e-01
-7.209150334581121422e-02
-4.205148508657410300e-01
4.897172658591436578e-01
1.222167340549560999e+00
9.072988535489434625e-03
4.903078891490803559e-01
-1.812027909385491853e-01
-6.981947607568603775e-01
7.391031525672957514e-01
-2.617177358956323530e-01
4.683093705352823211e-01
-1.314596266802220415e+00
6.955171139492219989e-01
-3.900260289008875697e-02
-2.952230669744931868e-01
-1.443201959601829953e+00
5.494146107107282795e-01
-2.787748786754984387e-01
-8.861400969327651866e-01
5.493913549439225497e-01
4.923773157625034314e-01
1.011336775385409004e+00
5.523413850405270997e-01
5.102011273664018853e-01
4.327246940195401265e-02
1.009075761156508655e+00
4.937703817184102562e-01
1.946037306014087864e-01
1.527790165912874532e-01
1.472240992036335516e+00
9.941342712844190022e-01
8.893431391716173362e-01
-1.473036294421976589e-01
7.625344050251836592e-03
-4.673330111683077770e-01
-1.297750100702673159e-01
4.618323947467569690e-01
1.186302890450773528e+00
-1.502201737903218481e-01
-5.582259399586064763e-01
8.980587134973330166e-01
1.025368841267781106e-01
1.607163526829444411e+00
3.723064171739151607e-01
-2.968362813519610510e-01
3.355162707531017530e-01
1.854848011094822335e-01
1.200177491658869444e+00
-1.887074103361606192e-01
-6.962956736769586596e-01
-3.664621969969711901e-01
-1.498196987399539992e+00
-3.324914166592120579e-01
-1.477693401610175317e-01
-3.090242515376637744e-01
6.804091767203271912e-01
-5.186215266252386380e-01
-5.231842784756817188e-01
2.791754881691305146e-01
1.197009484158323867e+00
3.284829961791064790e-01
5.733636056598305775e-01
-3.239756575576934194e-01
6.529994648896848553e-01
-3.712441724619082173e-01
2.751821958274747182e-01
3.815533302055534315e-01
-5.795727665171555021e-01
9.664130498001142211e-01
-8.194042774606901114e-01
-8.974422010675711658e-02
9.012112576447565138e-01
-4.059471282352885013e-01
-6.581422151693644418e-01
-6.153000741013392449e-02
-1.045605189235606858e+00
8.813432600321785548e-01
5.028617158575812152e-01
-6.277264489997400609e-01
-1.699436651415524024e-01
-1.197748363436308694e-01
3.771991652862989597e-02
-1.734327578444350815e+00
-8.137677736598841749e-02
