-2.805628540113399572e-01
8.464005082519469036e-01
7.548614281213368304e-01
5.635433306049287827e-01
6.838579043298441684e-01
5.598399113332488408e-01
9.915559009404701918e-01
-1.328236415853929486e-01
9.330204932627266246e-01
6.527781530938872034e-01
2.931893884140608364e-01
-4.397222957501848578e-02
-3.292837231885812344e-01
6.294911210990871142e-01
9.078268079937605872e-01
3.742373156253826494e-01
-7.233618359019462485e-01
3.630787082403327259e-01
-8.559583602360201215e-01
-4.517490609341209273e-01
-6.977934892598717243e-01
-5.835944619523434351e-01
2.990701064978431578e-01
-7.661770076099189142e-01
-2.829083970464003617e-01
2.846768095644059970e-01
5.709107299883786624e-01
8.347825463540998747e-01
1.519854560154931811e-02
-1.402026413615451439e-01
1.064030820798988197e-01
-1.000000000000000000e+00
-3.923535081678015124e-01
-1.000000000000000000e+00
-4.726885160402618524e-01
7.896986177628307901e-01
-2.262061260133225726e-01
1.000000000000000000e+00
-6.852218231566421791e-02
4.823123348182768999e-01
-9.232662915522248104e-02
6.714783639564765316e-01
4.678208305857225469e-01
8.714675524314897670e-01
-5.311158024776025943e-01
-9.668737180679232157e-01
6.462290485431892995e-01
-4.462890174415621303e-01
3.210903952144413820e-01
-4.685772261457814558e-01
4.283776586206157755e-01
-8.945012642666642089e-01
-4.935098140894445540e-01
-3.874054568047032299e-01
7.291081723738546128e-02
-5.193423057497665862e-01
8.731008093552720117e-01
-1.807531431057899374e-01
-3.726400441210461767e-01
-3.821320031984743459e-01
8.354858748809677049e-01
-7.601487550665191328e-01
-5.785888622191597275e-01
2.861289349565985241e-01
7.319612665305966770e-01
-3.767065295173193107e-01
6.439177370966626679e-01
-8.798717212291924383e-01
-9.337213627239033809e-01
-7.840674277081296495e-01
-8.403853738142602614e-01
-7.889175380426283191e-01
9.030744793427520900e-01
5.536022387620767038e-01
2.096207699128204149e-01
-1.556035460107468293e-01
-3.832619677636133204e-01
8.192712699524548059e-01
-9.126394589729480700e-01
4.146794350609124824e-01
-4.553384100227478859e-01
6.831260437846398137e-01
1.479600265451008478e-01
-3.265843658357893142e-01
6.676952033666084807e-01
3.472099592203826135e-01
-9.425739194550781797e-01
2.649965198053167992e-01
8.752802963836656680e-01
1.501819620258109111e-01
1.000000000000000000e+00
5.175475526489543565e-01
6.767373187476346530e-01
3.267400054565239298e-01
-3.340537876257631544e-01
2.356219952195526268e-01
-1.973129553705113559e-01
6.300300151418161132e-01
9.215115241797140477e-01
-4.355016396655032040e-01
-2.307459988922942185e-01
-3.708010933774182755e-02
-6.385472734577120058e-01
5.328396587601283985e-01
-2.801364809290863289e-01
-7.067363714334109481e-01
9.470349413438804431e-01
-1.000000000000000000e+00
-4.758280848965970034e-01
-5.893101218303501421e-01
3.981411806375698692e-01
-5.426967822428342414e-01
9.401283328278648987e-01
-1.244800850844822726e-01
-3.856783767553161324e-01
4.610882062881619947e-01
3.183223427362570357e-01
4.637281801973915929e-01
1.000000000000000000e+00
1.188818178679281190e-01
7.037160702421939584e-01
4.008972726424890887e-01
5.322822807740329454e-01
8.157337050463098205e-01
-8.332215502361861592e-01
-1.229903695702257715e-01
-3.875327080619944686e-01
4.721004416914115764e-01
7.914438322324308661e-01
4.221262304344406413e-01
-4.540505530714720184e-01
4.685950173829637189e-01
6.723179175775495509e-01
-4.808415404775417401e-01
-8.538704229528318868e-01
-6.797702707373609599e-01
-2.617976861050805848e-01
4.838765783715676672e-01
2.962610294116174159e-01
1.000000000000000000e+00
-1.000000000000000000e+00
6.462736494987547653e-01
-1.313507136111311813e-01
8.825662112429966122e-01
1.577462906445422086e-01
-9.160804835269383828e-01
7.294985628993533311e-01
-6.568426973587052631e-01
-1.696511312517018089e-01
4.314013562061940199e-01
1.323155539400537872e-01
9.293648489284767056e-01
-3.295618255536576502e-01
-2.812734782336025474e-01
1.193479699525974436e-01
1.865660798860125091e-01
7.298311086266044967e-01
-9.820566208328487257e-01
-6.062767868354167478e-01
5.260017406667815143e-01
-6.115091019399330197e-01
-6.386536568353827770e-01
-3.316828113315598014e-01
1.423693194124867611e-01
6.318880941896806158e-01
-9.029219911340626847e-01
-9.847477066865684137e-02
1.000000000000000000e+00
-7.116998896334915115e-01
-9.790758679006050791e-01
5.619324540240709931e-01
-1.000000000000000000e+00
7.403242144567185878e-01
5.907819801421696493e-01
-1.000000000000000000e+00
-8.738695565029143131e-01
1.777358087154623512e-01
-1.913145175781735818e-01
-3.553703175656230950e-01
-3.718219215154219826e-01
-6.202034889583752930e-01
-2.082169852857078951e-01
8.472530583877471155e-01
-8.497429913368662602e-01
-6.423800068319338585e-01
1.000000000000000000e+00
3.736185075995812621e-01
8.347946962292664974e-01
7.200690663707398631e-02
8.411220620094461697e-01
4.923449863476107857e-02
4.171063364696823150e-01
-8.669201999726909857e-01
8.458114181618929805e-01
9.546788522663184340e-01
-6.401932562830621176e-01
2.007245660651739150e-01
9.704521054819758019e-01
3.870502951552772242e-01
-1.000000000000000000e+00
4.106054851420395946e-02
-7.742223809114365807e-01
-9.590320552552255018e-01
-1.592752261971252525e-01
7.340102879595215013e-01
-7.315835288334049391e-01
5.003050013493807180e-01
7.571422529179823169e-01
7.744896475857039331e-01
5.016171260853820035e-01
5.583675217731459695e-02
-4.467950627926533524e-01
5.969569471476072753e-01
-7.126341970226199862e-01
-8.590497553287830268e-01
1.883792700779249041e-01
7.309217250714037384e-01
-4.412063045085363733e-01
-2.541316582527433088e-01
7.801995930960048398e-01
-9.651566262063715484e-01
6.815275923478363307e-01
-7.132547497333731057e-01
-1.000000000000000000e+00
4.228533492498844915e-01
2.792903658895322661e-01
5.282098920217948024e-01
-9.758057223395380508e-02
7.271420587564050297e-01
-5.364820154906427829e-01
-4.246524075402713927e-01
1.430444055416978111e-02
6.632039409893377702e-01
-7.011668931721785070e-01
2.570799879491887374e-01
6.022901857938900427e-01
-6.005483525342469875e-03
-6.899494763765318117e-01
3.019229354602437909e-01
2.515009717346696760e-01
-3.286181209874668996e-01
-8.868548150478631209e-01
-2.896423318900294142e-01
-5.799543107279577780e-01
8.665318683659352095e-01
9.628786516550247310e-02
-3.927820603922130283e-01
2.419319886876009074e-02
5.886453219491176725e-01
-5.755819902987810988e-01
-8.856394349756083750e-01
2.706370062095352358e-01
3.398954052987388508e-01
7.627646548092660295e-01
6.645817928236426031e-01
7.571805221243129713e-01
1.742922459649674238e-01
7.102617338895933496e-01
5.847357170530721460e-01
1.000000000000000000e+00
-9.656091574289421553e-01
-1.000000000000000000e+00
-6.453956547567167856e-01
6.802629744022221647e-01
-2.929898720615715102e-01
