5.069358653942745985e-01
-4.825820347616736061e-01
4.869131526912113817e-01
5.260698157349250614e-01
-2.696481302461855023e-01
-9.736803459194209864e-01
-3.959615624656673827e-01
-8.550775930928911084e-01
7.021119083554483442e-01
-9.331246160197363970e-01
9.191545938194112253e-02
-2.079939548123530546e-01
6.248327517919400886e-01
7.298565675858892376e-02
-8.220367171427132025e-01
6.322223620808056221e-01
-7.174512056082527067e-01
5.644428690560252537e-01
6.820933120980410269e-01
-5.747361468654421657e-02
7.158666856030460046e-01
-4.244911431741118513e-01
-1.557381191130495779e-01
7.664795210857191510e-01
-2.174021890998159012e-01
-3.784231087244505076e-02
-6.559905353678974205e-01
1.919993822624876945e-01
6.150458651850221337e-02
-2.461486958339631492e-01
-1.108358179775885688e-01
1.110311016193399336e-01
-2.220873377046106434e-02
-2.050162737200338370e-01
9.609721661938874782e-01
8.363085436031874043e-01
4.091540406391920293e-01
1.721546874683519412e-01
-8.660130717968412828e-01
-2.649891046922643323e-01
-4.168187749130560782e-01
-3.743288884450048926e-01
-8.982646278835029197e-01
-1.951564323065215767e-01
-2.814271076789975901e-02
7.816297886302938647e-01
8.922653574067804794e-01
4.296214954312302936e-01
8.307798326526201205e-01
-9.465673756207593215e-01
2.923449675627236566e-01
3.215746582473260062e-01
6.307170824260646125e-01
-7.548999949926169517e-01
-1.055455316751698902e-01
-9.462603993673104341e-01
-2.767583013074474962e-01
1.491757888251343811e-01
7.711347511430177715e-01
4.771108094812532840e-01
4.220447137630578549e-01
3.134163994912990692e-01
6.979256982342023630e-01
-9.919661612351000635e-01
8.116205380138217240e-01
-9.772569045645453922e-01
2.388529511603418864e-01
-9.861582025391046891e-02
2.774421321987241562e-01
9.426437397109872496e-01
5.534388139867618683e-01
-8.923522519808217979e-01
7.158633234339188967e-01
6.300792832830581780e-02
-9.108429628178753568e-01
-2.310709092209779492e-01
4.465851783478878012e-01
-9.833108893084030466e-01
7.046963490584823298e-02
3.143705254642317204e-01
-3.773566916021444673e-01
-8.529206626124581359e-01
-1.250928874051213668e-01
3.938917081134285514e-01
1.049244860471669760e-01
-6.374369979978327105e-01
3.989950735880400945e-01
-7.246810838559865076e-01
3.962904828024886861e-01
4.214622671917460650e-01
7.079483469548875085e-01
-5.226057224417179903e-01
2.375854756476987184e-01
-4.621590186777684295e-01
2.219137890582434380e-01
3.300219405990056920e-02
7.053728119393873897e-01
7.584477922082788481e-01
-9.381563848642260339e-01
7.116164093059906826e-01
-3.569924021283736870e-01
6.293774119059358796e-02
-5.875429921838142278e-01
6.615468940200752712e-01
3.180856309376980384e-01
1.599211901893815568e-01
-6.923179487161974510e-01
4.041820820692163529e-01
-6.363484377503003664e-02
-2.845016945376039885e-01
3.062860760570218499e-01
2.358057318370208044e-01
9.586353574626527152e-01
5.340752370760817325e-01
-4.567785455717379151e-01
2.408822705467617009e-01
-7.160734052216408685e-01
1.583490390744366483e-01
-1.374125767431633172e-01
5.409757077112431478e-01
-3.696987999003307213e-01
6.829531611837669214e-01
-4.309558442404644030e-01
-1.104851823140922118e-01
-3.763687479319008933e-01
3.258740927270897814e-02
-1.330813968249542345e-01
1.490209000938327311e-01
-2.841013199715221038e-01
-5.653256430250275244e-02
6.166605025605904622e-01
9.628740912984856681e-01
7.165188671910556195e-01
2.882070972822836641e-01
-6.799920761723654561e-01
7.500393215694720617e-01
9.072764354226900974e-01
-7.771169496246808084e-01
-8.154352118689898177e-01
9.709058395144405385e-01
1.726805342595423287e-01
8.281761865203676187e-01
-1.522424470699144106e-01
7.089409599393674544e-01
-9.572643123132926757e-01
-5.846616230944776671e-01
-9.260891408055067497e-01
-5.913830937012893862e-01
-3.201526248589225965e-01
-2.688201625925372706e-01
7.167347477442549408e-01
-7.296595162196615192e-01
-3.160799824556754789e-01
4.891342739898203451e-01
2.805519425015901014e-02
-6.014025202714701202e-01
3.935413928289421825e-02
-7.317366591808389664e-01
-4.592041400600115342e-01
-2.573451673613744717e-01
-6.115065032813851165e-01
8.458461971800932400e-01
4.582645332421984019e-01
-2.413866876241828052e-01
-2.429633535386832577e-03
-3.259247478448483726e-01
5.973802227110331931e-01
-4.114955411529428453e-01
9.556318481511032470e-01
8.903081489847795016e-01
9.815981465432732644e-01
-9.285312867101089829e-01
-9.759258092711928789e-01
4.665460777193963793e-02
-9.562262557136769203e-04
-3.489860330513905318e-01
9.522483247184725386e-01
-5.478149204369640035e-01
-8.769214915891505591e-01
2.622562337573806079e-01
-3.481349206231749704e-01
7.262733617464864899e-01
5.324394380892272238e-01
4.160502554128686636e-01
-4.202180004927527079e-01
2.739165777200325280e-01
8.227635644210513632e-01
-8.470050211977064869e-01
-5.597831477687189583e-01
-1.105966899523895819e-01
6.694591312822779638e-01
7.087948424502248379e-01
-4.484775506999323369e-01
4.627982588021335442e-01
9.576123865472745411e-01
4.445260431618647257e-01
-9.337145993696414070e-01
8.249918169267242973e-01
-6.125698176246259230e-01
-3.665625782674586386e-01
2.834550841340721661e-01
4.385915525196142362e-01
-3.327433047354375617e-01
-9.703347586489876608e-01
-3.605882271698246377e-02
-2.758461359094137588e-01
-5.603562738860259351e-01
-5.849784163736566622e-01
7.040214142235863282e-01
5.509099025392549809e-01
-8.464253833497532575e-01
2.570212616984735021e-02
7.380581717726499846e-01
9.499107308349850065e-01
5.742868329129005023e-01
8.110272938655604946e-02
-2.270167936218074889e-01
6.265806892123342298e-01
-1.712790788210152293e-01
-1.876693144630880994e-01
5.572658268820289695e-01
-3.926434412032819843e-01
-7.928312679074320801e-01
-3.810342915629094662e-01
2.419024894179497842e-01
4.030859705829601403e-01
6.441123440724152438e-01
1.545835585408001922e-01
4.321051459861924293e-01
3.541405905719403613e-01
-2.865011304127365044e-01
1.612158114026780442e-01
-2.442294655055048391e-01
2.010941446230321006e-01
1.757166084075414414e-01
4.063494747148954644e-01
-4.615470877334695299e-01
-2.178481865233312664e-01
-8.477527523049577240e-02
-1.437611306666801703e-01
6.551129210125097302e-01
9.729546827471446946e-02
6.329079391782885811e-01
-8.836039005710900618e-01
-6.637040174361243938e-01
4.172824032721795806e-01
2.992722907391978104e-01
3.668645927080629310e-01
-8.473576018338186966e-01
-2.300045229937226487e-01
9.655712972971555175e-01
-7.883811405453060583e-01
6.082297027367196129e-01
-5.011079727225944414e-01
-4.743364442893804878e-01
6.757976927203168671e-02
8.486674061030377025e-01
-5.881084503527842511e-01
8.726156580163757503e-02
-4.881280038402531218e-01
-4.838694677240624742e-01
-1.723837534018861639e-01
-7.010988745939608080e-01
-9.019107697975892179e-02
-8.140579267282366249e-01
