-1.000000000000000000e+00
-8.292631316540542974e-01
-5.100055850937825763e-01
-9.483902883074428747e-01
6.046528563516538890e-01
6.635797459805452547e-01
4.124499165418449298e-01
1.103732611681344927e-01
-6.133744566182037783e-01
7.341930941512069264e-01
7.419201298703501646e-01
-1.793682956740176859e-01
-4.643521714789202726e-01
-5.329518336325604899e-01
3.095511850114582852e-01
-6.409133857201418927e-01
-5.212115787692521707e-01
8.075346359684941744e-01
-3.660643464413250725e-01
3.775140076644532550e-01
7.638042175823842594e-01
4.378254373542257993e-01
-4.717471980212519789e-01
3.652543710927389498e-01
-3.947190223115355501e-01
-9.785025418328574531e-02
-6.566039450412937128e-01
1.739484648321120430e-01
2.812798129234330702e-01
-7.996619624679197624e-01
-1.822897078828605300e-01
5.208166163445488994e-01
5.255240856035394703e-01
8.377788367962638594e-01
5.633186295548563149e-02
-7.873979302248752532e-01
-2.766949201936883540e-01
3.671036940373955115e-01
-6.900828363007995847e-01
-4.543159217961965923e-03
-7.530822807022308218e-01
8.714130463082713218e-01
-8.512617971239120340e-01
-8.956118329668217859e-01
2.008833633770540361e-02
-1.000000000000000000e+00
9.781904516620076873e-01
-4.506092856301259220e-01
8.379933240399798366e-01
-1.000000000000000000e+00
4.539734122823316231e-01
8.343704364616143510e-01
2.702342144857278194e-01
3.026424264240489825e-01
9.038243091948605645e-02
5.322815203499438041e-01
2.349485056176850994e-01
-9.107400259968981837e-01
-9.771555006630836537e-01
6.044157734656754322e-01
2.469397770006593884e-01
-3.808158461526720551e-01
5.483451627037072562e-02
7.855537304697979284e-01
3.567006298408161302e-01
-6.967547915303171635e-01
5.677681449118106016e-01
-1.288079705532299002e-01
-1.662806569246748634e-01
5.350712144328346742e-01
-6.044258061715979125e-02
-7.650970382278607929e-01
8.688064187305095665e-01
-2.198256219736376416e-01
7.899069554876645416e-01
-1.950170440506041047e-01
1.952892549258136157e-01
-7.023863632177071992e-01
-1.907382735968925491e-01
-9.852796908519214636e-01
2.718701041472504909e-01
1.363246565713571723e-01
-8.969524959002639353e-01
-8.592952428461015923e-01
-8.613096121388115201e-01
-5.684450059515459841e-02
-3.667989462712138993e-01
4.967006453767230933e-01
9.098472389317453501e-01
-1.000000000000000000e+00
-7.561615612789696073e-01
-7.667821179063387671e-01
4.270499734478261367e-01
7.963372788626911225e-01
-6.337969113334285254e-01
-7.909014273392038774e-01
-4.449746489494269541e-01
-5.556233423805199134e-01
-1.525830196365834251e-02
-3.794950371156875502e-01
-4.774116587252790200e-01
1.802201902511173237e-01
-2.746958807959518079e-01
-6.860534090220209436e-01
2.839650307076544422e-01
-5.985842116152872983e-01
3.918138730030556460e-01
5.240175039987626793e-01
-6.602346119233795108e-01
-2.545180684904433388e-01
-1.014667398444747820e-01
-8.246539185940571226e-01
1.869346129180253779e-01
-6.758866762430091324e-01
1.000000000000000000e+00
9.258237446780130941e-01
7.906967558619015790e-01
-2.142312658582332663e-01
-6.611492317254900053e-01
5.842207442005304951e-01
-8.489276170395992915e-03
2.219137031726104159e-01
4.340131456622646211e-01
3.383678026389962401e-01
7.379849069405692852e-01
-6.412229218984168977e-01
6.017981850313354197e-01
-3.231521335009368556e-01
9.374122690603501340e-01
-1.810574680358603139e-01
2.894316210136393952e-01
-8.965698111921207580e-01
-6.024421726324089010e-02
7.734948425874073052e-01
-7.991176340127227329e-01
-1.415681912048364632e-01
-7.805103264087451809e-01
-4.174138926615853507e-01
-7.263450787332097480e-01
9.123251857665488629e-01
2.785137438067848970e-01
4.408597506702647273e-01
2.534895237518005606e-01
-5.546776144842456846e-01
-4.551658792044798174e-01
-3.131040754015539940e-01
9.395590395686588270e-01
6.080033881573252419e-01
5.831125932681107127e-01
-3.923303713468978549e-01
8.310815366293391460e-01
5.892888824866189257e-01
-2.989785149544403886e-01
-9.742224333833879868e-01
-7.262022764023512433e-01
-5.523025368013732839e-02
-3.993840198185072410e-02
7.183958799304636100e-01
-5.925914462336742128e-01
-6.002485852663111965e-01
-9.606372744572964084e-01
2.127024639741993406e-01
3.069463752190331185e-01
7.053473496490756389e-01
6.083667791093727573e-01
-7.339632450288381404e-01
-7.382841122198597894e-01
-7.650242568710169389e-01
3.524128160301845392e-01
8.341009615835126567e-02
-9.645426763440559381e-02
-5.449085286668190475e-01
6.614908705988064019e-01
7.730528542938059910e-01
8.935192274074790775e-02
2.118825310416035668e-01
-1.414546792056951274e-01
-5.829797748280552971e-01
8.356874530745070917e-01
8.497869869347045579e-01
-8.096766327148091635e-01
5.279351185706000482e-01
-6.028743465564845305e-01
3.484447871400014329e-01
-1.546419080999869855e-01
-3.360326120629676394e-01
1.092566077685257625e-01
-2.157500670548759963e-02
-9.918612856518171927e-02
-4.357334227614992339e-01
-1.121053818990297019e-01
9.274492003656565897e-01
3.516932024867157613e-01
5.163698200909681013e-01
6.589759704199831258e-01
-3.009645407191954836e-01
5.413967661598234615e-01
9.803566880123354421e-02
-1.250220240980510211e-01
-5.459998207323912833e-01
-6.803861240496038298e-02
-3.169203711088208752e-01
3.190644334792982484e-01
3.326807073578578189e-01
-1.257579426456507665e-01
8.479105628792964477e-01
-1.000000000000000000e+00
3.939896782718203538e-01
-5.012895312599332381e-02
-3.768529999385137330e-01
9.181656911521987041e-01
7.276975196196113771e-01
1.312073292217110221e-01
5.981226539026980316e-01
-1.594395140073592287e-01
-9.639815395555713096e-01
3.335542613013959823e-01
8.503776530426168101e-01
-1.455027569660209130e-01
6.254518161140611987e-01
-6.022016412892203796e-01
3.027983542189239818e-01
7.238595883743458304e-01
-3.626261659651314195e-01
6.317344121384640410e-01
5.617177357747387134e-01
-9.074232382663344199e-02
-1.000000000000000000e+00
8.633388032350994834e-01
-4.155228696094641627e-01
-7.176315871313716510e-01
-4.020212020768965111e-01
3.437810069215478936e-01
9.626649945829124366e-01
2.947833432521012043e-01
-6.302691647723062118e-01
8.249417223102246677e-01
-5.298801813720814824e-01
-8.449862644099886966e-01
5.065050165152160666e-01
4.750416805699212985e-01
-3.609409258404774334e-01
5.451149347924875155e-01
1.203739190852948227e-01
-3.829684403618534572e-01
-1.670738378821878811e-01
7.928662675729947207e-02
7.649223839169436712e-01
-5.803018940220825428e-01
8.258158585410453334e-01
5.302519154101336119e-01
8.843244000725818399e-01
-8.081400562661777975e-01
3.028425642522151184e-01
3.111442692509922558e-01
-6.282327952462767318e-01
4.359272000601362856e-02
5.749478400724455929e-01
7.908582684490393921e-01
9.791173356851687881e-01
-1.604705988218227963e-01
-2.533154980891308417e-01
-6.916097525021314141e-03
8.807305427724658742e-01
-4.851251991388711993e-01
