7.143199856155271754e-02
-4.312748691368278320e-01
3.924394503521004829e-01
7.791964296130025058e-01
-8.899415016905349862e-01
2.255021629166076569e-01
-1.000000000000000000e+00
5.090691978122756645e-01
-8.162970705878919153e-01
4.437464750605031316e-01
3.919211833292331193e-02
3.930112591278984158e-01
-2.068340647302828739e-01
-1.764692364288203974e-01
6.655744601843124331e-01
-9.088714581533794412e-01
-9.230137132390815458e-01
-7.008712482384371611e-01
9.712436421341408277e-01
-9.127275290877476799e-01
3.815656091099330904e-01
9.463506148821887454e-01
-7.170970893586570138e-01
-3.961499979835287899e-01
2.692679130671966625e-01
-3.551973122470821753e-01
5.906321203850917190e-01
9.421614536496357717e-01
-6.907598184131047425e-01
5.913527335239751603e-02
3.489449950932229094e-01
-2.777306143508523339e-02
1.611567410585795085e-02
7.076272386949059578e-01
1.900943966061212353e-01
-2.593142470036648994e-01
4.618522867353140882e-01
-3.559345178833468459e-01
-4.811422774101838939e-01
-3.377652603897366435e-01
-5.941661582604482739e-01
-8.980438764767202375e-01
1.852532913288149341e-01
1.000000000000000000e+00
-5.392249125179002789e-01
-3.405973839665006331e-01
7.571226874048599953e-01
7.353069318207607896e-01
-3.809499184782132453e-01
9.296561406032117780e-01
-8.570449176201202501e-01
-8.423534455774522867e-01
8.956882554370095839e-01
4.868391442168879535e-01
-6.129576563849306048e-01
-6.685776457381047422e-01
-6.619720970392417581e-01
-2.717753968151093158e-01
-4.148285458922593705e-01
-1.760925949564474124e-01
5.568488628425913856e-01
-8.605280075320591304e-02
-7.265160483731111229e-01
-3.908512149074995223e-01
-7.624587761255874341e-01
1.000000000000000000e+00
9.789712285576961381e-01
-7.068928988572336092e-01
-5.164571928436760828e-01
-9.457961631307567618e-01
1.000000000000000000e+00
-2.058990991319569197e-01
-7.014533769391755325e-01
1.778154027151138683e-01
-1.042904407953435808e-01
-3.592454834493999938e-01
-7.636512879352024274e-01
-2.346376699003402955e-01
-8.739754508787415110e-01
-2.763006711249030856e-01
5.134799487381052074e-01
-4.378322291436825831e-01
-6.851164614796332319e-01
-7.210685687221618512e-01
7.953322125622708239e-02
6.443766030551364432e-01
-1.871305181073702473e-01
1.722798651017393157e-01
-4.532159948046401432e-01
3.051524284062321346e-01
-5.587954491887748842e-01
6.108878755906261837e-01
-4.893806541310535829e-02
2.661979242923936950e-02
-9.609195154618686008e-01
-5.088164770146706983e-01
-7.604477854054885189e-01
-6.637507827866804266e-01
8.163316768666708523e-01
6.321290573358928633e-01
8.950995489123725335e-01
-8.563632789026902614e-01
-2.839016646253975096e-02
5.624099914423527080e-01
-9.649851352761804613e-01
-3.151578051378475243e-01
-8.208780759203435640e-01
2.925525525752619149e-01
8.031965084936691923e-01
7.431162513195325170e-01
-6.721959072177243755e-01
-6.130080371338921807e-01
2.047730687913594250e-01
-9.128538112165238694e-01
-9.652615809667817182e-01
-9.804081791918450861e-02
-8.735120666254159172e-01
-1.807007893277592647e-01
1.000000000000000000e+00
3.893493136541281707e-02
-1.000000000000000000e+00
8.763132843838227215e-01
8.933922175767144980e-01
-5.413350645953758367e-01
-8.954679122091906418e-01
-2.213290305308926453e-02
5.825607611877074987e-01
-1.000000000000000000e+00
3.828102983948296067e-01
8.919874031370831347e-01
4.775572854024661140e-01
-9.507423583966172487e-01
6.338655357367234400e-01
-9.965433823242556555e-01
-1.000000000000000000e+00
-8.976357786833305541e-02
5.389699062317107048e-01
-6.772907160226422363e-01
1.934833661294513008e-01
9.090643684406771730e-01
-3.365294572967165720e-01
1.377935012786579705e-01
-3.700380377959433531e-01
1.572934293320814858e-01
-8.195312675108362699e-01
6.218473127619796870e-01
1.663071053492773954e-01
7.404247133236347977e-01
6.111152971428306380e-01
-2.826400957206509079e-01
-8.609646733999921642e-01
-5.692302572236854763e-01
1.251448360570374674e-01
-4.673863981490677943e-01
7.978207924865531320e-01
-2.107905241001817309e-02
4.894780975544188450e-01
-3.609288447033520697e-02
3.020883097825743935e-01
-7.283527013632712377e-01
6.387830764810934481e-01
2.900671878546824400e-01
4.561384002348278788e-01
8.240439009101190315e-01
-5.391419536197719076e-01
-4.152519280265806745e-01
4.402450862823985567e-01
-2.160107589610658074e-01
-9.024082734823732910e-01
2.346618901616353003e-01
4.072007068340698366e-01
-7.714119761563211775e-01
8.745494275550604879e-01
-9.980987289440191867e-01
4.401633382876223299e-01
-9.249123947387583033e-01
-4.021375904598788464e-01
3.073481268248189902e-01
1.816972874184686615e-01
-4.369828737007048769e-01
-1.738133499284905820e-02
7.297804073173848050e-01
-9.699380066526810396e-01
-7.310150435812601266e-01
-5.645249739078956885e-01
-6.534818836405253961e-01
-9.343889007351912079e-01
-5.089072237174245839e-01
-1.000000000000000000e+00
9.606244293605856743e-01
-7.427274148520592867e-01
-8.759381216160744277e-01
-5.184877522490884127e-02
3.306484049652050339e-01
-4.851676346580881261e-02
2.209620577548181974e-01
6.361837213075793862e-02
5.753233998771112301e-01
-9.207144503344432129e-01
-2.024572878679830046e-01
7.201564205489657811e-01
-5.016862793295407963e-01
5.560965827343317125e-01
-9.601609693146135882e-01
2.112502299199734423e-01
1.733988664601244789e-01
1.696817390622233912e-01
7.400383072057665768e-01
-4.254506438016485426e-01
1.769012890792909243e-02
-4.175864208269866040e-01
-7.792901829473418696e-01
9.219432772382626373e-01
6.821454539914678650e-01
9.433982675187334577e-01
-1.630379174594411285e-01
-5.743541912423772988e-01
1.952488847151678808e-01
7.561911086721320174e-01
-8.184155280872128513e-01
-8.116665597870590387e-01
-9.775031301236627446e-01
-9.839595963749894203e-01
8.746511048019289802e-02
6.990210881573268864e-01
-4.204536709325116250e-01
4.826908981378467134e-01
-2.760450856578198220e-01
2.904808850428837186e-01
-8.610926377675557353e-01
-6.998410244093107302e-01
-8.746742612190884225e-01
-2.557742447348889669e-01
-9.153885082801439532e-01
1.511618347222645764e-02
-2.240432585237385199e-01
-7.837732423701204709e-01
-7.281273053106112059e-01
-8.075870989231308528e-01
-4.117574316316194860e-01
2.181134411239060711e-02
-9.041997332877802496e-01
1.698692113465947173e-01
-2.722363919772293750e-01
-8.962803015847662369e-01
9.658118452505971563e-01
3.831201622805416873e-01
-8.767686958097143934e-01
-4.485623934558224946e-01
-1.860628165521591160e-01
-5.810330252528719264e-01
5.618383981618229051e-01
1.670042322023275183e-01
-5.820242212213262434e-01
1.623168002687778166e-01
9.183041145332662136e-01
5.749147250841497581e-01
4.357388671220603360e-01
2.267535130327793524e-01
-8.346723972812752912e-01
-4.817912542004121335e-02
5.700094451098021153e-01
1.614980782792929670e-01
2.071313955845054400e-01
3.727602379368659125e-01
