1.296211766628013740e-01
-1.008436113798055533e+00
-2.149786083969651429e-01
-4.405540759760837588e-01
7.385875787950075821e-01
-5.653102583015567895e-01
5.310564417839762630e-01
5.317085920270676613e-01
-7.645240383790814498e-01
-6.200498345390148547e-01
8.697316328843074373e-01
-1.374041777716211721e-01
2.429424860760640847e-01
-8.692905772877215220e-01
-3.902965845160917269e-01
-3.394243922142751724e-01
-4.678555986603891714e-01
-7.754017109118793716e-01
7.416759967243058416e-02
1.018596825945008222e+00
-5.798424058215694288e-01
5.020716972968013447e-01
1.845290327664552144e-01
-3.847116409446948992e-01
1.056220905660072873e+00
5.775945490877724131e-01
-7.192286428509687690e-01
6.804352216936979669e-01
-1.120418467943969376e-01
-2.164012718495177956e-01
-5.817855046075748326e-01
-3.591244998871351846e-01
-2.759023749335726694e-01
4.014507443784262053e-01
8.300035831656722429e-01
4.949335356544890541e-01
-9.727309544096647276e-01
3.322669385762955230e-01
-1.635167972002923298e-01
3.375710356411664725e-01
-4.589169715421215212e-01
4.764192360325694153e-01
-1.061628798013344754e+00
1.305141761363460828e-01
3.030607295145067992e-01
1.010479678761710520e+00
-6.154179082831107150e-01
3.421424227965144116e-01
6.583591117526876868e-01
-3.487039350219915401e-01
1.849523608196631808e-01
3.439084293874529186e-01
-6.282235107505944327e-02
-5.181073132375342283e-01
-4.957516607529726671e-01
3.279168768194529182e-02
6.792036639924057262e-01
-1.035113683246654759e+00
4.245927164447734214e-01
1.287222089825328819e+00
-4.813085510780898413e-02
8.032491541906402466e-01
-1.057808943672755297e-01
1.863868845630656246e-01
-3.815048348397711564e-01
-1.407840699607530333e+00
3.909478958476889643e-01
-5.617544297855951996e-01
8.849364368227706779e-01
-7.631833418460393093e-01
3.806540275631475900e-01
-6.442668410321258365e-01
-6.200462347318064227e-01
7.171821898848157462e-01
7.539384873282181654e-02
2.146681440570876176e-01
1.029108589209642100e+00
1.793394304938746853e-01
1.611955223977727669e-02
-2.260593510229255698e-01
-1.106536672095247420e+00
1.709877929747154468e-01
-3.875630904503198915e-01
-3.320880990022125889e-01
-1.453904536579319340e-01
2.900331358911805713e-01
-4.789254972880124805e-02
1.747928109923351653e-02
-7.639157387182263781e-01
-7.968507157800311935e-01
-9.569560823375976577e-01
-4.001805273607406122e-01
5.948225385660556030e-01
-5.207724275417873194e-01
5.090013910224636673e-01
-7.463750480858799552e-01
-9.708389883085759564e-01
1.868156638865008101e-01
-9.307882986756541577e-01
-3.938082318996040110e-01
5.443773190542970930e-01
1.511827850364295955e-01
8.440431941549826345e-01
1.139302459703724679e+00
-2.601893627143370136e-01
6.767737834082118153e-01
7.657129204496757602e-01
1.145106262095426208e+00
-4.286869933970001434e-02
5.483241280747939150e-01
2.384235412105061014e-01
-4.439506788373677737e-01
1.048161326517384362e+00
7.049222911244923395e-01
-7.090326816261116605e-01
-7.447109612449365201e-02
6.400489213467000504e-02
-1.285149236933112726e-01
-3.836296388150478021e-01
3.868821174615732494e-01
-6.222062853849599229e-01
-7.934660046554695700e-01
5.412941312898204016e-01
7.959023183238033150e-01
-5.482764300336766539e-01
8.570519313703910402e-01
-7.378616555814749844e-01
-2.570967138872788382e-01
2.474669833097513649e-01
-2.376057313027546414e-02
8.671864587089579413e-01
8.056240045453568754e-01
-4.780342069877850930e-01
7.583573511051153737e-01
-6.289145013738146606e-01
1.108251641438014801e+00
5.224582262183066206e-01
-1.383008950332662024e-01
-7.959737128257847738e-01
-2.287660463715300296e-01
-2.744474031540080072e-01
-6.559274913133952278e-01
-5.386675307824257963e-01
-5.290836500579565449e-01
1.221694280528868026e-01
-7.766956224680491294e-01
-5.516052513680641534e-01
3.190459860726331254e-01
1.977397444606426857e-01
1.584568243593666992e-01
2.440871934082138595e-01
-1.236949768993284154e-01
9.043838216546762343e-02
7.431789584462286102e-01
-3.740198465021557506e-01
5.624364137188879731e-01
-1.014081772542018811e+00
1.057656003353656393e-01
1.631746106595117207e-01
2.831135180775517513e-01
-2.126331952528146552e-01
6.969858035623568426e-01
8.297918728957576207e-01
-7.750991407080825013e-01
2.884238870809381350e-01
-4.183831145282231323e-01
9.073786189814657677e-01
-1.870406094510151385e-01
1.180613874720824574e+00
-9.723465406852758175e-01
-5.604989161206028747e-01
-3.689885399999558446e-01
3.074105172812343634e-01
5.671304355593105306e-01
-2.217611682242756066e-01
-6.083863643532091414e-01
-4.424889308039781644e-01
-4.691456115013928896e-01
9.202561238067624716e-02
-4.898398045328166694e-01
4.565936260002599612e-02
4.061080332524619196e-01
-5.219748022593623249e-01
8.923245976638204402e-01
-4.983724110711916233e-01
6.382816245504341346e-01
-1.041852308356308709e+00
-3.841263594180551189e-01
1.842281472512492524e-01
-2.100718652746794701e-01
1.144372053629301167e-01
3.307394068359169603e-01
-1.112489236021633854e+00
-2.299181206529977151e-01
5.608594903554192657e-02
-1.507986807999231182e-01
-5.342853675105108113e-01
1.603890090595445073e-01
1.032854711736234776e+00
-1.056515395426940729e-01
-6.864166275087160152e-01
-1.295512694414282517e+00
1.026984758355474314e+00
3.302363981570016205e-01
2.355537891774739101e-01
-4.965999376544492083e-01
-9.939412296379327438e-01
4.015442001381152037e-01
-1.150599826793055280e+00
-3.409025605028222494e-01
-4.616764528945386803e-01
5.475517362233242036e-01
-4.703579153300180282e-02
5.123271286372138578e-01
-2.570042252958401052e-01
-8.527381055185631054e-01
8.468194776081079400e-01
7.220807745908037756e-01
-3.691838595844047499e-01
-7.965065634320963595e-01
-8.958651539640006822e-01
-8.478613754318249374e-01
3.420923011490408783e-01
-2.370288148506246029e-01
3.035114247944261656e-01
1.942040136100108283e-01
-5.007771455335499056e-01
-3.937736736374845004e-01
4.187256954678368337e-01
4.041777284692299466e-01
5.280294506204221694e-01
9.231095472494775800e-01
2.512927424443903157e-01
4.645326363344886578e-01
1.039485696074596621e+00
7.403889974731022727e-01
1.147450323322363186e-01
-1.024274685161131737e+00
3.755872888508126617e-01
-9.422521083124132391e-01
-7.072885015642597084e-01
1.251170954009536707e-02
-9.116213107673746263e-01
-1.113579878103531318e+00
3.776830732204506935e-01
5.444836318739795233e-01
-9.786587395311947546e-01
-6.141455588649006314e-01
-2.470551458895541841e-01
-5.977515629592654589e-01
-1.008285698568092137e-01
-7.774344266132376946e-02
1.323970859609397976e+00
1.402463216903478305e+00
-5.963951336323064512e-02
3.646285925716828413e-01
1.991162319800947322e-01
-4.754650796087673825e-01
-2.605604103679323713e-01
-9.830566044442798912e-01
4.295210134822055048e-01
-9.642640557473297624e-01
3.799133002170547169e-01
7.879600998885658569e-01
6.148642252283088583e-01
