4.888734641267956649e-01
-1.256818546769003508e-01
2.867734634069390998e-01
1.000000000000000000e+00
-3.761802593055698640e-01
4.874987173516164285e-01
-1.000000000000000000e+00
5.320935329326378360e-01
-4.469682665681676825e-01
-6.854954899986583916e-01
-7.155967960397298100e-01
1.000000000000000000e+00
-3.658852614638077316e-01
1.349175108923120758e-01
1.691516696488294391e-01
1.000000000000000000e+00
5.375494580531831046e-02
7.047312581087428196e-02
-5.832950249196471315e-01
2.547871265346901559e-01
3.136373957726376616e-01
-4.633188669669801585e-01
3.077311879113294180e-01
-8.966069203059251480e-01
-3.431188629443968074e-01
-8.053956658373160327e-01
1.000000000000000000e+00
3.114702545924296628e-01
1.695247560128053110e-01
2.289359391266307941e-01
6.227334976170335601e-01
-1.888118834500863708e-01
-9.746427741570432013e-03
2.257252169022978261e-01
-7.208260842044655892e-01
5.438747064768643114e-01
9.640166693852518787e-01
-4.397701304792369648e-01
-4.417083633569840462e-01
1.997749001611164865e-01
-4.885070502850248353e-01
6.324737515048541869e-01
-7.689108411523631892e-02
3.739140854730426677e-01
-1.752342329629355544e-02
1.000000000000000000e+00
6.292490545933561163e-01
3.841440800332496242e-03
4.926686949293830331e-01
-2.615507877096350242e-01
-1.000000000000000000e+00
-1.000000000000000000e+00
-3.434742285919490379e-01
6.754551758338160905e-01
2.411506910796850922e-01
-7.473923725762299242e-01
6.606288252496597124e-01
-1.353215981504513055e-01
-4.429938743870001638e-01
9.145458662409482464e-01
-2.355186606652150405e-01
-3.805523859673636267e-01
5.867622245398459446e-01
-5.844500293732095564e-01
-5.607848497765985929e-01
5.123917446820925869e-01
1.000000000000000000e+00
-5.072840168011896189e-01
4.000003720071270141e-01
6.873469856947448386e-01
-4.776782749774068360e-01
-3.684526965779859609e-01
-9.869319052150482552e-02
2.119009234978149747e-01
8.936741290849459229e-01
4.364067617272051613e-01
8.752906804650986139e-01
-3.924631600816665400e-01
3.083398060141548380e-02
-5.679284112859814826e-01
-1.702332886559723424e-01
1.378225757946869301e-01
-6.763546418681700700e-01
8.716367672930871446e-01
3.234388631232636424e-01
6.173143480291551910e-01
-2.949066583964417010e-01
7.695299532943153942e-01
1.000000000000000000e+00
-2.380480609817261020e-02
4.928864459153219357e-01
-4.347579893735227241e-01
-1.000000000000000000e+00
-1.548550872241504783e-01
-1.092898936635397222e-01
-1.822515982095625486e-01
1.000000000000000000e+00
1.667156180582518576e-01
-7.131235899692780489e-01
-1.000000000000000000e+00
-3.014936336357944002e-01
5.014316986310957125e-01
6.298016347303022622e-01
6.988628483589434115e-01
-6.914197753310560302e-01
-3.096938189573505973e-02
-3.281592860449535909e-01
-1.000000000000000000e+00
6.384862825201935710e-01
1.260512025932290781e-01
-7.033467443912687633e-01
-2.337958919485284559e-01
2.947212132882870428e-02
4.925644658567097656e-01
4.401146761145550701e-01
-5.509939489259285672e-01
-1.000000000000000000e+00
2.043824788653275104e-01
-5.785717762054063407e-01
-3.659777000367957500e-01
7.080337284317814728e-01
1.962134919909957753e-01
3.672315292017557797e-01
2.187055109735848157e-01
-3.417870945070226041e-01
-4.059490383462241447e-02
4.414313123890606927e-01
-6.339434478854167887e-01
1.000000000000000000e+00
-1.859363431779371689e-01
3.819094075800205101e-01
-5.027820689591917525e-01
-5.992876245328324636e-01
-4.546170613992683851e-02
4.946393879460088128e-01
-7.891755818125253397e-01
-1.000000000000000000e+00
2.846665832922148920e-01
-3.990236372070590787e-03
-2.231441610649141372e-01
-1.647607044356407813e-01
-2.624775530773330035e-01
5.299276191243026402e-01
3.146612361093028554e-01
-7.076519124247199199e-01
1.924311630446109422e-01
6.129636754362737250e-01
4.454108657084468459e-01
5.065293149609154666e-01
-9.859510569841795080e-01
-8.276492106531132542e-01
-1.435226678694029312e-02
1.000000000000000000e+00
-5.891637818582058372e-01
-5.077322848543243117e-01
9.080114710508204734e-01
-8.659703280471030551e-01
-2.432054128119347514e-01
-1.000000000000000000e+00
-7.082265282179029953e-01
-8.891734105616441175e-01
8.578355000962003540e-01
-7.339955330450582682e-01
-7.898633080823996844e-01
-9.171806076238029348e-01
-5.868404781704594786e-01
3.836506848762970268e-02
-1.000000000000000000e+00
4.116204448570972008e-01
-9.493756484309970878e-01
3.667123038830973347e-01
-2.234208683058156175e-01
-1.000000000000000000e+00
-3.270275524093739783e-01
-4.871496961750272359e-01
-2.131261831460445205e-02
3.895484995073245638e-01
-8.751258105053554281e-01
-1.000000000000000000e+00
-1.255708838258269566e-01
6.582086456066486013e-01
-2.289985214422937676e-02
5.139434196757703965e-01
4.697418346491724073e-01
6.639161926944430192e-01
1.416013834201563237e-01
-1.000000000000000000e+00
-2.406522315979938986e-01
-8.118107534316082452e-02
-6.930868995563115309e-01
8.384872011146430326e-01
-1.000000000000000000e+00
9.898013993777001751e-01
-1.044518561555875524e-01
1.000000000000000000e+00
5.244620971212134997e-01
-9.641444146269153581e-01
5.289244364323353320e-01
1.000000000000000000e+00
1.000000000000000000e+00
-3.135786902637290874e-01
-1.720830479634660737e-01
-1.468159913674919048e-01
-1.384065649219218264e-02
1.520663116958822780e-01
1.487713762604381262e-02
-3.765601784326575441e-01
-1.795352075247785839e-01
6.741570500364557628e-01
1.000000000000000000e+00
-8.808429194802290807e-01
5.053247177419356584e-01
-1.931240171714687648e-01
-4.482186470603281570e-01
1.715917456762393045e-01
-4.617774174926931874e-01
3.346457763499575133e-01
6.012868666650619254e-01
-8.709305964716355097e-01
3.099589461658560086e-01
3.745942385149903520e-01
5.950279724126974479e-01
-1.000000000000000000e+00
1.000000000000000000e+00
1.661210517180393420e-01
8.941186388749682301e-01
-1.611018631125188671e-01
2.151673589571866108e-01
-1.000000000000000000e+00
6.462686083039476115e-02
1.760190330425067534e-03
5.231122747484998614e-01
-3.717820540684919906e-02
-1.136809209384743724e-01
1.000000000000000000e+00
2.926530063918832969e-01
-6.106158290358635332e-01
-4.106481639019429752e-01
-3.017689209417315777e-01
1.021107075039228429e-01
9.430756871561939148e-02
-1.000000000000000000e+00
-7.434957827324420454e-02
6.016565894887737631e-01
1.339409147640795439e-01
-6.127834879866053130e-01
1.000000000000000000e+00
4.284342286798388522e-02
8.042049431850667451e-01
-6.953034054536357811e-01
8.146350454928432683e-01
1.656211928852093229e-01
1.520914331954675153e-02
6.947542948366454141e-01
-9.989424106119534352e-01
-1.000000000000000000e+00
-5.242694496090691270e-02
9.290355051316583346e-01
7.479931993613825325e-01
-2.732245282943039921e-01
4.985718265219171719e-01
5.453758122388968621e-01
8.923495924095473097e-02
7.113901655601948537e-01
1.403718647404014752e-02
