3.579116047465373818e-01
-7.080544554711645233e-01
-1.393368933679046684e-01
-8.390911429729261961e-01
-8.928837628261314663e-01
8.415366688721115374e-01
7.213169813610615932e-01
-7.042955509660242530e-01
-9.292592585786088044e-01
4.183680467718897678e-01
2.836451651041220767e-01
-4.156735571112588623e-01
-1.774754732210934716e-01
-4.734385545158055209e-01
9.594037614246322399e-01
-2.197169617938283803e-01
1.012663994670854883e-01
-1.268068784987073094e-01
-5.430174261315221518e-01
-8.525437911670923352e-01
-9.231295941698551832e-01
-2.875316426705665229e-02
9.064743430079302833e-01
2.785899522454984290e-01
-2.616650138124689828e-01
-9.602755176422737016e-01
7.741650742464343260e-01
-2.608063098845869732e-01
8.031691213122131856e-01
-3.827824611861574411e-01
8.194000609709746197e-01
8.841898020408696102e-01
5.555236073610412273e-01
-6.459818376615311664e-01
-6.806685878615092999e-01
9.165831068342900068e-01
-5.227568280840790838e-01
6.918064726519592700e-01
9.168853452432121909e-01
-8.101359627946220776e-01
7.169488372338745918e-01
6.709487872197410496e-01
8.203362413599051273e-01
2.135507527670506001e-01
2.161494710356270943e-02
7.629274243810726386e-01
-1.430931071178274117e-01
4.194877478244116720e-01
-8.293771801371847552e-01
-7.638517473873378538e-01
4.078739529102790584e-01
6.984497724693605747e-01
-1.953153311390245506e-01
-3.416777446112890804e-01
6.797828618027614844e-01
-4.932209833678302680e-02
2.069526855611147909e-01
-5.807177820589692896e-01
-7.682318005842818653e-01
-1.652568606252622363e-01
-4.501708317740575893e-01
-1.814298885266583117e-01
-8.544038624563878859e-01
-8.749314616605157191e-01
4.231388385036589650e-01
-8.482371292892925130e-01
-2.137559432055711195e-01
4.407116708300959917e-01
5.954625812179712430e-01
-3.464901129849251582e-01
2.936748956698425062e-01
4.818519665483989023e-02
3.540420080463289043e-01
-3.020305919652606086e-01
5.124232067499976395e-01
-6.948222261065304384e-01
6.669986451275848882e-01
-7.455706478503751899e-01
-7.896515026532557879e-01
-5.833029640971250096e-01
-1.584223127549670984e-01
-1.010648152739304084e-01
-2.801882850590819984e-01
-8.917050172563611987e-01
-5.956689816087279432e-01
6.922401051501019253e-01
-5.861566606625028264e-01
-1.407423317997522627e-01
8.030334695620360286e-01
4.740930216811909403e-01
-9.902650210615222548e-01
8.173179213814463218e-02
5.277017541940884904e-01
7.107451343039905556e-01
-2.212010872955034735e-01
-4.534622459356332236e-01
-6.177795973557096421e-01
1.586393266809893454e-02
-7.554078916457251935e-01
8.812476156166102470e-01
-9.473475042533658907e-01
-9.810279122195824097e-01
-3.071089667354200969e-01
-5.020003070945477930e-01
3.100955500946449561e-01
-6.930482304447127540e-01
-4.631356540135094235e-01
-9.773964613564871673e-01
-2.089982221706110366e-02
9.486165813346831843e-01
5.490251302749364903e-01
-4.197951749604602600e-01
5.269013238379198771e-01
9.248133180453343982e-02
-2.366651896173406211e-01
2.898567896269019784e-01
-1.118229332249787156e-02
5.958197771905473505e-01
8.655026756176891212e-01
7.914725755620821701e-02
-8.443001272821759606e-02
8.668029177579579247e-01
-1.583958041664113026e-03
-4.429079609966302122e-01
-8.953316797230659319e-03
7.637289289109361334e-01
-9.788746222131234909e-01
8.375734168577053662e-01
9.407997947421546936e-01
4.072954937617554450e-01
2.984272546364352685e-01
4.376744379550814301e-01
9.870253918825637740e-01
3.842180253207967411e-01
-9.488960959736061351e-01
-8.023954983704482125e-01
-9.205125148603632290e-02
8.987766161136170329e-01
-1.537621127497184048e-01
-3.500028024777490643e-02
-3.836515493323864323e-01
3.910404626552490548e-01
-5.842055826693597353e-01
3.463185130347556928e-02
-3.724401198907634214e-01
-9.931052053668663060e-01
5.352753342283045335e-01
-6.835606544889993863e-01
-1.360470188175466610e-01
-1.986936928150873083e-01
2.233539515353697436e-01
-8.165989190654832086e-01
6.062409286374232931e-01
3.325898428691975717e-02
7.948627523111941873e-01
-4.778921013697612352e-01
-2.971724316907753405e-02
-9.541617592110425150e-01
5.595490697671716696e-01
9.739010857107657237e-01
-5.837878332148407345e-01
1.821822289391485938e-01
-7.377806506300772504e-01
-2.397054673063991892e-01
-9.749017845860932230e-01
1.208774201131246340e-01
-5.135692207415956112e-01
8.234166907015225689e-01
-8.513903246762817290e-01
6.032657461353927442e-01
-6.816186386117251139e-02
8.663949258717895674e-01
7.417628349196563331e-01
-9.683388103125363244e-01
9.180323622094361813e-01
-5.126406280042237196e-01
-1.202860656287700891e-01
-1.038031290593364186e-01
-3.036219942258722160e-01
-7.891240604271929637e-01
1.310494638470010020e-01
2.795954540059097937e-03
8.764409119710037110e-02
-4.335944199058492377e-01
7.369324071560465761e-01
-1.785923603808849958e-01
6.743638981608606198e-01
6.791093297234749304e-01
8.319880248170155035e-01
5.445256376429685741e-01
8.190358831695376818e-01
2.374830279716788617e-01
5.471692292862953000e-01
-7.443746608169490298e-01
3.523105306860698782e-01
-8.796391314835998454e-01
-3.941430411774857756e-01
2.308422123732727371e-01
-1.282082741346834975e-01
-8.697742954034408669e-01
-7.405125611640503980e-01
4.639545649189145138e-01
7.412858772478445601e-01
-4.125759020724248938e-01
-3.995071259521647544e-01
-3.920353452814218098e-01
-8.459155731231495778e-01
-2.800137584402417890e-01
5.131093162646160888e-01
-3.317652342076629068e-01
-7.329645907652926340e-02
-4.240947418154303872e-01
-5.497447816104523710e-01
6.336514854322161661e-01
-7.834683290766202290e-01
-2.939127943597861226e-01
1.633347079322406969e-01
-4.429265574175418330e-01
3.431112046573780994e-01
-1.930040702025135335e-01
3.659118723098864212e-01
-4.321382517748144636e-01
-2.670290946124191933e-01
-8.177669554852193823e-01
-9.971647813759365597e-02
-8.844325504258845339e-01
7.211072886569285245e-01
-8.288897100990342270e-01
2.533028471348444111e-01
-3.977235879830010035e-01
-1.834232242051612172e-01
-6.967777320197305890e-01
5.391559136642858352e-01
-2.087692583956355374e-01
4.763095629605489378e-01
9.182459169052870074e-02
-4.515284925172169395e-02
3.457329449096240293e-01
-6.150335919192662093e-01
-5.008137423417993173e-01
-4.560180524311507888e-02
3.704260588656373976e-01
8.700652101413597350e-02
4.371527834002197910e-01
9.510063203077745442e-02
6.682899634974877046e-01
-3.635202030109250249e-01
-7.840572299429580116e-01
3.591957950875142025e-01
6.792597531170212477e-01
8.328071542937156568e-01
4.407715582293605383e-01
-9.923388146354401584e-01
7.635630693299386706e-01
5.705802600310325712e-01
1.158375429484204133e-02
5.729801210347142959e-01
2.186526456910824479e-01
9.980244743475008562e-02
3.514957948632715379e-01
-3.191029666128171183e-01
2.258856883556588091e-01
9.366594150932763263e-01
-7.452136346883375673e-01
7.119244755962028659e-01
