-1.411473562466473985e-02
-2.478921699356901320e-01
3.771799086893114494e-01
-5.872570641043319828e-01
-1.000000000000000000e+00
-4.733226093383349764e-01
-4.512570153128719896e-02
2.937925115391247788e-01
8.861343549193270164e-01
-8.075093779504018965e-01
-2.784043920745059991e-02
7.161050042564465201e-01
5.555969712616468659e-01
-8.458174608531804362e-01
-7.788486788045611009e-01
-7.065134453551646931e-01
-8.886089489445068157e-01
8.556547345257987658e-01
8.888421269787329937e-01
-5.859438269846101166e-01
-1.000000000000000000e+00
9.080780338617899794e-02
5.134360007568326001e-01
-4.736847896310654171e-01
6.000065660282614122e-01
-5.343329894538152436e-01
6.124754512864886147e-01
-2.024524944871320398e-01
-4.509073878426654303e-01
1.350826858730606317e-01
4.910950666473462567e-01
-1.000000000000000000e+00
5.904736459117521097e-01
4.974213762806671824e-01
-8.847509027864118858e-01
6.030376166507798175e-01
-2.678197771087543755e-01
-1.414252536054405041e-01
5.350041453750401521e-01
9.172263611367468261e-01
-1.000000000000000000e+00
-9.614915412423626906e-01
2.388578929292866915e-01
-4.896520429553012366e-01
6.254729428692460402e-01
6.205912311398688042e-01
-5.787446116497924065e-02
-1.334637568331393520e-01
-8.762147203288378483e-01
6.853263430848458571e-01
-7.276989818227848072e-01
3.609931495180249694e-01
4.659975643639163723e-02
-1.000000000000000000e+00
3.239796056269942381e-01
2.959612902952861169e-01
-9.647829751591262271e-02
-6.552300633624058568e-01
7.106518038633330425e-02
7.009532899555552810e-01
4.439381067594860286e-01
-7.428168004242288736e-02
-1.717139188450840792e-01
1.351804080141333353e-02
-4.677299009581175615e-01
5.641815861736596549e-01
-2.628803500094666346e-01
-8.183262693232977725e-01
-1.993245292621788900e-01
-1.008419441556213103e-01
6.069868521171423170e-01
4.403843758318152224e-01
-1.000000000000000000e+00
4.290430681422399140e-01
3.033829069922244770e-01
6.089101869264210709e-01
-4.726332448674999132e-01
9.102923590135996168e-01
-9.216969907712697641e-01
3.401958860178972976e-01
9.584607872218273705e-01
1.000000000000000000e+00
-1.000000000000000000e+00
1.000000000000000000e+00
1.403858859336942766e-01
6.824139585101629546e-01
-8.524776242506685309e-01
-5.392873169474313721e-01
-5.170117460388220509e-01
7.555830798393335934e-01
-1.000000000000000000e+00
-8.064087878476445814e-01
-1.138383099395965381e-01
3.553682936623681066e-01
-9.716383004603958984e-01
-2.500496830626989797e-01
-3.958206458839564346e-01
-3.154678635884877735e-02
-1.681766619839959731e-02
5.747414488323770998e-01
7.929632421343090209e-01
2.218721748392941118e-01
4.926926564027286903e-01
-7.391112253890719241e-03
-2.354220599321203700e-01
-6.595658369742158911e-01
-2.209885605907401240e-01
-6.405164151818223406e-01
7.261200307513644425e-01
-3.049961254869283378e-01
-4.478005564687334572e-01
8.546896991265173771e-02
5.304570034625299968e-02
7.108061983502097503e-01
1.000000000000000000e+00
1.000000000000000000e+00
7.653185082574592846e-01
2.425612018093538380e-01
5.507177112468255586e-01
5.296660563537256561e-01
5.662147182269634538e-01
1.162306663260126438e-02
-5.124229408403015995e-01
9.599820528242805073e-01
-1.000000000000000000e+00
1.000000000000000000e+00
-9.659450506426278116e-01
-1.000000000000000000e+00
4.813539875162216042e-01
-4.548963160716577026e-01
-5.048896552225912160e-02
-1.000000000000000000e+00
-6.517338125951640526e-01
1.000000000000000000e+00
-4.014370212332590837e-01
-9.837053837768320319e-01
-1.634239761218816978e-01
1.000000000000000000e+00
-4.915045175824617196e-02
-2.525640295545265590e-01
-1.362443906253205661e-01
-5.117575703405744525e-01
7.243789610226730735e-02
2.571903598726887896e-03
1.000000000000000000e+00
-8.068058192506148973e-01
7.012350890998991781e-01
1.000000000000000000e+00
-5.108674003410555997e-01
-1.482986662344953632e-01
1.913751875497986255e-01
-4.508392533582002981e-01
8.769410497593037590e-01
5.962629521207500893e-01
7.016330282690623754e-01
-7.570262573416066676e-01
1.184882570915277988e-01
-2.843697077886921942e-01
-1.000000000000000000e+00
1.000000000000000000e+00
-9.068226217780457343e-01
6.814301961175424083e-01
-2.694889379251014239e-02
1.044882703280040070e-01
1.691333179074897552e-01
1.516719641966545740e-01
-4.424021204392687978e-01
-2.582883402341344947e-01
3.170404917867573058e-01
-1.062569181118873107e-01
-1.000000000000000000e+00
-5.636330349432643327e-01
4.990867487885996545e-01
-9.934536672016658354e-01
4.206910990254479343e-01
1.000000000000000000e+00
-7.345180182948056746e-01
-7.265553945848557404e-02
-1.472618631937704092e-01
1.000000000000000000e+00
-1.427126040625191772e-01
-1.000000000000000000e+00
1.797223688585058710e-01
2.020633288331897537e-01
3.054750201843724478e-01
-3.705649045530244878e-01
3.451052190002856790e-01
-8.180114948456101986e-01
-1.000000000000000000e+00
2.031493482930766536e-01
1.000000000000000000e+00
-8.470345653742571423e-01
-1.914205785622037637e-02
-1.000000000000000000e+00
-3.947216137557696403e-02
-9.560823318439064522e-01
-1.000000000000000000e+00
4.757682211198433486e-01
-8.000309194344781272e-01
5.340720167642737382e-02
9.085198125303378669e-01
-3.540784327229850592e-01
-1.951070716021623408e-01
7.299136865246294015e-01
-3.752790969282454592e-01
7.839778088632507469e-01
-4.665358479167704409e-01
1.314065712657747076e-02
3.952504707756995805e-01
-1.000000000000000000e+00
3.509845219429792995e-01
-4.145548368847391529e-01
5.949535434184249905e-01
6.124758636489484598e-01
-7.444023562600778909e-01
-9.735580165072209580e-01
8.199819686956208442e-02
-3.306460107745619048e-01
2.852596573332769059e-01
6.055758896853823403e-01
1.945841319861126850e-01
8.812627508298422896e-01
-4.746967542781310723e-01
4.262073817909571849e-01
2.492724490752307731e-01
3.526868801095787154e-01
-1.524906162335911697e-01
1.000000000000000000e+00
-1.000000000000000000e+00
-7.474462282371872046e-01
-1.000000000000000000e+00
-1.000000000000000000e+00
8.083451749399893360e-02
-5.542452541522849829e-01
1.000000000000000000e+00
-1.000000000000000000e+00
1.376174563909897675e-01
3.799514459850648063e-01
-4.072486355481639286e-01
3.530872988730215933e-02
-2.370166738386223632e-02
5.105191168686140646e-01
5.148244855305307288e-01
2.302685417755936936e-01
2.906479973691927787e-01
-6.340516514303687901e-01
-9.451403442347007522e-02
-7.497487843739356617e-01
-1.000000000000000000e+00
5.581699921834110123e-01
2.205325243549157710e-01
9.985621552262083922e-01
4.414664756874030899e-03
-1.479810299298054410e-01
-8.799199367342312728e-02
7.466123770961481387e-01
7.692898993555596920e-02
-9.185448092023706934e-01
4.360858330529603921e-01
-7.614062368023821747e-01
-5.832985023875716379e-01
4.711617721018611649e-01
-2.889682557062518420e-01
5.818140346561262444e-01
-6.495072527394911421e-02
