5.347982406352831397e-01
9.312343474297628543e-01
-1.095357559741767961e+00
-4.995851326875835885e-01
-1.468718680340417526e+00
6.631286237917621840e-01
-1.037358672332948650e+00
-1.253172732825064140e+00
6.438956504483845933e-01
1.321909746005375919e+00
3.376486784176373490e-01
-7.456904568136376588e-01
1.293562058387804914e-01
-1.345335555269273065e-01
-4.024035084779965521e-01
-1.428706916269026461e+00
4.282101324324271152e-01
1.595360880288164696e-01
-8.309775080583324813e-01
-9.219664810963844603e-01
-8.954677895497589746e-02
-7.566909749686301367e-01
1.593173133333114500e-02
3.399177326712494729e-01
-6.032728387978469886e-01
1.560337795555523321e+00
-3.387237107912876022e-01
-4.369310059342904617e-01
-6.182088993854079062e-01
-5.352297400026613250e-01
-2.974582895957564310e-01
-1.130150839345830605e+00
1.778332722682665512e+00
2.551643132709234263e-01
8.630217199154504026e-01
-2.324888254893086037e-01
-3.934691940404461685e-01
-6.743501854530905559e-01
-3.103994386982669162e-01
-5.506499149531951520e-02
5.011837459887267254e-01
-1.120942405584892221e+00
-9.776888890373858221e-01
5.358903679323308022e-01
6.072892949795247186e-02
-2.589789063145222503e-01
-5.677294412730812256e-01
-1.553892563465532617e-01
-3.731228740900180973e-01
-1.173098754319638726e+00
-6.389944810643812811e-01
2.989428055841032716e-02
7.865617063326921787e-01
3.039852278135868890e-01
-1.820372318287449553e-01
3.932568876812250203e-01
-9.610412568653285970e-01
-1.006005646054718206e+00
4.617527520499771776e-01
-9.501652854810134219e-01
6.106688212003510419e-01
-7.593891482882564326e-01
1.236049725559721368e+00
2.053169245649994479e-01
-3.902303242927547267e-01
7.288032213666535419e-01
-5.611439507160359552e-01
4.392540622652191251e-01
2.112026366198871408e-01
6.565183080699823481e-01
-8.296192590327782224e-01
-9.255434628323307988e-01
1.023497290904215706e+00
6.384357073672893845e-01
4.826187136454415105e-01
-5.554983417081013619e-02
-9.313974790477749788e-02
-9.753875987131357950e-02
-8.533359435867364784e-01
2.657171660096038224e-01
-4.252150996993834253e-01
1.516576580785743318e-02
-4.957500605329043797e-01
-1.085360474848501733e+00
3.859179190759748912e-01
3.986805088779025730e-01
8.746325489404807030e-01
-1.707335673775472740e-01
-2.826605118213179613e-01
-3.844616056633005235e-02
-1.450609208289724839e+00
4.656936870498106229e-01
2.049315774820800740e-02
-5.582117216795342562e-01
-5.155786957851415941e-01
9.423837093604719994e-01
-7.383892424913645058e-01
-1.345803332613289272e-02
4.861908757078192700e-02
5.239507543049863880e-01
-8.290383724560397294e-01
7.644898408620479646e-01
-4.378806895059793591e-01
1.289924226209438807e+00
1.191733868816573061e+00
4.601071663742293816e-01
-8.409134960486626120e-01
8.851238486071137945e-01
-4.959025774344247295e-01
1.250287828306071214e+00
-1.585206976828903436e+00
3.486055144702419617e-01
1.082846502405852895e+00
-1.023473096847629549e+00
5.836248964695850416e-02
5.632599839660612506e-01
-8.760356741562795868e-01
2.423318754019728183e-01
-7.390408591336881106e-01
5.907691776256485117e-01
1.232835257998360357e-01
-2.336533734627057601e-01
3.112070932924629330e-01
-1.826973490464272598e-01
1.015294080873180516e+00
-8.016959673378287743e-01
-7.257841371174339473e-01
8.141977975588966521e-01
2.825812293468532577e-01
1.237857102617640592e+00
-3.578394422522634954e-02
-2.854580847014089873e-01
7.728757313541562146e-02
-6.550366190398728694e-01
-3.927751279467679435e-01
-3.976370594264122538e-01
5.786662824761851232e-02
7.875636696638929068e-01
1.469409165574442344e-01
-3.173307343159674776e-01
4.248196604520942943e-01
6.106821833192703775e-01
7.653902581106628578e-01
-2.687209108447827788e-01
7.725399858237033679e-02
6.532034404147796236e-02
-1.084672389319663033e-01
-6.118089454757185131e-01
-1.255861607936267665e+00
-3.413075308114560391e-01
-1.029811371053540370e+00
-3.258253182569449957e-01
-4.589166615747144462e-01
1.535799003925315764e+00
4.334937438530714893e-01
-4.097556106243200880e-01
-6.943376231898821249e-01
-1.873837966028446544e-01
6.937450131101920991e-01
-2.268888235861422631e-01
-6.689012980844535328e-01
5.681422180214934503e-01
4.089079440039468105e-01
-3.581991082588062980e-01
-7.518918182904084091e-01
-2.107739940180274052e-01
1.750541330899066383e-03
-1.242516426773329741e+00
-1.318834698860321453e+00
-2.216889367762773719e-02
6.528337327966942105e-01
1.873130440638369754e-01
-1.548745649161552551e+00
-4.432239746434696315e-04
3.616591066115296127e-01
-5.842852012019406072e-01
-1.043221792868246123e+00
3.541007143205129326e-01
-4.508733422930029100e-01
1.152253274670171024e+00
1.164089992159513254e-01
7.007269740554609161e-01
1.088660166726084233e+00
1.050724050297030976e+00
1.068375477759754832e-01
-1.640481300341731119e+00
-8.553597774874148740e-01
8.028517211973917878e-02
-6.263482254066614630e-01
-1.165178045275377938e-01
-2.658915176737702835e-01
-8.786407400925557720e-01
-4.470105923856800695e-02
-5.538028631129476853e-02
6.162113706844327132e-02
-1.899597908794734002e-01
9.044015352433434352e-01
-7.989926334377631667e-01
6.204483466091108568e-01
-4.570586987813875512e-01
7.478132582872791811e-01
-3.473255086385410029e-01
2.675479903401905557e-01
-8.198155943152374281e-01
9.240201039364185354e-01
2.600395530151256573e-01
-8.759598052155566361e-02
5.962880179846357098e-01
-1.376521014635334605e-02
6.572555868431173565e-01
-6.229367467462147978e-01
-7.422879193988950464e-01
-8.785399821241679508e-02
-4.337833049704279409e-01
-8.488498915131567069e-01
-2.108129023914852296e-01
-5.389215546499573906e-01
-4.274537887337957476e-01
9.283357655725034130e-01
-2.201028587805225478e-01
2.585375167832701382e-02
-9.529420617808415095e-01
-8.576614293439991377e-01
-5.623204127806564756e-01
1.108243531274220040e+00
1.632716525697971988e-01
7.305006800232762831e-01
4.013064590105344109e-01
5.899534727285039581e-01
-4.651496178568480522e-01
-3.025841746106715524e-01
-8.619935494601421722e-01
-7.746639163235505832e-01
-2.537668831846667805e-01
5.656994104012993407e-01
-9.412436005114175330e-01
2.361963833072573404e-01
1.048905256904340555e-01
-5.759844364957759089e-01
6.857680279926667843e-01
-6.802344159431406023e-02
2.245409882632018461e-01
-7.201702835614944842e-01
5.050400741706192465e-01
-1.747541603217334649e-01
-7.591052839133952679e-01
-1.641629064611657807e+00
-4.852716652156411348e-01
4.497846573919388469e-01
3.364551568304907647e-02
1.117094178097717272e+00
6.671304281273851000e-01
4.648127054081206411e-01
-5.273546749238169351e-01
-9.510178418149826118e-01
-4.826329935999887910e-01
-8.997869102820094112e-01
3.800728455731415545e-02
-5.118740435396462729e-01
-5.963789170118453109e-01
-6.926519662892240969e-01
7.547707792351517897e-01
2.091819758736280788e-01
7.598994178476428107e-01
2.987594425336171922e-01
