7.183203110621574350e-01
7.303204009490245063e-01
1.589336114271340250e-01
-8.947778520799157809e-01
8.047250473295100015e-01
3.577048280884085885e-01
-7.383983999085186323e-01
2.494486959892341649e-01
8.085091886028801245e-01
4.447142905507884825e-01
4.346023054584007284e-01
4.710178408370311320e-01
1.399635896942619251e-01
6.583623257783453031e-01
1.838586371775918771e-01
9.611932757599719324e-01
8.650219018945843885e-01
1.158372553249750192e-01
6.224326158804939224e-01
-1.000000000000000000e+00
9.787381153699437064e-02
1.746291036951141129e-01
-5.109981833796597428e-01
-2.315549974785508780e-01
1.000000000000000000e+00
2.613150517129838035e-01
9.331348564614482255e-01
-9.151903184865277652e-01
-4.028786000369222187e-01
-6.839588932760379825e-01
-4.981474447964472363e-01
4.183801023394474461e-01
8.749206598780490118e-01
4.755109499414190977e-02
-6.935461179816967969e-02
5.322339623962464294e-01
5.314352989368902325e-01
8.679270756668600040e-01
8.902807679436697263e-02
-5.860156811216498118e-01
2.395694705898646359e-01
-3.767315014513095139e-01
8.292848950204012581e-01
-8.767421179937755493e-01
-2.870523498220032277e-01
-5.902106474001351799e-01
8.451476309535326248e-01
-6.373935726851021055e-01
9.390562721457622608e-01
-1.000000000000000000e+00
3.594181724247016985e-01
7.913854145668739459e-01
-4.734199243423489745e-02
6.096296390925162179e-01
-1.000000000000000000e+00
-9.192637040204986176e-01
2.974653470261089949e-01
-8.618781943905999832e-01
-6.562008571456342532e-01
2.809938726177789725e-01
-1.915848932540220595e-01
7.834173148313486323e-02
6.666488034836137722e-02
1.342505115267573490e-01
8.467477014238595778e-01
-4.315797307330706545e-01
6.855833360067297155e-01
2.240028179796361985e-02
6.444025386754466123e-01
-8.319658293486966727e-01
1.000000000000000000e+00
-1.000000000000000000e+00
3.058047728475101201e-01
5.363476955463060136e-01
8.002440285732039804e-01
-6.288566817810248288e-01
7.059346820268213030e-01
2.921845952931692025e-01
5.073999963798829782e-01
-8.880867940134922200e-01
-8.307700124609533887e-01
6.979363228114496831e-01
9.594067937255076339e-01
5.230979631958712073e-01
4.672521420198763598e-02
8.974568769407560431e-01
5.352979891985476524e-01
7.244024104246534757e-01
-5.873488063048093455e-01
-7.826344968662848345e-01
9.382927480947735877e-01
-3.960176961989498867e-01
-6.790593106142779334e-01
-7.738163385913350290e-01
7.255036301921580222e-01
-2.063777204727024195e-01
1.335111102925654603e-01
-3.080745536853536359e-01
1.000000000000000000e+00
6.211316937741573341e-01
3.863979657586356087e-01
8.256712498756142438e-01
-6.668965654882150762e-01
2.568321453463184856e-01
-8.948316349344980214e-01
1.033930134050397992e-01
-2.555172772541464132e-02
2.378653606054463854e-01
8.216607283859858057e-01
-2.650550179876094425e-01
6.119058086284292486e-01
7.438952214248195638e-01
-3.902928223218151693e-01
2.193204896585732033e-01
7.128628984424894011e-01
5.956202235289912439e-01
3.897509026469791471e-01
-8.626959234988116343e-01
5.063093676072093208e-02
-4.349153707521765666e-01
-8.075185782211144470e-02
3.515628171784372924e-01
-5.239889793703806919e-01
8.881941269086588431e-01
-1.054259744465104731e-01
7.982408030688795675e-01
-8.972297400898643360e-01
-4.749438382465303032e-01
6.324062841599469298e-01
9.108587206058642582e-01
4.191474137137110034e-01
-5.346833936011782251e-01
9.078846204839980949e-01
2.430857305922330680e-01
-6.992066084022758865e-01
7.033644825803095912e-01
1.216487752176635961e-01
9.768571262986571746e-01
-8.753514742656300918e-01
-5.245611794575206766e-01
-7.021140547092299400e-01
6.622216181901783294e-01
2.283640052586445868e-01
-9.146156176822850536e-01
-1.577836765076761072e-01
8.532810835157961238e-01
-6.020339846343494283e-01
-5.464878380518916057e-01
-5.741403988429399918e-03
-4.160068307544390054e-01
-6.301354839264827756e-01
-1.025128303832588406e-01
-2.307017272026544996e-01
-2.790885654038082198e-01
7.915299467631751185e-01
4.000325807447084880e-01
-3.274131355264953136e-01
1.883050056254595983e-01
3.235919959835893422e-01
3.922741337351924873e-01
4.364393417064529324e-01
-8.641859061547021437e-01
8.037100610094829456e-01
4.238450231880368513e-01
6.969769187339792671e-01
7.833011523982362778e-01
4.986312181665976118e-01
4.007859032507957164e-01
-1.000000000000000000e+00
1.000000000000000000e+00
6.474035656487210355e-01
-6.143985378835778999e-01
-2.736218866792519688e-01
-6.305751929304783676e-01
9.111496239313902068e-01
-7.782550912045044234e-01
5.790010266314917775e-01
-5.165127882611136867e-01
3.409746917840308367e-01
-6.336131929541788388e-01
6.263226409789390825e-01
-6.351234872980771051e-01
-2.059580591712478204e-01
-7.031531447440899640e-01
1.000000000000000000e+00
-5.503026663386180184e-01
-5.579507395925702440e-01
4.345851723078539841e-01
-4.346972734249179293e-01
8.403377725793811925e-02
7.441063401014578194e-01
2.829526465830611848e-02
3.645004895047918581e-01
4.678740339649192226e-01
6.035740309727839481e-01
-6.861299049699081110e-01
6.631020494516037811e-01
5.300280312548768524e-01
-9.076064754631649745e-01
8.231536523567413166e-01
-6.619728708575003395e-01
6.870700583037070430e-02
-4.350396215138023770e-01
-9.050765024522773317e-01
-3.241227231597888503e-01
6.383276300363327493e-02
-1.284067222743123793e-02
6.452012220623630778e-01
-8.197087629840986711e-01
-9.544762941113209553e-01
-6.053951149688636679e-01
-2.674379930961424678e-01
-5.924854334630804686e-01
5.018612125271221247e-01
-9.854519439245539303e-01
4.571559344133998004e-01
8.506798837408345859e-01
-8.157030832087981409e-01
-1.491073830865908278e-01
8.438843368084791852e-01
5.519312135712916012e-01
6.061011113990946164e-01
-9.029087019693418092e-01
-6.796040249092439867e-01
-5.425266159180138770e-01
5.309107144451399307e-01
6.617585467382830489e-02
-8.670011705477851383e-01
9.412762403943014666e-01
-7.907898355829056092e-01
5.398889515903323444e-01
9.662808174176917841e-01
-1.185903593696464170e-01
-2.210521780495375010e-01
-8.441011407682982304e-01
-9.567071155315191033e-01
5.330048289742694845e-01
-2.080076099515239252e-01
-1.260038228804942484e-01
-4.275252071857207348e-01
4.792765168832943123e-01
-5.691032652868821540e-01
-3.469564520214082903e-01
-6.765240728686670035e-01
-3.166868612159277063e-01
-4.094967729807025836e-01
2.307256494780218770e-01
5.933208647551333481e-01
9.442915568952439109e-01
-4.172228114641571839e-01
-7.515703779609843593e-01
9.046044934273929083e-01
3.814251822292600291e-01
8.695417558083246012e-01
-8.472144570810433706e-01
3.597799820419869121e-01
-1.000000000000000000e+00
-8.918945760430700975e-01
3.568997248180487691e-01
8.101779025330850814e-01
6.275213745660541687e-01
-7.052997890576784279e-01
-7.626589608981154678e-01
8.702714352913265561e-01
-3.978380101756301412e-02
