-3.379839501673596591e-01
-1.845784754110246784e-01
-5.305843098399474211e-01
-6.619159058388792705e-01
9.543670093108900243e-01
7.207418830979362978e-01
-7.841795366204293849e-01
6.191774353715189250e-01
8.175212705047032458e-01
8.027352005023619119e-01
6.237187360103004646e-02
3.618774992765828591e-01
-1.476658548014705974e-01
-8.823945574557441329e-01
4.078282454277332159e-01
6.899807002526728850e-01
2.269311516242853155e-01
-8.175002604185579447e-01
-1.490400206739046773e-01
5.285733717878045024e-01
6.877943287311338860e-01
-7.120816487359747926e-01
3.655389673719814381e-01
1.000000000000000000e+00
7.856538057850004364e-01
-9.726850788308214479e-01
-8.282457110699187330e-02
1.818096610184534168e-01
4.921621044804548872e-01
9.080895808064714386e-03
-3.987523221330059320e-01
-9.214596023087131549e-01
1.110933587206831968e-01
-8.559876493282061460e-01
1.179392876214931662e-01
1.988809999147398144e-01
-3.448314592631021025e-01
7.516183933843949561e-01
8.386677616580026640e-02
7.004696469203146592e-01
-1.914777957732572977e-01
-7.531057290968864448e-01
-1.404434669280031078e-01
4.375539914402571950e-01
-5.913047174581209653e-01
-2.718443092203083333e-01
-8.120982802756220309e-01
-2.051405378071936014e-01
-9.123621036648138505e-01
4.996168659542373214e-01
-3.774032645058555957e-02
1.416527087608287494e-01
7.107318829321848108e-01
-4.218936170648697193e-01
1.222741085313514553e-01
-4.378535503639062743e-01
-5.061429595123176917e-01
7.639758235477137616e-01
-8.488075165864399363e-01
-9.820328303740939457e-01
-5.793787610377465480e-01
7.995438735512322426e-02
5.507934253263839786e-01
-4.594075204190311013e-01
-4.302452898095386891e-01
-3.714850613436024296e-02
3.197787933028110596e-01
6.074305749270190180e-01
-3.473912955150919024e-01
-1.247952142427178335e-01
2.334135853748370570e-01
3.359549248607704985e-01
6.485734718304929647e-01
4.352514496565608737e-01
3.530068521321362285e-01
6.952316760136877383e-01
-7.814727700207014793e-01
-9.205717578021366254e-01
-4.576025911207153851e-01
-1.920063284554993643e-01
4.889105642675325436e-01
9.509326426369844043e-01
-7.638082231031499969e-01
-9.766137094972777710e-01
1.000000000000000000e+00
-7.349422140012782378e-01
7.384994325160321171e-01
9.318502833789104045e-01
9.838002407888652989e-01
-1.157412207355384623e-02
-3.464337030378126792e-01
-1.000000000000000000e+00
-6.847443533474957267e-01
-1.180505310123096674e-01
3.355826666992384189e-01
-5.564740798035840985e-01
4.166455544155422963e-02
-6.175009197936592864e-01
-7.711430783871821015e-01
6.012224165160841016e-01
6.826547893052963278e-01
4.526959553970295591e-01
4.296092474536988282e-01
-7.010872220801475097e-01
-4.507454080320960621e-01
-2.185336924698029204e-01
-6.309480222063563737e-01
8.634896541183800789e-01
3.536589993088246064e-01
-9.304992743736861804e-01
-7.253178355020217793e-01
2.184074378330148614e-01
1.771085357451238906e-01
6.440923860883676078e-01
-2.612180397020283373e-03
-8.455248540737302365e-01
-1.000000000000000000e+00
1.083409508853417913e-01
-1.023558949150271541e-01
3.716741765605643955e-01
6.555081000751712406e-01
-2.077706803277886427e-01
3.264539278562895719e-01
-4.546453420362877584e-01
-7.019991791649230484e-01
-4.082279685854154350e-01
3.866419465323532867e-01
6.405300236436070049e-01
4.645087328363387558e-01
1.000000000000000000e+00
-6.466366615376996085e-01
-4.815329838346878999e-01
-6.169413128535806701e-01
-4.971098512465130792e-01
-6.709270872821360143e-01
4.881537476549354659e-01
5.553754128122085909e-01
-6.880417236185958352e-01
-1.046763171498210354e-01
5.971269139972315010e-01
8.352589886454585555e-01
-2.273085513896879739e-01
-5.646790881075465229e-01
-7.403862712026592074e-01
-2.414622277576652098e-01
-3.785711071819561901e-01
-3.007591309912198696e-01
-8.903567072679176020e-01
5.639564067185934837e-01
-5.123673083719137988e-01
-3.741457811489006247e-01
-2.259947173142984322e-04
-2.097091530471550946e-03
-5.596824341292201410e-01
3.419843128699368018e-01
9.301338422780576209e-01
2.366322326290573042e-01
9.098817734054969186e-01
-4.568456920995158654e-01
5.290293892772445217e-01
5.307282576365799365e-01
8.341293845472103063e-01
2.551919543900749154e-02
-5.296496783807926878e-01
8.386445548520991000e-01
-3.992298685691356153e-01
-6.227331867504655172e-01
5.936569347006944719e-01
-2.536431785075385914e-01
-1.625884666280307256e-01
1.699342567513277835e-01
1.574806185901959366e-01
-2.077205040635774491e-01
-6.644692991678914362e-01
-6.761876591435449502e-01
4.609658208553797376e-01
6.269498065699893319e-01
-2.740782762574242928e-02
-1.000000000000000000e+00
7.580352855386176536e-01
-5.780783117884641387e-01
-6.773219242231676152e-02
-2.582705985730109344e-01
-5.521601984984449984e-01
-6.528590500364508942e-02
-5.033890282410675709e-01
8.141999407845174064e-01
-8.377190275426175115e-01
-9.786192530291065728e-01
9.861539531628891186e-01
-5.014770850795071677e-01
6.481539007764658411e-01
-7.141444640945791011e-01
5.237953966656765381e-01
-2.893596259265084347e-01
5.450394376706032551e-01
6.810110842352871119e-01
8.165720891626757627e-01
-9.697703681097638029e-01
-3.612769292207407279e-01
-1.821627347644382833e-01
5.883961857198868328e-01
7.880201897938914346e-01
3.444549641319581412e-01
6.184210343484499717e-01
3.270717252906981121e-01
-4.290043448098062595e-01
-7.448703953900397412e-01
5.358921448278874955e-02
1.906823334985287000e-01
-7.820703120615103421e-01
-2.348515023991277206e-01
9.865291186715955396e-01
5.675394275510634579e-01
4.812433162578725332e-01
-6.670189640879233828e-01
3.220932307444557829e-01
4.347719055506398256e-01
4.671839021077524579e-01
-5.130788187955978019e-01
5.569690143985923658e-01
7.848940422626807800e-01
-9.487802208553350325e-02
2.333567174846863379e-01
5.464294524864408142e-01
3.293441421300977723e-01
1.356277130598938785e-01
-4.565959917039212890e-01
7.784381668433576484e-01
-1.000000000000000000e+00
-4.889808625565786326e-01
4.492508483406432163e-01
7.736350154436308912e-01
1.000000000000000000e+00
7.883233184335803889e-01
-3.361193719921662382e-01
-3.218402495486629711e-01
5.398140929796254595e-01
-4.535009796801833803e-01
-5.309971741475894014e-02
-2.885969694432832799e-01
-5.771721703850140051e-01
9.390514303981687405e-01
8.570469522063630663e-01
1.921518599261772819e-01
8.463176702676641350e-01
-8.586535244935673550e-01
1.178902588546565031e-02
1.729314575713443436e-01
-2.943036077714102916e-01
1.771203200324109606e-01
-7.591499096577507544e-01
-8.021962717811125243e-01
8.007848771414343148e-01
-7.407615158854027881e-02
5.812359874231558532e-01
-3.171922775715291243e-01
-3.536809546241954094e-01
-2.024261357224562408e-01
-7.597333982865619451e-01
-6.393083166025437247e-01
3.585107633533385352e-01
6.936301551192335380e-01
-1.456202446190233701e-01
-7.975308024344313074e-02
