

gen best mean std
0 93.936796 12.343341 30.874433
1 93.936796 37.596966 39.791116
2 93.936796 64.427435 33.880879
3 94.091096 79.503312 23.285199
4 94.530144 83.623759 17.698981
5 94.530144 85.502586 12.375178
6 94.530144 87.221429 10.560201
7 94.530144 71.585124 36.784317
8 94.530144 88.813849 8.812137
9 94.530144 89.81621 7.152552
10 94.530144 70.491003 39.063915
11 94.530144 85.970301 20.149428
12 94.530144 89.685969 9.936762
13 94.530144 68.963289 39.596413
14 94.530144 87.896811 15.427701
15 94.643754 89.35058 11.628039
16 94.643754 72.840611 37.225624
17 94.643754 90.344319 8.654643
18 94.643754 90.702737 7.711844
19 94.643754 71.308497 38.294381
20 94.643754 89.515327 12.840093
21 94.643754 90.680099 8.477346
22 94.643754 72.567407 37.96996
23 94.643754 91.001343 9.443264
24 94.643754 91.962591 2.399013
25 94.763754 72.254818 38.776292
26 94.763754 87.654974 20.213477
27 94.763754 92.249507 1.722889
28 94.763754 72.251131 37.783358
29 94.763754 90.429029 12.010627

gen best mean std
29 94.763754 90.429029 12.010627

gen best mean std
29 94.763754 90.429029 12.010627

gen best mean std
29 94.763754 90.429029 12.010627

gen best mean std
29 94.763754 90.429029 12.010627

gen best mean std
29 94.763754 90.429029 12.010627