2.421687605267239252e-02
-6.508648051182924776e-01
-1.000000000000000000e+00
7.182564902505796933e-01
3.661942710354657571e-01
-7.256166325260795524e-01
-4.943499375666776108e-01
8.472527406371315184e-01
-1.169685974326307720e-01
-4.373184965249506395e-01
1.000000000000000000e+00
9.283312715710588803e-01
8.331285287506658976e-01
2.101940829205023453e-01
8.392312718900319934e-01
-7.888382329817764660e-01
-8.661211241825546026e-01
-7.085562598799900469e-01
-1.000000000000000000e+00
8.282884026945049882e-01
-3.862079871863921543e-01
4.669941231639477830e-01
-6.376480401619457616e-01
-1.213145029604936198e-01
-5.385991389017604769e-01
-5.392731926593786751e-01
5.641831730951103463e-01
2.378178539847223827e-01
7.955086453302379068e-01
6.207423428010552247e-01
2.215198711335517046e-01
-6.982445761626739911e-01
-3.594795131705009750e-01
2.875631268636835158e-01
-1.472446634858497472e-01
-5.579327306282884091e-01
-1.908501815605919971e-01
-2.587244932894780525e-02
7.118250822917149279e-01
-1.000000000000000000e+00
-2.465084183525848016e-01
8.397129616097070981e-01
-4.182344111608123916e-01
-7.957090567676264325e-02
-6.062864728742934917e-01
-5.037984916720948947e-01
1.189648619677526609e-01
-1.000000000000000000e+00
-2.928196165705303500e-01
8.922894970534066550e-01
-3.838711215631329665e-02
1.257437432954593426e-01
7.100087712226484937e-01
-5.328866938165535139e-01
1.274125965974433616e-01
-3.887509218171703029e-01
-2.726012698258600819e-01
-3.804765125110111113e-01
-7.274780922684375151e-01
-4.453109642893750275e-02
1.000000000000000000e+00
-8.999724907069808211e-01
4.414479964717622495e-01
-1.000000000000000000e+00
-5.434809463712134692e-01
6.445542632887658607e-01
-1.861619188850320850e-01
-6.915186200887690759e-01
7.461733205359831755e-01
2.031712270699348455e-01
-7.365815904919159607e-01
2.825323204290960399e-01
-8.542740942785422842e-01
-9.784999777489082895e-01
-5.345283714760717952e-01
-8.237192775796574606e-01
-7.896319029321228200e-01
-8.692367499242831252e-01
-3.474085461508009121e-01
-4.868945609523822604e-01
8.767115503256691644e-01
-3.888637520339066622e-01
1.000000000000000000e+00
-8.168581152174693161e-01
-6.255557947756227311e-01
-4.374439048291078880e-01
2.248835810564601134e-01
-3.782310355520769329e-01
5.638529225146680091e-01
-4.538225398920210929e-01
-6.572309712209087884e-01
-6.195485852028594920e-01
-7.995715157226110925e-01
-5.831476602230840633e-01
-5.499383716862414895e-01
-1.000000000000000000e+00
-2.598028420102388436e-01
6.814060187605580632e-02
5.618220357081811223e-01
8.845556881116133363e-01
5.886209949586624912e-01
-5.264303941293992928e-01
-1.623789940512349594e-01
-8.015844515994210440e-01
-7.416807259844376832e-01
-4.090239234593187612e-01
-7.699731651458738835e-01
-2.784105801368586541e-01
5.815465954231826551e-01
-1.712340281330111957e-01
5.798273598230062609e-01
6.865952636354898386e-01
-7.366482229286896999e-01
-1.000000000000000000e+00
4.632443990970742109e-01
4.368239164068409286e-01
-8.411680602674207474e-01
-5.470982404100676044e-01
-4.663624641418117056e-01
3.832585325717740438e-02
3.891583662673895327e-01
-3.516002781316367454e-01
-1.699681362045524224e-01
6.846459249980962891e-01
-9.777336652528290095e-01
4.725625163067158629e-01
-3.748466520497761301e-01
6.511133511308621058e-01
-5.717649945351992447e-01
1.000000000000000000e+00
-1.000000000000000000e+00
5.945779217592366273e-01
-6.595575598790121008e-03
1.915433309289151786e-01
9.397151992969142720e-01
3.296584573658841166e-01
3.346109978967942711e-02
3.037011611663354982e-01
3.922303665479481838e-01
-1.000000000000000000e+00
-6.159939202396589319e-01
4.567909312644365949e-01
-3.276166523968854216e-01
7.089980873691352770e-01
-3.483792774595895758e-01
-9.577953762387014791e-03
9.299840906283006747e-01
1.000000000000000000e+00
1.000000000000000000e+00
-1.000000000000000000e+00
-1.775995062390402779e-01
2.701157291674346483e-01
4.227052519538528896e-01
5.844822377385380241e-01
-6.564209574615686993e-01
6.659954087380285381e-01
-6.553059442056503592e-01
3.263455230191623646e-01
-6.367690454621005580e-01
-2.587333452143538715e-01
-5.796103971943278310e-01
5.056023755005371045e-01
-1.000000000000000000e+00
-1.000000000000000000e+00
-7.703585460077804203e-01
2.821483844162366306e-01
-2.987939368281686617e-02
1.851615271534540197e-02
-1.000000000000000000e+00
-9.686147013035357745e-01
8.363216529421165779e-01
1.177057062332199366e-01
1.000000000000000000e+00
-6.517767728635140978e-01
1.000000000000000000e+00
4.080237471047819531e-01
1.000000000000000000e+00
-3.083580030766094882e-01
1.000000000000000000e+00
-9.519748136653316539e-01
-2.228161000185484852e-01
-5.424824226133457827e-01
1.421822605062456613e-01
-2.642052444156751667e-01
-5.812151528161330072e-01
1.000000000000000000e+00
-3.690173105385168850e-01
-4.379109286624686681e-01
1.000000000000000000e+00
6.166867219496120489e-01
1.603080245204545340e-01
6.130377119531347230e-01
-1.000000000000000000e+00
1.480994706350868828e-01
1.800015442915982589e-01
4.381746495499461158e-02
-1.600668586514170100e-03
4.929063093501456772e-01
7.207519921260971962e-01
-6.936064948723994483e-01
-4.729885292079779591e-01
2.733015041133668444e-01
3.978482178986958995e-01
-3.700302024936215628e-01
6.397405205616548685e-01
8.162148507946523912e-01
8.719999803472076039e-01
-3.466566066840433002e-01
7.994448790730710463e-01
-5.623840331673786164e-01
-3.777334972368914245e-01
-8.396831988040072137e-01
5.348556453214771134e-01
9.427384415459434397e-01
8.096228389600622632e-01
-3.686888360640033224e-01
-5.300234558034273569e-01
1.478227422614343256e-01
6.509222329354708014e-01
-9.066453159555856178e-01
-1.732379939231512567e-02
3.056441097525068873e-01
-1.000000000000000000e+00
-7.239850396338348704e-01
6.647961413775292927e-01
7.587852340328525846e-01
6.727737932481910876e-01
8.134938581459605356e-01
-1.236775305170846329e-01
5.439703640541253549e-01
1.000000000000000000e+00
-5.347956087619103460e-01
3.291981741135902029e-01
7.490946693867550632e-01
3.017071364925232313e-01
4.526798317728655818e-01
-8.807357398592445819e-01
8.048596648997164982e-01
-9.601622786227115292e-03
-7.790467693763610812e-01
6.743452410963878263e-01
7.125961864058427686e-01
4.271933680251656651e-01
1.000000000000000000e+00
5.733658183946471754e-01
-3.130588310552651077e-01
3.344282686309234531e-01
-1.000000000000000000e+00
-5.188332258659024143e-01
-6.172033621697944339e-01
-8.584619049947591618e-01
9.080050524740606033e-01
8.601285653929416908e-01
7.915577477901579728e-01
8.597353400537673940e-01
3.526393169454172805e-02
7.778084612206167536e-01
1.341005593774298177e-01
8.128160673228632671e-01
-9.680811365597796758e-01
-1.648696420405788565e-01
6.026075569301473367e-01
-2.827555197690787003e-01
7.176341684109490693e-01
4.972198603247716120e-01
