8.968429606377803509e-02
1.134024448509613203e-01
-6.179415421440432876e-01
-4.315599356999122449e-01
6.300726858572218703e-01
-7.928204862892567206e-01
5.769322472261899648e-01
-5.672691277945820509e-01
-7.492006538111120051e-01
1.815616788665843639e-01
-3.561871358086222683e-01
8.362933221256804162e-01
-5.362485879194516247e-01
7.382234289449343678e-02
2.672346980353592638e-01
8.429750907451349917e-03
4.262609916195205795e-01
6.538337051397417055e-01
-1.873553428129563769e-01
-2.650428199956382791e-01
-1.697952844693420837e-01
1.944247444812023939e-01
6.522905689458430301e-01
8.308026918675404104e-01
1.373439366205891632e-01
8.506349359879700200e-01
-3.870928888350858577e-01
-1.233683685541948627e-01
-5.389739431419251492e-01
-2.682677203901486784e-01
-1.446032088719801934e-01
-7.879689233686879013e-02
3.494957715790499853e-01
-5.878326200341604801e-01
2.045128416864322451e-01
1.000000000000000000e+00
-9.630931012169705596e-01
6.307042554747672725e-01
-7.349988899823374222e-01
1.000000000000000000e+00
5.662147484984954016e-01
3.441528325144791456e-01
-9.490875967953730230e-01
5.526509745066883195e-01
8.268467409343593921e-02
-5.168844299874579828e-01
5.580461023975529233e-01
-5.033118920484893621e-01
9.934279915589283583e-02
-1.266066317989387180e-01
3.158313319159988808e-01
6.431705852021027958e-01
5.546129651392284199e-01
-3.925378676457133009e-01
4.034103094199453232e-01
6.161084725380805427e-01
3.261862125788792532e-01
-6.860025418607700320e-01
-6.543263407187329683e-01
-6.466257808879208313e-02
-6.274262985021346051e-01
-8.519101351226705532e-01
1.000000000000000000e+00
-1.315599786722647657e-01
3.556248380380341301e-01
9.883236185766897108e-01
-5.501584152656334714e-01
-8.605488668994840662e-01
-8.436644577373795251e-01
3.729722884836486063e-01
-7.364822992911332911e-01
3.694544668589720970e-01
-4.403039063481525295e-01
-1.339061473549156833e-01
7.407471845032106428e-01
-2.903157871228828624e-01
-1.082814656086289185e-01
4.627887427846612001e-01
8.349253883719842673e-01
1.181568231881073849e-01
-3.937806559870702383e-01
9.098087290799312665e-01
5.414248414641078533e-01
4.566185165405080015e-01
5.809938694994521979e-01
8.316525202430278263e-01
1.000000000000000000e+00
-8.561381123086422296e-01
8.649848102778686654e-01
-2.481618113468858910e-01
-2.033233402418732627e-01
5.839263360326171215e-01
-2.643749056438654543e-01
9.199999999999999289e-01
-4.012752002137344176e-01
-4.636929676886031304e-01
1.606121826621832727e-01
8.071446821333871924e-04
-2.093934821985586614e-01
5.268908376324329401e-01
2.740091277956051563e-01
3.145361739268906498e-02
5.071512147573522533e-01
3.483838233055410738e-01
2.065256141050834104e-01
-2.108053560933986770e-01
5.096951063065191523e-01
-6.128368888373313395e-01
-5.016349569544250597e-01
-2.697518414755374350e-01
-2.056851723093422457e-02
7.706703378736814436e-01
1.000000000000000000e+00
7.320954705042469479e-01
-3.696270676974234837e-01
1.000000000000000000e+00
-7.760552996240874801e-01
7.697283998833617247e-01
-8.409821761147857622e-01
3.210053993728834154e-01
1.000000000000000000e+00
-6.474844797979422140e-01
6.676781169024895712e-01
-5.453474539770621909e-01
7.165975263445063526e-01
6.945069223251464363e-01
9.397220209679173486e-01
3.837197883399910969e-01
8.050063393208266582e-01
-4.560466388514553548e-01
1.000000000000000000e+00
7.189161519824109892e-01
2.491515866069930196e-01
-4.711043632059102038e-01
-4.911990364085492278e-01
-5.960634725155407043e-01
9.839284093595461744e-01
6.081568032514906852e-01
4.588069505895271405e-01
-8.273724579886907460e-01
1.078332596565760859e-01
9.199999999999999289e-01
2.660100397656146587e-01
-3.738071161317337854e-01
-1.834171115919565054e-01
7.950616149431999347e-02
-8.697291035608805121e-01
-8.636559413142066988e-02
3.047840710719342816e-01
1.000000000000000000e+00
-1.285503811682604525e-01
4.920869235388012353e-01
-3.266598431382614631e-01
-5.656136071046485858e-01
1.000000000000000000e+00
1.000000000000000000e+00
-6.616034581184397911e-01
-1.696896657594924029e-01
4.611290647411377952e-01
2.765669011714273484e-01
-8.028875043540692480e-02
-2.199572742524082969e-01
6.349274695932316526e-01
-9.569538697100501423e-01
-7.529635767338600516e-01
-6.387634104802043522e-01
-9.080173008515166622e-01
1.306225167085337813e-01
-2.062279096436682446e-01
-6.346463421257433346e-01
-9.260653564032665930e-01
-6.133605594497079649e-02
-1.380634986335006198e-01
-1.885177534230613183e-01
-6.754317590177039143e-01
-4.567791323779464285e-01
5.137479826615673484e-02
1.216097580312653914e-01
3.134140876028945755e-01
1.000000000000000000e+00
-2.156094253038668140e-01
-4.109555706506284878e-01
2.026156927289780307e-01
-9.194188946075648738e-01
3.978404990843062983e-01
2.810103099103983260e-01
1.000000000000000000e+00
3.196551211762135303e-01
-4.487280096875417845e-01
9.442137423211613978e-01
9.199999999999999289e-01
1.000000000000000000e+00
-5.999688507147866723e-01
-9.298232064095346416e-01
-3.285950384103600852e-01
-4.795005534074088249e-01
1.938209306267598686e-01
5.296377046365323693e-01
7.725994355275618286e-01
7.338779237516890319e-02
6.674806678664823023e-01
8.919895811602740476e-01
-3.325067567950952263e-01
8.995514398861882421e-01
5.790518737148114825e-01
-1.617208817072267879e-01
3.194939199932426144e-01
7.078613012641546409e-02
8.099089557953202956e-01
-5.307699555947540393e-01
8.777727299211330880e-01
-9.335612230121139721e-01
9.832434535393311803e-01
9.082180869790228428e-01
-1.469005393662110581e-01
-8.205947482909692337e-01
5.864511918030390625e-03
3.066901729152332612e-03
8.471102546261000121e-01
3.389684603340812341e-01
-3.857523976256408416e-01
7.330401693441729316e-01
7.528876731011601153e-01
5.969439240294379667e-01
2.526712656499341403e-01
5.929636304179761175e-02
-5.466804195821091117e-01
-3.664433943546394623e-01
-9.679394142808217527e-02
-6.544357367381327117e-01
-5.571394775738429672e-01
4.239812095474035925e-01
-2.182993321487119165e-01
-8.594607279094264030e-01
1.000000000000000000e+00
-9.849093577723360138e-01
7.831144398672570395e-01
1.000000000000000000e+00
-5.697657353107561384e-01
-4.989568181159592664e-01
1.512398016185198257e-01
1.000000000000000000e+00
7.988168718478252384e-01
3.664350500468529503e-01
9.028399600802967662e-01
6.910759486881135061e-01
2.967666341691552190e-02
2.773869880896570050e-01
3.477246145124719412e-01
-6.302942228455643559e-01
3.726974615260471024e-01
-8.906029621844226973e-01
5.528701391221455541e-01
7.394318067287233287e-01
-2.779504775499338498e-01
-1.181834225119342552e-01
-2.540765397059131514e-01
-2.694781747921572990e-01
-6.376168642136016418e-01
5.593664946211014399e-01
1.404325773956616175e-02
-4.065016909826841829e-01
2.854305794848313038e-01
2.044659512244886290e-01
9.199999999999999289e-01
