9.749035309684290773e-01
-3.868922244578905101e-01
-6.585617049190517491e-02
6.829628494827826302e-01
-2.083278504757624106e-01
-1.273352503125164681e-01
8.736083920255584001e-01
-9.971950693218747386e-01
6.994312112001876969e-02
5.165559119592340043e-01
5.912587255306362977e-01
2.290870242916984711e-01
1.060134273707182828e-01
-1.478135333556229725e-02
-4.338005724332090196e-01
-6.701632411075684193e-01
-8.261887752142729191e-01
-9.790009014156924039e-01
-4.845567843133278263e-01
7.962199363472299840e-01
5.326130558103170376e-01
1.750198743956963288e-01
4.084855081920462094e-01
7.087963677411321939e-01
-5.917025036833727381e-01
-3.917936410428004557e-01
1.270244823798840628e-01
-4.911760942852894107e-01
-7.960095899713139911e-01
6.266890625575505247e-01
-5.202512291859351379e-02
-5.664926134236547561e-01
5.664107140883867242e-01
-1.659988490293888841e-01
9.941299844049411583e-01
8.135961072106259184e-01
6.736483368148671325e-02
-6.722085584832879768e-01
1.276313160316147055e-01
7.875394145293215242e-01
2.485809291793277254e-01
5.364945973535226731e-01
-2.444969383156201381e-01
-1.088007342121231069e-01
-6.139999550206947099e-01
1.645842177438108234e-01
-2.237163183824324442e-01
-7.910061878103280542e-02
8.548001843748980200e-01
-1.947534151385643675e-02
4.274216326705104763e-04
4.643680573095483322e-01
1.218913507453396328e-01
7.002174154084834790e-01
-1.699384307290974228e-02
-2.563681968157807134e-01
1.651878416212815281e-01
1.787464529978219918e-01
-7.237695084660897837e-01
-3.184164078710840506e-01
-6.843969046394091649e-01
-5.664756188486577138e-01
5.941410222248906248e-01
-4.905218981288579361e-01
-6.885875324035213296e-01
4.376576936764389192e-01
1.737107508038211456e-01
-2.336366404019964982e-01
3.771820799569438609e-01
7.386753765674376471e-01
6.374739066904560048e-01
-2.584494987585772563e-01
-7.803788890912064513e-01
-7.779347393591184989e-02
2.329380087346561989e-01
-3.121507082581886916e-01
6.752022301048876685e-02
-2.944841208086741435e-01
-3.923214689302918501e-01
6.113658118673905850e-01
8.506124952871556566e-01
8.551974818682550605e-02
7.925975056176217670e-01
-5.335303641202764346e-01
-1.602954981677449098e-01
5.091728253389531389e-01
-8.597631391496673992e-02
-2.093413939555999193e-01
6.497984796615126069e-01
6.497984796615126069e-01
5.469701214898547992e-01
5.469701214898547992e-01
-2.994756310501265339e-01
-2.994756310501265339e-01
2.693112382373421543e-01
2.693112382373421543e-01
-9.884376950047688570e-01
-9.884376950047688570e-01
-6.909601259104920512e-01
-6.909601259104920512e-01
1.681588807602811819e-01
1.681588807602811819e-01
-3.646282881990221547e-01
-3.646282881990221547e-01
8.294969491636852155e-01
8.294969491636852155e-01
1.435562480971632748e-01
1.435562480971632748e-01
1.815558812672413147e-02
1.815558812672413147e-02
6.787336537643311463e-01
6.787336537643311463e-01
-5.034308088186463248e-01
-5.034308088186463248e-01
-5.995430283565312823e-01
-5.995430283565312823e-01
3.843991965069502026e-01
3.843991965069502026e-01
2.105744503949438240e-01
2.105744503949438240e-01
7.766011463436628404e-01
7.766011463436628404e-01
8.125417806868970860e-01
8.125417806868970860e-01
-3.359975650702864414e-01
-3.359975650702864414e-01
-1.313145502133794551e-03
-1.313145502133794551e-03
-9.168789452525005768e-01
-9.168789452525005768e-01
-7.862688900442416085e-01
-7.862688900442416085e-01
-1.607302496085571963e-01
-1.607302496085571963e-01
7.561112694430149883e-01
7.561112694430149883e-01
-9.601268883423443867e-01
-9.601268883423443867e-01
2.017307844175724174e-01
2.017307844175724174e-01
1.884097187776110349e-01
1.884097187776110349e-01
7.142779966596080055e-01
7.142779966596080055e-01
3.252025995327245678e-01
2.031183194738805931e-02
3.696715405649273478e-01
-4.408927310661217014e-01
-1.274190208066021679e-01
-8.100267150051037035e-01
-8.721571574282227512e-01
3.588340362144237794e-02
-1.687213941087943869e-01
9.539884240124689718e-01
8.414421629813384484e-01
-7.154134265070468679e-01
4.768127246788786966e-01
-2.097799929625698834e-01
8.281211442771321263e-01
7.412348025200981017e-01
-2.243834803545203815e-01
-2.967431186958440215e-01
-3.468873210795453410e-01
4.699159501186860322e-01
-1.245109082498092601e-01
2.498079407604831825e-01
-8.878071572788603927e-01
-9.968845987383565532e-01
3.895387938775445313e-01
3.239538870707763252e-01
-5.166703713972633505e-01
-8.719339997846287105e-02
-7.883316247813711986e-01
1.532534803088398956e-01
6.647919618462687641e-01
1.423730989620559662e-01
-8.063952569783763291e-01
8.806252910511060961e-01
5.313185573336172141e-01
6.612914224769093074e-01
-5.529433013060158775e-01
1.381829359410795544e-01
9.061691283782062900e-01
8.646428980985514379e-01
7.428504464213128156e-01
-2.314148270268061580e-01
4.790405400333486163e-02
-2.340665068918927894e-01
-9.271711558578936696e-01
7.595292300179079525e-02
3.058697893189998851e-01
-6.455292454881176312e-01
4.576223020501624106e-02
2.475744912815196486e-01
-7.845313452948532440e-01
8.544525227793304811e-01
-1.056723014255347426e-01
-2.138996907783652368e-01
7.483168659592072114e-01
-4.098337273372922862e-01
-8.309290723368480958e-01
6.286008911714169312e-01
8.515325085157279261e-01
7.322229960570068030e-01
1.273956214433935585e-03
-5.355926108123818530e-01
-3.254580387838894584e-01
1.557269912416603397e-02
-9.461921709480118903e-01
1.125938601010207929e-01
3.842912500179951341e-01
-7.819853323518053401e-01
-8.736241299695575169e-01
-2.208177676182416782e-01
-2.082132051791969474e-01
-8.507392721572595295e-01
-5.698574879082902722e-01
-1.562836411556489669e-01
1.913742259311044247e-01
-2.157886877512631418e-01
1.035203511108111485e-01
-9.830246583057404841e-01
4.381180122718877357e-01
9.941309302734189224e-01
7.832224639317282300e-01
1.775905406865474490e-01
8.916285279271152220e-02
6.221537917238315618e-01
-7.750207299826954443e-01
5.199778692983461070e-01
-9.805645756592629159e-01
-7.396430388092185559e-01
-3.296233574807678757e-01
-1.372658245412445854e-01
-6.348890205070880643e-01
-4.958449492262788638e-01
7.000436708611443848e-01
5.246043386559766653e-01
8.927227873218781529e-01
9.225487511405650043e-01
3.017235345488744613e-02
3.076225926724076576e-01
8.097011966333678146e-02
7.108897646817471383e-01
-2.311457917882411284e-01
-8.480886085838150734e-01
9.587427542036097705e-01
7.203761680642839504e-01
-7.740751402669454606e-01
-1.511995102614294151e-01
8.957292340836873201e-01
-2.021931182395382276e-01
-1.059235333710897287e-01
2.689191181624153160e-01
1.973304259381600811e-01
-9.989134867331705969e-02
4.784492127604662581e-01
4.003478245944493974e-01
8.568301530032766955e-01
9.488771614932647314e-01
5.857212554359689793e-01
2.309725124936368168e-02
-2.313618243925712470e-01
1.996573388353748424e-01
8.464640040824773504e-01
