-8.958767896503112560e-01
4.753584045994980745e-01
-1.051785929034939615e-01
-7.739434245672685009e-01
8.553492337206578533e-01
3.946045620878859683e-01
4.381024745675228260e-01
6.989047970729659331e-01
5.966260455203897806e-02
-5.216955549986492802e-01
-4.079151258901236865e-01
-6.096364481825997106e-02
-4.567346410225110453e-01
9.557636968166005609e-02
3.435688429236729569e-01
-1.804201525433007380e-01
-7.255481012460995860e-01
-3.748908505496683641e-01
4.603079815558364096e-01
9.630278186684788633e-01
5.183781881072231368e-01
-5.813761350127633065e-02
-1.732887263778678522e-01
-8.521804070698817402e-01
-6.499727529628918088e-01
6.383864077841900908e-01
-4.601556492768200668e-01
-1.248432169225108801e-01
-4.775888847905255252e-01
3.872271951036467263e-01
-2.902556393088315811e-01
1.405473492198454633e-01
-2.003051687161319094e-01
7.897055637346496182e-01
-3.819890334428956979e-01
2.998324017383551254e-01
5.850629555208808341e-02
7.836715001203049535e-01
-1.000000000000000000e+00
-9.912601471271218490e-01
2.313943974156486283e-01
8.624470534474026895e-01
4.109807499901154682e-01
7.427097076302042744e-01
5.613531661522062066e-01
-3.034708665290144491e-01
-2.428479954639861660e-01
9.841058306344192541e-01
5.410547447042390878e-03
-6.057305037884659349e-01
8.465269860480241215e-01
6.000483289694588107e-01
-9.969528582786923998e-01
6.553952304530938910e-01
7.211166648949665081e-01
7.755204362260184059e-01
-6.334949188079810334e-01
8.128193322849116553e-01
2.375124383155846619e-01
-4.952348479493706712e-01
5.057913829315262982e-02
-5.639796351554247078e-01
-4.091923467841596107e-05
-4.247121465784076122e-01
7.457297714546743395e-01
3.806974941313928662e-01
-4.429045522905408205e-01
-8.405408430565520783e-01
-2.300292849121748917e-01
4.264867631784764745e-02
-1.388460232797605887e-01
-1.000000000000000000e+00
6.129680580859937500e-01
-7.157192642715289876e-01
4.576793651708510602e-02
-1.000000000000000000e+00
6.467044431642828828e-01
-3.477652533665032131e-01
7.438437431787974230e-01
-9.928946502040564281e-02
5.095619888533258202e-01
6.300945754655882247e-01
-4.752318677610993247e-01
6.131166648807743202e-01
9.537388103351474022e-01
5.111174356131931162e-01
4.689088208560312498e-01
-4.198872504372891390e-02
-7.344287504430906388e-01
-4.739664455896575035e-01
3.649731646959797904e-01
-2.763331901100865018e-01
-2.579180041901740772e-01
2.427096739354301924e-01
1.799035245672256367e-01
1.827896704348050960e-01
-7.064830299958124726e-01
2.116609542712152014e-01
-6.893867554432462352e-01
9.878327271041129620e-01
-8.588466612188616622e-01
1.267503903701050483e-01
3.129670162863186500e-02
4.203580197023026876e-01
-9.111647580046258188e-01
-2.417455840526444577e-01
8.484947768563471104e-01
-6.660174665913960457e-01
-4.164130636786226303e-01
8.270260381744831690e-03
-1.964423477839609133e-01
7.889412589022762878e-01
-9.397444848131366602e-01
-1.466344115446638896e-01
5.885168731959128374e-01
-7.016221082864581016e-01
-3.073355287128703983e-01
6.248430643025679743e-01
-4.770931608415064640e-02
1.196981538588622884e-01
6.640816214600062661e-01
5.591329235466291347e-01
-9.570140490004375167e-02
-3.455929379539375845e-01
-3.721034012886800801e-01
2.460645966102775750e-01
2.175253606383770189e-01
-4.714024723067304912e-01
3.965995796510212168e-01
3.062767413266645478e-01
-5.573610674604518866e-01
-8.670769792942800702e-01
-6.126812739537733643e-01
-4.234739780482208449e-01
-1.101597042429094397e-01
7.775415173490021759e-02
-4.932523027589630349e-01
-2.652971975302263474e-01
-2.179341517810535200e-01
-3.760595062074805761e-01
-6.992846607035418938e-01
-6.263985673270613397e-01
9.165123010957374472e-01
-2.185528238821962677e-02
-6.445536907548742311e-01
6.450443998669341816e-01
-6.030750782714205949e-01
-8.181775914159998830e-01
8.996269449455043254e-01
1.338617420494811194e-01
1.009667937902312407e-01
3.601499523153997018e-01
7.632241849354010066e-01
7.269529896030287874e-01
7.409292628141712633e-01
-9.980376286165248967e-01
6.189238976542992265e-01
5.980368486045329890e-01
-4.324323945302277483e-02
-5.814777733779323832e-01
4.799026291456962579e-01
-1.929503300044994596e-01
-9.447904405073739298e-01
4.388418961077584779e-01
-4.652559814163812479e-01
-8.478005198968455725e-01
4.156476328634405859e-01
-1.000000000000000000e+00
6.665300502124695825e-01
4.385102768157636000e-01
4.323920193886259811e-01
6.626294702154185146e-01
7.396864197892675241e-01
-2.107541253831213546e-01
-5.021659570787112559e-01
-7.224101837170399110e-01
2.498123696302156083e-01
2.340346679488538445e-02
-4.092781592373561650e-01
-5.934675667238973329e-01
6.240157766491480906e-01
-6.009157281380156368e-01
-3.539380922956612552e-01
-7.678040275241411194e-01
-9.484584891727927403e-01
-5.761821794405516117e-01
6.836011769457577270e-01
-4.260443098763204706e-01
-3.082912095173879763e-01
-6.340229196559712399e-01
-7.544715085905313590e-01
-4.409141809337875917e-01
-4.994618476478807079e-01
2.600490668283357287e-01
7.153235065020780992e-01
-6.249315919647680656e-02
-4.167415321365677272e-01
-5.545935198485962836e-01
8.730589859003907716e-01
-7.980040794397199599e-01
1.981797244598075824e-01
8.987066447657172663e-01
6.076313071557616352e-01
-1.828189568397071696e-01
4.925385729107923938e-01
-8.448573294533230360e-01
2.511903176618055511e-01
7.462460523541065704e-01
6.493356939144698803e-01
5.047984013399622327e-01
-6.022986095173530341e-01
9.682487004452027257e-01
5.392418080994174634e-01
2.805315419108591612e-01
9.321770891441423512e-02
1.730701849806197679e-01
5.262278867981140529e-01
-1.358990626452779849e-01
6.449213596862902742e-01
3.630075392000355894e-01
-9.693419032467720520e-01
7.543567514305782318e-02
6.860268084547118672e-01
2.752075420225938984e-01
-3.791457756508300747e-01
-6.859121993665754369e-01
6.964729047306703613e-01
-1.000000000000000000e+00
7.547596217794992901e-01
1.000000000000000000e+00
9.419397536890086187e-01
5.049988263731941540e-01
7.024591002693680863e-02
-7.553328511120135369e-01
7.644483788878198016e-01
2.037544105913492026e-02
1.000000000000000000e+00
-5.097561553316065641e-01
2.029908768944874708e-01
-6.235150649497117614e-03
7.605053030416583093e-01
-5.332646567805090498e-01
-1.526654243563799196e-01
5.251875143944663149e-01
-1.549748944245710747e-01
-6.092671346283456968e-01
-9.241066794581176413e-01
-8.323036020728417084e-01
-4.429227309393243273e-01
7.411670841773585483e-01
-4.518913632456634799e-01
7.238454817485229231e-01
1.000000000000000000e+00
-2.887151357563667586e-01
-6.343949876906318508e-02
-4.545882262086945458e-01
-2.974731744156777768e-01
-2.800984457548965079e-01
1.000000000000000000e+00
-6.253099470876459787e-01
7.192838246241054501e-01
-9.912530117903786131e-01
-8.504681416458246268e-01
-5.275660070657759437e-01
-5.227364310413621373e-01
