6.513445220814202408e-01
6.906545633580274401e-01
1.163940166456649994e+00
6.585356062233007624e-01
-8.486741682871131731e-01
-5.423240710420375033e-01
-1.000230414788315203e+00
1.739554770877148049e-01
1.000000000000000000e+00
9.745811217540523153e-01
3.193248098658145184e-01
7.355733423710286711e-01
1.311922705612481588e-01
4.345673605299492093e-01
-6.768643727392809062e-01
4.756683389158899988e-01
-4.125228945861472152e-01
-3.132864459203590357e-01
-6.975190318469709494e-01
-7.052789300667360317e-01
-5.611967485914844955e-01
-8.634213264875515437e-01
5.835075377277115782e-01
5.969811493721249862e-02
5.386185145269706265e-01
-3.026260999834149562e-02
9.851382163655673097e-01
-4.719687418807081980e-01
-3.018141997252749009e-01
-6.294507350730528250e-01
-3.424263911177142794e-01
4.321633732163460140e-01
1.478981940603092404e-01
-1.022529089937692870e+00
-6.400047278138579765e-01
1.440258340654273495e+00
-1.245137593028399214e+00
7.413189402458799648e-01
-4.999963013777857235e-01
3.781930447790544658e-01
-1.654398248521241066e-02
-5.817059676498259613e-03
6.760080303635365162e-01
3.578221156109342993e-01
2.481124963415747287e-01
-5.876439578031171784e-01
4.891520712735923926e-01
-6.296064875073704714e-01
-5.718151936451560946e-01
6.173399651403890243e-01
-6.757767876352769321e-01
1.241358202638736863e+00
-6.178051178560897139e-01
2.275933802440020248e-01
1.309333011773802680e+00
1.892284512200152480e-01
-6.823272333210372853e-02
1.363004864195504817e+00
-2.276764388689578311e-01
-1.060028278844925120e+00
-7.980478063955588341e-01
-3.475242529764417942e-01
1.418127731572535133e+00
8.191376406625346940e-01
4.929316559830583255e-01
-9.350865942313051349e-01
-2.035377117960426308e-01
-2.749486579162244149e-02
4.499873984318853437e-01
4.242595859084236087e-02
-2.361256038618722575e-02
-8.975586013212507597e-01
4.643432864126355586e-01
-2.681319394629241293e-01
1.541904745611919758e-01
2.526301423889827924e-01
3.752354901107246565e-02
-3.158344016407182431e-01
-5.404711084883200289e-01
4.875032648255718248e-01
-4.403400075827671456e-01
3.295965307071654360e-01
-1.177159791079687823e+00
-5.237556992123739708e-01
-7.489939837241095244e-01
-7.615465042828880593e-01
-1.190645240700653140e+00
-7.881153328108724265e-01
8.766016083909322631e-01
-1.196033576323773495e+00
6.962087945280311940e-01
-5.074543704597470617e-01
2.747032376802019393e-02
-5.440058091712767219e-01
5.564536698121498315e-01
4.137001867638616104e-01
-9.505850285398466104e-01
-9.100395212243101994e-01
-1.223994697500500717e+00
-4.452882930459287764e-02
-1.066358812660355815e+00
-8.408934574802636730e-01
-1.103821074226334797e+00
1.553109052849878546e+00
7.075657032622549858e-01
-7.547532872694163730e-01
-9.467217078829031074e-01
-8.657013137211893028e-01
-6.924811750217031436e-01
-2.394434029763568839e-01
9.114706690177928339e-01
-1.558699322930832132e+00
2.077112503047907621e-01
1.056716338776775066e+00
8.860399243371848144e-01
-2.019023192131809141e-01
-4.549659605262165174e-01
-6.449702678461288752e-02
7.909744378589051994e-01
-5.236539478893309507e-02
1.173430455466129008e-01
-1.784512799580872944e-02
-1.446386542534698005e+00
2.978440161727078372e-01
7.977223342588523058e-01
-3.810612214741164183e-01
-6.353169465466266264e-01
-1.105059959327852281e+00
1.489327978679360343e-01
8.328222510580749471e-01
-6.873780988413519255e-01
-1.030329347402119566e+00
-6.025583303882987574e-01
6.298303361898272001e-01
6.034972727285491390e-01
2.108123208382407243e-01
-1.508703674570497366e-01
-2.305275766491133860e-01
8.193140062761044007e-01
-8.394318947423491384e-01
8.569275106323626101e-01
4.746059137563173325e-01
1.868027140454738277e-01
7.914789548934676455e-01
-1.014054121087499150e+00
-5.018636569135750403e-01
2.909410637204271621e-01
4.150412918472473067e-01
1.813358751565377625e-01
-3.734914657629181400e-01
-7.213762667497951586e-01
-4.622601557880581247e-01
-5.231132121985271333e-01
7.216053778798734442e-01
-1.418171685354474132e+00
5.556181038983150078e-01
6.497869634678390405e-01
2.630431222667823921e-01
-3.959033980322492624e-02
-1.227390690785278293e-01
1.963651589462016567e-01
-6.184824410665339389e-01
-5.411004324116310826e-01
-5.972748892152364153e-01
-9.721188686512435284e-01
-3.703759886890312103e-02
1.385593111761987739e+00
-9.674409700657242706e-01
-1.397813004016435490e-01
-1.586216091593770083e-02
-4.604761878425762678e-01
3.848676020728699632e-01
-1.333864796833933442e-01
7.979216802085582483e-01
1.583448354094122434e+00
-3.631584418693259431e-01
-4.895924101733659800e-02
4.960354673469190012e-01
6.021612867872977448e-01
-1.044796859995210436e+00
-2.665271560969454945e-01
-7.739933792005642132e-01
3.471327778108452278e-01
-2.267982996718681810e-01
-1.357849274431451314e-01
-3.474708991372146283e-01
-6.869375897495377803e-01
4.768279719627150359e-01
6.444796554218105156e-01
-6.940144082700208106e-01
5.721285537800091525e-01
7.916145103288159124e-01
-1.080158447286599932e+00
-5.675922267461692705e-01
-5.649705522807074720e-02
8.698688449450535654e-01
-9.736134344780138505e-01
1.885954520282542846e-01
-5.234202655910844548e-01
-3.140718418930834588e-01
9.168708761019034315e-01
7.734533684194553338e-01
5.758003575348258352e-02
-6.844191743685760221e-01
3.770513528845431672e-01
4.689200813254947864e-01
-3.086244732029910232e-01
-1.142595318767628099e+00
4.050342035547967456e-01
-7.726783433021153780e-01
-2.230835670637950907e-01
-1.896718374744821300e-01
6.028998656746108464e-01
1.036007950156712654e-01
3.852281269264262731e-01
-6.704379715549143581e-01
4.886311833475429633e-01
4.206560026484406634e-01
-6.688146258476135309e-02
3.703355503234161406e-01
8.856560678173317491e-01
-2.838985760634702427e-01
1.258776305992490852e-01
1.231206472281725084e+00
3.441657147766274405e-01
-6.265828151690737702e-01
-4.022175764561352063e-01
5.756944193127693232e-01
1.884998370798990353e-02
4.794482051975765824e-01
4.813040906077520331e-01
2.967195579381251003e-01
6.687419761259627560e-01
5.066106597606806483e-01
-5.778303810124202355e-02
-1.016567936533108618e+00
-8.701516985566983831e-01
-8.752391155478467244e-01
5.955316912043191468e-01
-7.266301201332262538e-01
3.030570159011827247e-01
5.947585947929954209e-01
-1.110591857575085495e+00
9.443388132471414176e-02
6.201988491680174853e-01
-3.357450227268285459e-01
4.550496222614114350e-02
-4.940313926771469077e-01
6.409035982743617188e-01
4.775569373062083511e-01
1.702309798507385175e+00
-1.541532184116303772e-01
-9.438492059727873751e-02
1.333599370617730928e+00
1.188791614044620193e+00
-7.467345909919117508e-01
-5.337714224594133361e-01
7.377604656135257066e-01
8.529264026890288619e-01
-3.434648303352557663e-01
-4.153157640256470162e-01
7.705558079768922708e-01
7.150463756218412570e-01
-1.639930548238401065e-01
-5.762087784985875372e-01
