-4.056294919332834592e-01
-6.111277437442614868e-01
6.123739108755785754e-01
3.764901464839875977e-02
1.106321859534893370e-01
1.258270318723446746e-01
-9.350520648446996042e-01
-4.598165106810925273e-02
-1.289530918696141226e-01
-5.897171753963590390e-01
-5.662601664164423898e-01
9.348017800518355624e-01
8.549516242411787648e-01
-5.155102086885716695e-01
7.647811679586153932e-01
-9.548994140110789175e-03
-4.058811958269343823e-01
5.832459763852029244e-01
-6.919628655226006675e-01
7.219232761237452944e-01
-3.410101715001525591e-01
1.760217032583009100e-01
1.143801667516683995e-01
6.597705737280179505e-01
6.426840092310692754e-02
6.150510230841774728e-01
6.353557819372448456e-01
4.872615768587136298e-01
9.198734877653615971e-01
5.198781984563785041e-01
-4.533657101437700288e-01
-5.623349870466805012e-01
-7.250628369209008994e-01
-1.268006993694958950e-01
-6.718273861763739419e-01
4.119291515831398076e-01
4.621579300561429182e-01
2.200672556572720318e-01
-3.273798035364963166e-01
3.314019476432586431e-02
2.543211047828863869e-02
-1.313735672461111559e-01
6.338055989079754982e-01
-3.701213472347799627e-01
9.887842607408325879e-01
-1.624198497252904438e-01
-5.993969624896591242e-01
1.099456897408697120e-01
-4.618136172656207017e-01
-2.453072886161651311e-01
-6.345406307680176994e-01
3.015446097485359189e-01
-5.855804655777983037e-01
6.606190112988332697e-01
6.923944779724710008e-01
9.178650942451034300e-01
2.918523528920502486e-02
-5.088875263461565268e-01
2.929943889830737280e-01
-8.173960315467185822e-01
-9.847594159808177317e-01
3.625229978080590776e-01
5.924516921345575060e-01
-3.439830081152672747e-01
7.939804940534895827e-01
-8.859480460560842374e-01
9.037077902399035523e-01
-4.416008841828615861e-01
-8.970520722621022625e-01
2.488863876072966441e-02
-6.147469776876866021e-01
-3.418981546830637264e-01
-6.237603580643009682e-01
5.647222941423374332e-01
8.523497234514088028e-01
-3.949872591076024619e-01
1.274267501639170241e-01
-7.914732333774614492e-01
-9.709287058171416351e-01
-7.537872245984358344e-01
3.215836348029770253e-01
4.390556553694890951e-01
-4.231790270173594326e-01
-3.479636594397339522e-01
-2.757927336844254729e-01
5.415069096478934974e-01
-7.450019359600741353e-01
2.829756674319736653e-01
-3.902564077950976262e-01
6.786580183425205970e-01
8.744144581166810593e-01
-6.845633751279915913e-01
-4.551735306006199355e-01
3.526378310607192201e-01
3.707919871067382189e-01
-6.704136489752388073e-02
7.367909274291750688e-01
-7.432600812537879520e-01
8.286738908067547982e-02
9.327296491536005707e-01
2.444630280005497536e-01
-5.367621080662039468e-01
-7.143903614121294154e-02
1.000000000000000000e+00
-2.263576143086292181e-01
1.960060470332669613e-01
-5.761244172018311627e-01
8.167490121562237526e-01
2.182299655623516355e-01
3.324910007928598699e-01
6.812642738185179514e-01
-5.984597821624224601e-01
7.584918613378108798e-01
-5.885686786755204292e-01
1.083437259306250233e-01
1.335748136247156825e-01
4.309174624709173340e-01
1.819273209787879431e-01
-9.742630143957997646e-02
1.986146638971131306e-01
-6.046138255421551477e-01
5.961652398497074845e-01
8.855143728848169360e-01
-9.302286043204759380e-01
-2.852344483459221536e-01
6.294771325261951933e-01
7.232737222305127833e-01
-5.790994332810173173e-01
-8.316396151748984833e-01
3.627860779272275293e-03
9.727919422857447262e-01
7.514331223008308136e-01
4.734515081732887931e-01
1.990428520095397502e-01
-1.042825168614323061e-01
7.869282152543257691e-01
4.917699271325988164e-01
9.770693320634893375e-01
6.349454657282204151e-01
-7.481326043637872569e-01
-2.713217308514608295e-01
-6.208873167461157472e-01
8.885664417298857476e-01
-7.952640936592887400e-01
1.886916550375438983e-01
-2.860146504444480708e-01
-8.919110516401687061e-01
2.802036142195211132e-01
5.848540352067859160e-01
6.209367311122546695e-01
2.750752059339311995e-01
2.906330748477750081e-01
8.737511389270309348e-01
-2.994386341935317830e-02
-3.937123029876168356e-01
-1.246991583176915164e-02
4.028783532742516993e-01
-9.583259230810223239e-02
-4.306504275364428924e-01
2.839509433729776600e-01
-2.496569939285537831e-01
6.186319721607049793e-01
5.917238340431760779e-01
-1.605660915476385675e-01
-8.404327562618629788e-01
-3.872649152461509203e-01
8.316800501449206351e-02
7.502407489142064456e-01
-5.549519266868460643e-02
8.571084884400466120e-01
-3.360595058892579257e-01
-5.657108101179026960e-01
5.501818061165812956e-01
-5.104818241271282808e-01
1.940872111801157374e-01
2.670443989717925515e-01
-4.530479186655782531e-01
2.028876662539453868e-01
3.523305505391907122e-01
4.887281919529276042e-01
2.088337280154378972e-01
1.998617765921910649e-01
6.966962033753367756e-01
4.217125895149291814e-01
1.463769287845197997e-01
-7.904884838600062524e-01
9.368994152832486044e-01
2.395666652306178701e-01
-3.380553535451542579e-01
-4.548605758853814240e-01
-9.191209387201837444e-01
-1.000000000000000000e+00
8.912174615780976694e-03
-8.109681319769106445e-01
4.456820289956608394e-01
-4.877346080954086949e-01
5.155662974265802223e-01
-3.333357003139765240e-01
1.396875581161958202e-01
-4.223942653016843352e-02
-8.854581167302082445e-01
-1.626626419590797290e-02
-1.491633091900725905e-01
9.688217524260074320e-01
-4.022761218342107981e-01
8.549886396202066585e-01
2.065663342327783703e-01
4.090331320864863951e-01
7.639300845124595840e-01
5.030763099285802120e-01
4.181532760262833270e-01
-4.256784159991933159e-01
-9.415810809153195571e-01
2.176226441621189611e-01
-2.168975212662666852e-01
-6.840228261936569520e-01
-6.811160291106765907e-01
-8.032501942862035893e-01
-7.813756900818957796e-02
4.870569592517699498e-01
9.691798075333717399e-01
1.000000000000000000e+00
5.512414687620448284e-01
-5.363359356704879843e-01
3.837223624176857584e-01
-6.748593924976832303e-01
1.618469506291201621e-01
-7.967843045747411423e-01
6.083512882883096440e-01
9.955089634565192913e-01
-6.084572194125282829e-01
3.235903445901220365e-01
-8.312230762617660584e-01
6.444558298525933093e-01
-9.382923126919744394e-01
9.545813350810032905e-01
-9.232043300909008321e-02
3.926833684522139656e-01
6.461212177942290413e-01
-4.398836069436447005e-01
-7.818803503170096425e-01
1.007914404640979367e-01
2.824220406210253831e-01
-6.945517629088131528e-01
4.386345453519548965e-01
7.278292352134398957e-01
6.634670059190577174e-01
1.724219269546802269e-01
4.794446987236071767e-01
-1.946772531016258689e-01
1.488694564446874369e-01
8.919181924107464354e-01
-4.428148350585541793e-01
8.878178461903243335e-01
3.784647465700967661e-01
5.283021573360213718e-02
8.460490097697139777e-01
6.329276405051507126e-01
-8.060923317619668182e-01
5.484488744832291540e-02
-8.715360880804654542e-01
-3.002245065470723340e-01
5.512127186009680990e-01
-2.515171797505086904e-01
-4.255535576751567906e-01
