7.548067600975197911e-01
-4.706923092778388940e-01
-2.408482902200833331e-01
-3.635103410922304601e-01
4.309269343871112712e-01
3.459429754812692326e-01
9.499734780037809578e-01
6.970860727146294122e-02
4.361893239106904296e-01
5.589817586577752184e-01
-4.702638960374624921e-01
4.330599432702884055e-01
-1.000000000000000000e+00
6.135496300431702021e-01
7.510568927240052206e-02
-8.041125189934463791e-01
3.074757548842884658e-01
1.600167271345551701e-01
6.932743368033963405e-01
-6.207020994251450929e-01
-3.601783969554379627e-01
-3.845347067584169443e-01
1.000000000000000000e+00
-4.502155966931883913e-01
-1.000000000000000000e+00
-1.432523945185418535e-01
2.904454232878359576e-01
-4.661854733435255582e-01
3.306227617624287740e-01
-7.299463008312219170e-01
-7.059895537879352645e-01
-7.624669613433318061e-01
9.147683265606941783e-01
-3.264806918503030952e-01
-5.356538452141559326e-01
4.478533018839106483e-01
-4.990994942176002480e-02
-4.203339032351549043e-01
6.698525807397718301e-01
-5.228329686473381921e-01
-9.070783814430787295e-01
9.841953588255503149e-02
-1.000000000000000000e+00
-6.071448138670837436e-02
-2.484561415799215744e-01
1.000000000000000000e+00
-5.924672934350002640e-01
6.861173206897017707e-01
-2.971049156755974918e-01
6.173619864352255515e-01
-5.007330154915625720e-01
-4.702905861295441081e-01
-2.263278533137332849e-01
-1.910770541080994145e-01
-1.966752220340163837e-01
-6.802747217638749344e-01
-4.124911018747283720e-01
7.123183956403960071e-01
9.718073664234025966e-01
-1.000000000000000000e+00
9.843571464039746477e-01
4.588245142179676606e-01
1.237658287002155466e-01
1.000000000000000000e+00
8.249605285827487089e-01
5.332749383186445868e-01
-6.476696511224271369e-01
-8.846745894470811056e-01
-3.614151231915673779e-01
5.692913383218614065e-01
6.373696396292439781e-01
-7.150578524399883174e-01
2.763258207898371399e-01
-2.668455672915703847e-01
1.556443060662406896e-01
-1.000000000000000000e+00
3.576076043328090814e-01
9.145039622987619077e-02
-5.102962317107575529e-01
-7.701521904734992541e-01
-1.020285790743764021e-01
-1.295019889714464356e-01
6.072040949933751319e-01
9.089110533256232749e-01
4.867580133723650171e-01
8.834584083978465063e-01
-6.161023553321706703e-02
9.391477136165571338e-01
-2.444175786136994211e-01
-7.125445421028533399e-01
-8.268302426330356170e-01
-6.068057427431143847e-01
-1.000000000000000000e+00
5.391410760381445400e-01
4.551700426744328953e-02
5.923627372357597176e-01
-5.324990958834055488e-02
-3.583263546948414202e-01
8.904808310008118788e-01
9.105267384388698870e-02
7.567613047062393683e-01
-1.000000000000000000e+00
-2.682614925300475517e-01
8.814268244934824192e-01
4.946864717493862362e-01
6.939486458046776329e-01
6.262050183106949997e-02
1.010396015510027501e-01
-7.763852748257806802e-01
-8.718347458575838038e-01
3.680195944964234633e-01
1.808031235738417619e-01
1.000000000000000000e+00
1.000000000000000000e+00
-8.539705296226542952e-01
2.747033107751490344e-01
-8.347122368869572817e-01
5.014880368707692604e-01
-8.071505924162764023e-01
1.622520668801605281e-02
1.000000000000000000e+00
4.779004921854025367e-01
2.419617801648297484e-01
-9.449203833381438766e-01
-1.679327103095947515e-01
3.191144292077338074e-01
-4.758954578350632625e-01
-5.278762598829025432e-01
-5.076890893977237251e-01
-6.594233783964822404e-01
-5.481892654863237402e-01
2.445339786824971551e-01
-1.000000000000000000e+00
2.752715963321448189e-01
-8.218005279961780873e-01
4.425695158515259298e-01
1.584720761187271010e-01
3.046271711904136037e-01
-6.479667513903134002e-02
9.094921481155499032e-01
8.891042092785913509e-01
-9.844599706551160345e-01
-1.000000000000000000e+00
8.690687705670200325e-01
3.304733052081475220e-02
6.797213777200374896e-01
-8.457822847698623914e-01
-3.342323170025926493e-01
8.699659201182841084e-01
6.939135432225551625e-01
1.051364932823389831e-02
1.908929960192794484e-01
-2.977879771245318663e-01
8.432468331776114823e-02
-2.969692407144897128e-01
7.962454554963458442e-01
8.315970870574567186e-01
-6.327900505682266807e-01
9.966636385584934366e-02
1.727858621602464395e-01
1.000000000000000000e+00
-8.215204685342737401e-01
3.261825556299776108e-01
4.941898155482263300e-01
9.389209472418041935e-01
5.744915061110505983e-02
-3.942397735507896517e-01
-9.239488360183020221e-01
-3.762367413883464518e-01
5.455277955993806938e-01
-9.403071378173732953e-01
-5.227288410921133721e-01
3.878243050688605642e-01
1.000000000000000000e+00
5.934788991589808882e-01
3.777343562182244874e-01
-6.588212409477474107e-01
-2.412116433718413111e-01
3.114282036743154514e-01
7.038444379785485649e-01
-4.102808805106588630e-01
3.868398303814386541e-01
4.949872120617146987e-01
-4.944761363913720009e-01
7.984840335856153715e-01
1.643217862238716132e-02
-7.292522205284532322e-02
6.935084465401853970e-01
-4.151102111374036507e-01
-8.339880253075429017e-01
-2.997921316973534145e-01
6.898490673648248750e-01
1.127796664467130006e-01
2.015222000287136828e-01
1.643884478319315168e-01
-9.918034222139010536e-01
4.621358056524055846e-01
6.506263718944378383e-01
-5.207445773227619146e-01
6.106334239820709886e-05
-2.709720426753559064e-01
8.132111875743320839e-01
-4.591144373605179907e-02
4.770073074131656043e-01
-1.192047595826222495e-01
-5.068298612406048065e-01
7.851633198712939521e-01
5.015591165690480580e-01
6.955281643295641025e-01
-4.323276352220623009e-02
-8.062993319394402558e-01
-5.571104553437906670e-01
-3.826358040089705703e-01
7.594417728154805314e-01
2.064970031856589172e-01
-8.361094019183215598e-02
-5.493086650150044159e-01
-3.617914047609390171e-01
6.383464174717344841e-01
-8.416109038982511059e-02
-7.497454088403807670e-01
4.939739921722904326e-01
1.184614007327160490e-01
-1.188396186392530474e-01
-1.282332855770665081e-01
-5.135427328723231044e-01
-6.097410295219854448e-02
-1.000000000000000000e+00
-2.206316313928061157e-01
9.214471793787116782e-01
-5.546170536654059235e-01
-1.974053120691358076e-01
1.000000000000000000e+00
-8.092882707685075117e-01
-7.356147173518673421e-01
-2.447814673887468429e-01
-7.699643006961741643e-01
3.963848931725024727e-01
2.837050989403572254e-02
-5.172017783036968464e-01
-3.490565013424699603e-01
7.928936510590993691e-01
1.000000000000000000e+00
-1.252498871398897429e-01
1.000000000000000000e+00
-6.053167993516395118e-01
1.000000000000000000e+00
-8.976766513763109190e-01
2.614514891074552483e-01
-8.442659421016754928e-01
1.484111843139351850e-01
-7.399239013259595321e-01
3.170859634504677449e-02
6.412033194344154419e-01
4.362576423627680389e-01
-3.192471143896392638e-01
4.562673467580334874e-01
-6.332730363704590637e-01
6.906921232028582214e-01
-2.563518429773389284e-01
-5.225783149468143929e-04
4.651008045322865270e-01
-3.031606594916441133e-01
4.821676608654619778e-01
-3.857895048568331098e-01
