-2.252857985971859767e-01
-4.566365641989418300e-01
4.057521785683541049e-01
2.012814445864843371e-01
2.671574408199111073e-01
1.615058709325396524e-01
4.910067756118243754e-01
-2.910273161722751745e-01
-1.296276076503399821e-03
-4.756556121962374206e-02
-6.976146160395585438e-01
-7.515675300032583772e-01
-1.000000000000000000e+00
9.243590702616559796e-01
-1.183314751765116579e-01
4.482413400752971455e-01
-7.073425217040074653e-01
1.000000000000000000e+00
8.699563866621791153e-01
-4.540037532519307639e-01
-2.007023525255713370e-02
8.201635361841899119e-01
-6.931719728698906291e-01
-9.912495639649865353e-01
-5.195826102905365396e-01
1.994786123307468184e-01
-9.199290864275462276e-01
-4.020337757136571710e-02
3.489727070681460930e-01
4.869718536493881089e-01
-7.439188747431835225e-01
8.504014592670139372e-02
-4.531594293710741184e-01
1.872603280515412472e-01
-3.918737620137424660e-01
3.777527127292525932e-01
3.859377642753986093e-01
-4.805132903000530753e-01
4.462851505472320568e-03
-9.882564176362202968e-01
7.838694840139983633e-01
-6.406146166106347906e-01
-3.685053723887408150e-01
-5.850921193040752311e-01
-6.902669472716467247e-01
-6.381924812001141811e-01
-2.369004369869167625e-01
9.235592540925541272e-03
5.800115413372497475e-01
-5.446635938705641777e-01
-6.377655251284328752e-01
2.672193986092508133e-02
-3.079885911004269783e-01
-8.978430822218632645e-01
5.728474716080176332e-01
1.629532407050111043e-01
-5.410875817075200267e-02
1.000000000000000000e+00
-2.747360155237308366e-01
-1.000000000000000000e+00
-9.340461805131115014e-01
-8.902696443549100724e-01
-3.665679238356751579e-01
-5.856201799094674643e-01
-7.556280221255402552e-01
8.774881334546619227e-01
4.265558371405386850e-01
-5.185458111667708980e-01
4.768965938124989368e-01
7.344215686208757643e-02
-5.827662324655971116e-01
1.915290478245863515e-01
-8.816173482961806585e-01
7.176834683430581840e-01
4.680934470229696220e-01
3.165036027631633608e-01
3.269525268512192273e-01
3.042857348474983237e-01
7.471541947652957649e-01
-7.617557420813938496e-01
-4.903827196004074684e-01
5.074344154863275058e-02
-9.559436868346860017e-02
-7.610917749443935065e-02
1.320168802761048921e-01
8.444597776069522332e-01
7.620094589510995053e-01
-3.615152754005803715e-01
5.559066598623616517e-01
-8.126798289096599515e-01
9.494509391557406364e-01
8.802709015125316228e-01
-5.333621367345375841e-01
-7.015559957073307373e-01
-9.250457263297308108e-01
5.837505399364666392e-01
1.588550127978010096e-01
-9.467156685620348178e-01
4.428295078948629726e-01
-6.340440806503890858e-01
-7.365376907203242673e-01
6.039752190341987070e-01
-5.044004608704262260e-01
-3.986366962659106949e-01
4.259406753061686368e-01
7.293946510680378026e-01
-3.845370426016054416e-02
-9.789095625006843937e-01
-9.808650271016305933e-01
3.032650413616696516e-01
7.258612881438410991e-01
2.372035299819856835e-01
4.634601332152839537e-01
7.715613593589085717e-01
6.014065532870194186e-01
9.581860557130421618e-01
7.385983395807569352e-01
-1.418951325325987778e-01
3.501090142501028790e-01
8.228788360502634625e-01
-3.647354774258215748e-01
-7.250411880890599292e-01
2.246723781789466412e-01
-1.000000000000000000e+00
-4.782940382996820894e-01
-3.464968698413106729e-02
-9.186632415160999043e-01
-1.138926623259535753e-01
3.435443569118483698e-01
9.613272344084978771e-01
-9.475177842324942201e-01
8.920697239521035993e-01
-3.587151930465217742e-01
-1.000000000000000000e+00
5.692573886130265493e-01
-1.000000000000000000e+00
-2.171773997508911758e-01
-1.784539921602701362e-01
4.919664539633907818e-01
-4.444029530993499622e-01
8.570546297730310403e-01
1.334493553110343012e-01
8.920138210755776953e-01
-2.244805087570493907e-01
5.426015119331326630e-01
-5.279936362714352516e-01
4.567132777781528485e-01
-5.347066154169668462e-01
-9.710598283917795115e-01
-6.898048676059238549e-01
5.719286930748865849e-01
1.147629323839502585e-01
-2.861379381858850657e-01
2.756564790398561282e-01
8.696585270210073215e-01
4.362217842489992115e-01
5.211734508881562533e-01
2.117578416368359751e-02
-4.988239251225272675e-01
1.489075690502483784e-01
-4.336965735250500331e-02
-9.361901540744631545e-01
8.175277247948014026e-01
-4.295251844640413097e-01
-9.472499677149799346e-01
-7.308772257821265494e-01
2.375620933089217512e-01
3.395839720905753367e-01
4.846414462110930632e-01
4.725857874706329564e-01
-3.228633204620083574e-02
4.228033575283207668e-02
2.565694990592650715e-01
9.363149269193020707e-01
9.082393602300222746e-01
8.629764438348253019e-01
-8.189015019594036993e-02
-2.681500254543168205e-01
-3.659477866527840462e-01
9.302449898085054514e-01
3.616190577171964904e-01
8.540152279659705137e-01
6.505163769662087869e-01
2.596920906807635987e-01
-2.696765341575484976e-01
-1.424720412876727682e-01
-9.230675345668504228e-01
3.009946118020692118e-01
8.532243100829125515e-01
1.953627803470239233e-01
-2.276013412604336872e-01
6.408411913176796926e-01
6.559545023430228827e-01
9.990096730857231933e-01
5.363489115091153447e-01
5.958966214589334065e-02
3.258351389793894270e-01
-3.783174746935556998e-01
6.582495552745857292e-01
3.074534124759109588e-01
2.827222546986720708e-01
8.479291697458032351e-01
-8.951535587581147535e-01
-6.299401916405376056e-01
-4.511097263922494993e-01
-5.243537483559856938e-02
-2.552539619202586207e-01
-3.774305495709735503e-01
-8.336913487000985334e-01
3.920603048223836318e-02
-5.077051910696150916e-01
3.670167757730815605e-01
3.642420483054644720e-01
2.269324963757091140e-03
2.902533791350581094e-01
-8.670201356714196672e-01
-9.336760287770899946e-01
1.000000000000000000e+00
5.657090349997919709e-01
-7.830502436301591818e-01
6.808515941671200444e-02
9.543693658271508173e-01
8.970369408409888390e-01
4.896908556205170626e-03
9.113105685887721297e-01
2.789625671962270292e-01
-8.262757795447654985e-01
4.192595069428084464e-01
-8.610124618531427299e-01
6.769649803435530133e-01
5.544189391129277222e-01
-1.511175910939233091e-01
8.450309210209816513e-02
9.949426995068217927e-01
4.538819902094793357e-01
4.217182301084081431e-01
1.284837978423147842e-01
1.102178291621391804e-01
9.367774144196041597e-01
8.275573449509046053e-01
6.772832800553557631e-02
7.446743917153328951e-01
1.384682789756350729e-01
-2.198331193797455341e-01
-5.619751000163379917e-01
-1.138264795310561794e-02
9.195071364255233970e-01
2.167650167467634059e-01
6.744700140906385588e-01
-5.833452249157400349e-01
3.915323783407835823e-01
-8.091794981966344835e-01
-7.506775275273522841e-01
9.826145713287162131e-01
7.982513367030663609e-01
2.020336342317552436e-01
-7.203965022154220632e-01
-6.886494533056475298e-02
-7.714848243579597309e-03
-1.000000000000000000e+00
-9.077411307425033993e-01
7.254999898063201336e-01
-2.089933084150856768e-01
6.896015441392955303e-01
7.401664711465125723e-01
