-3.913598202100642132e-01
3.552290588480343514e-01
-6.786326816595279476e-01
9.593275685605080483e-01
4.016660772495023179e-01
-5.736572194126960955e-01
-7.138465724356451991e-02
7.383132709887956224e-01
-2.511756524477277153e-01
1.000000000000000000e+00
-1.551266722115341445e-01
1.637188510166869559e-01
-8.965574125706781139e-01
-2.422799587001116528e-01
-2.444865379019197094e-01
6.092024807616187587e-01
-9.191058324218274178e-01
-1.000000000000000000e+00
4.818747146906701695e-01
3.189222970781695476e-01
-3.276118574975820374e-01
8.759108844818814799e-01
6.640652801037633113e-01
6.587082564829533915e-01
8.261117303927024702e-01
-8.510715172387466332e-01
-9.976298101676112084e-01
-1.000000000000000000e+00
1.000000000000000000e+00
-5.725738891460918634e-02
-2.381224650460145587e-01
1.150775602068558889e-01
1.000000000000000000e+00
-7.183250178512951001e-01
1.000000000000000000e+00
7.082131930665024333e-01
-1.000000000000000000e+00
3.702807197982786458e-01
-6.079917482228295311e-01
7.325005629581500532e-03
6.975757515966218847e-01
6.872275650211723264e-01
1.590099520520278364e-01
-1.000000000000000000e+00
-1.622649345799412612e-01
5.551362862835420575e-01
1.000000000000000000e+00
1.000000000000000000e+00
-6.247622808587576237e-01
-4.875441562360980363e-01
1.000000000000000000e+00
-7.136831179896416799e-01
3.504117232975240137e-02
-8.808431346816525398e-03
2.398372813491282118e-01
5.262818690054600346e-01
-5.047512853087019469e-01
-9.446712919972959366e-01
-7.267220580889679482e-01
-1.000000000000000000e+00
-1.591014205425159145e-01
1.000000000000000000e+00
4.074027109243417710e-01
7.849144283216975548e-01
8.459401755691210445e-01
9.285713432643782905e-01
1.000000000000000000e+00
-7.313702411685951699e-01
8.474016260134054068e-03
2.123069469559668299e-01
-4.802753847513686891e-02
-4.641443534352832079e-01
-1.251274322389213101e-01
4.555406242361707547e-01
5.532009813353445937e-02
-3.911242992103500238e-01
6.187653891914550730e-01
-5.742096994622390982e-01
6.268483836135319009e-01
4.439567008842118523e-01
3.589931010649510812e-01
-4.810954749167642430e-02
-3.225530264742325626e-01
-1.000000000000000000e+00
-8.687990655548585295e-01
6.178904012274580859e-01
1.000000000000000000e+00
1.000000000000000000e+00
6.820686160924552266e-02
1.000000000000000000e+00
-1.834614637632397127e-01
-3.506940739020143472e-01
-1.900114052115814967e-01
-1.000000000000000000e+00
-3.373492793711495574e-01
1.000000000000000000e+00
-1.137364310561015113e-01
8.202289531059167027e-01
6.331833829257774715e-01
-5.680414235176672877e-01
3.393818567094236682e-01
-5.800796392583634775e-02
1.000000000000000000e+00
-8.690472883160040851e-01
-1.544110222773147634e-01
8.717163392781934750e-01
5.447307039383722516e-02
1.000000000000000000e+00
-6.133919747825423707e-01
-1.000000000000000000e+00
-1.000000000000000000e+00
3.977499172155756768e-01
-9.349162600366808795e-02
-4.134452397101167631e-01
-1.725971348306878927e-01
-1.000000000000000000e+00
7.346811887278942299e-01
3.485840726191101746e-01
-6.912674773406539408e-02
-4.390688231822347243e-01
-8.296435144717571042e-01
-6.377057505419632122e-01
-6.643283671583462002e-01
6.003618850717482580e-01
1.546354040295888632e-02
-1.000000000000000000e+00
-2.440680346046311677e-01
-4.567055709365093752e-01
5.325411863206956919e-01
-9.779307733864814889e-01
1.000000000000000000e+00
8.024152197809919507e-01
6.458405857458773824e-02
-1.000000000000000000e+00
-1.394000504124575102e-01
-1.000000000000000000e+00
-1.000000000000000000e+00
-6.032158461171903685e-01
-1.591050205452843036e-02
-8.325692643843013441e-01
6.371060007497231226e-01
5.829246574701595351e-01
3.965624100703590837e-02
3.967570457685843377e-01
-1.472819990818367009e-01
-8.742210269060652905e-01
-1.757105025510825036e-01
-3.699901982450684579e-01
1.000000000000000000e+00
1.000000000000000000e+00
-8.434591341989471358e-01
9.275744384121349384e-01
4.073295672262893241e-01
1.396470533896091437e-01
-1.000000000000000000e+00
-4.825158250150276551e-01
8.927072384630443391e-01
3.352356772329181389e-01
2.464298691091361126e-01
5.760960618142842993e-01
-2.160015951376062504e-03
2.340943347486480058e-02
1.000000000000000000e+00
2.155862247575351942e-02
1.000000000000000000e+00
7.303262984217163689e-01
1.000000000000000000e+00
3.363068912725837856e-01
1.516659861386336627e-02
-1.243827534702695581e-01
7.318267246057983400e-01
-9.373199446928003331e-01
-1.149429098061508780e-01
-6.093255378259077037e-01
-1.056114110271710316e-01
8.705440168907510046e-01
-2.157153912090306880e-01
-1.000000000000000000e+00
-6.894153031472657345e-01
-7.454722709966998817e-01
-1.000000000000000000e+00
3.574841305922686896e-01
1.000000000000000000e+00
3.830850688854718911e-01
1.164004190164747155e-01
-5.327214253738555838e-01
8.135140334868879997e-01
2.603924409400305007e-01
-1.115097879281310989e-01
7.197978862803054989e-01
-6.100769703208579475e-01
1.291560211054279261e-01
-1.578736940948197720e-01
1.843478819945490177e-01
-2.331227733038538918e-01
-4.276839475654460321e-01
1.563424318803617874e-01
-3.760410226602457495e-01
7.148775735347487892e-01
1.000000000000000000e+00
-7.343486113207472465e-01
4.811708080383457209e-01
8.972183329957127418e-01
9.077225965536991903e-02
4.753044432401242192e-01
-3.426212266382372418e-01
-1.150497386332681587e-01
1.000000000000000000e+00
-1.000000000000000000e+00
-2.122672055811400393e-01
1.000000000000000000e+00
-2.927163371574678097e-01
7.412793055331263758e-01
7.189767666712096883e-01
-6.227146154753437912e-01
5.273547975452836933e-01
6.971625862861622336e-01
7.896401852568672997e-01
1.000000000000000000e+00
1.000000000000000000e+00
-1.000000000000000000e+00
-8.762613529483547214e-01
4.825179839549882388e-01
2.405924327827838050e-01
2.896887883270883313e-01
-3.593009230294726963e-01
-1.398262246832275568e-01
1.000000000000000000e+00
-8.460154014192944327e-01
1.000000000000000000e+00
1.577087515213163593e-01
8.270621667590422055e-01
-5.723609509711476973e-01
1.000000000000000000e+00
7.521537788567734806e-01
-3.656361164162601485e-01
3.709464069629566096e-01
6.840638816741277939e-01
-4.280141161578923659e-01
-2.478572500729364636e-01
1.000000000000000000e+00
-3.003530872722583456e-01
3.564193067473089838e-01
-1.000000000000000000e+00
-1.280833557596899874e-01
-3.679273815562328354e-01
1.000000000000000000e+00
-9.144554917835001628e-01
1.000000000000000000e+00
-5.173762571995492721e-01
1.050874557559937639e-01
1.000000000000000000e+00
-6.442870833371867612e-01
7.812490580479778401e-01
4.128062729971576639e-01
-1.787529140926050475e-01
-3.461248979883654320e-01
1.000000000000000000e+00
-5.606754792363590756e-01
3.568511819096447657e-01
-3.429166234859490348e-01
5.481216881241013361e-01
-1.000000000000000000e+00
-9.707767709439929504e-01
4.619655029764613285e-01
