-8.114956481047872483e-01
-6.848547456345999151e-01
-4.383785706886471623e-01
-6.308452194218456821e-01
7.218150143390829054e-01
-2.238243581190157983e-02
-3.780660711045453759e-01
-2.066952080711212947e-01
-9.829218075351491279e-01
4.199863553861158394e-01
6.409171505320119255e-01
-3.728429000624133849e-02
5.156605355539571889e-01
-9.168224940737841333e-01
-3.795061966097650341e-01
-7.316618117068105498e-01
-6.028407835098150702e-01
-4.844922773207891442e-01
-5.451699051772211924e-01
-9.644662931003717965e-01
7.456297994777709714e-01
-1.780683546277588292e-01
-3.988087605438492833e-01
-9.988916960567997272e-01
4.092518403465392751e-01
-6.570466123175344730e-01
-1.743104389340210947e-01
-2.416799128960787080e-01
-5.410863294227989950e-01
6.360217409022717039e-01
7.242876895321608277e-01
-1.988559927091000379e-01
-7.830082326171106111e-02
-1.184387123755772375e-01
6.677953764222290811e-01
-3.104782736262581277e-01
-6.689945475561773769e-01
-9.184474720668736047e-01
5.058276273116952826e-01
-5.394002782282603103e-01
4.689710189732987367e-01
9.780380744535392967e-01
6.608845273708097157e-01
2.385541784985800717e-01
4.656035755083074434e-01
-7.410773070659555373e-01
2.036231338908336408e-01
1.164145452443439144e-01
-6.318434529460676963e-01
6.499524923514683472e-01
3.419133980368045389e-01
-8.168983430476783880e-01
3.478266331506107423e-01
-2.703430644855393528e-01
3.649894201997112564e-01
-8.228665935879009297e-01
-3.050576125268715799e-01
1.607121647492586458e-01
8.354158741834494251e-01
6.997294243349039267e-01
-7.539797207150826797e-01
2.607016121596998914e-01
1.978803681885021870e-01
8.622547780746654400e-01
-7.743483206528982699e-01
9.774587619443699804e-01
4.183518166009171368e-01
8.997457350505144724e-01
-7.950536035591952988e-01
-2.131428864865769768e-01
9.647872969158826084e-01
4.929909068257662952e-01
8.028111347232425032e-02
-5.789367789544777043e-01
4.751364161492137583e-01
-3.361309102350951150e-02
4.014606746001680992e-01
9.259310661103636875e-02
9.942194337854921571e-01
-5.779784142307726746e-01
-9.537627750733168597e-01
8.697721493306187490e-01
-9.238090178242219785e-01
9.678647504270476709e-01
-5.235892999846125662e-02
2.885233158136166765e-01
-4.097100619023841261e-02
-9.857648277833332973e-01
-3.469954652068656387e-01
-1.374531035953556746e-01
3.705527808816111435e-01
7.217360261802381327e-01
5.950117621496242570e-01
-1.688221571835666346e-01
8.894048703666430633e-01
-2.227048540302776214e-01
-8.271003583840406126e-01
1.220399484673031498e-01
-8.398570739736634927e-01
-8.637791718513023742e-01
2.622732867108041876e-01
-4.495111282460295676e-01
4.841406659266536128e-01
2.396321450968363909e-01
-2.631401694221773280e-01
-9.945788317315162885e-02
-8.586286035204593325e-01
1.283302170131861430e-02
1.286290370264882021e-01
2.095935198288922940e-02
-7.493799859066965219e-01
-5.920351124807921028e-01
-7.649415808806205863e-01
-1.228043597028438683e-02
5.262051017406155218e-02
-6.302209649023791105e-01
-4.370877270887496557e-02
-9.823229177220456076e-01
-4.297209171833227259e-02
-7.886829246262212489e-01
-7.016772557238315500e-02
3.592380401440367077e-01
4.739075764845792627e-01
9.583590303884961248e-01
-1.314389095432060284e-01
3.097433877189919027e-01
2.805097755739327514e-01
9.525118205094362800e-02
-8.577589876732025775e-01
-9.095230937816485284e-01
-9.174021155643983239e-01
-8.840515993003319473e-01
1.275988557460783213e-01
-9.062888271442748334e-03
-8.777188384687790723e-01
-5.051248143761917220e-01
4.541645398556684032e-01
-2.253070979670470653e-01
5.848789035986023954e-01
-5.334227047091248952e-01
2.200043324650584609e-01
-4.219488677742175842e-01
6.758323669286727675e-01
9.279214668303812363e-01
2.215424643251249215e-01
8.063082909570806756e-02
-1.182008146032238471e-01
-3.785995161443613810e-01
-1.377212994206609142e-01
-4.244639385761777017e-01
-7.334587981299183213e-01
-4.257826224943670468e-01
-2.587682797937089774e-01
2.547529056827928517e-01
3.441961289417612146e-01
2.489696701419414904e-01
5.743048938238028978e-01
3.327976706833053466e-01
9.904587076982529492e-01
5.045039881927158021e-01
8.296057558922975694e-02
-5.032730326149406075e-01
2.430773271938797553e-01
8.399469808617556765e-01
9.211037826790280381e-01
2.102489361640127452e-01
-6.971026500405936854e-01
-7.810128536209071104e-01
4.965464163011752419e-01
1.516420142538812410e-01
5.311063598197423019e-01
5.806692615646766864e-01
-8.058717396638239716e-01
7.551350973854709103e-01
7.818220461435281265e-01
-5.349917066649083619e-01
1.127215527708067544e-01
4.532705078963956691e-01
1.195006529391826611e-01
4.491219826389911685e-01
-2.078948494400680858e-01
-2.825518134485316413e-01
-4.868013840368472511e-01
9.328954025418487728e-01
9.959759318673613304e-01
-3.165589324883817390e-01
1.990795689008657554e-01
3.985627674485772154e-01
-4.531627712446510969e-01
-2.984709761153667706e-01
-7.565702235886122562e-01
-4.092367601524875553e-01
3.454708384896274520e-01
-8.522442858759826656e-02
5.626107684390682095e-01
-6.574699788744615692e-01
-5.343573890064234888e-02
-7.338013195323078719e-01
4.645800781871545215e-01
4.827688769096085686e-01
-4.095876985616644372e-01
8.127367872447315289e-01
7.094950129746568912e-01
1.280155316297522106e-01
2.904266879931927114e-02
-4.860157844427801521e-01
-1.967918188308548366e-03
1.787249098960237426e-01
-3.345898256524975078e-01
7.792358868678366246e-01
-9.777555607031349627e-01
-8.610733558424163991e-01
6.773614788207888981e-01
-1.055040496420860396e-01
4.305900088086325184e-01
3.224723341080220074e-01
-2.077638024335970446e-01
7.783226934292819532e-01
8.976764733322770695e-01
-2.439972806646610870e-01
5.838237410677149519e-01
-5.688290059426328593e-01
-4.028353028033269112e-01
7.762132126971172941e-01
1.707868029355219530e-01
1.117688322073493445e-01
4.538640490376857350e-01
1.381957092048617941e-01
7.553676835303986259e-01
-5.692705778323796650e-01
-7.217931826945021001e-01
7.502537229265779928e-01
6.080070904558905198e-01
-3.191168245873206022e-01
-4.862153911827797881e-01
6.670352940650747797e-01
9.669444439422605342e-01
9.351219981392995262e-01
-4.549408549468483276e-01
8.568604166810445122e-02
9.627356328084151205e-01
-5.603517685525549741e-01
-5.981978936919651879e-02
1.769787058610570174e-01
-7.744733078567971329e-01
2.884602355782057703e-01
1.327710569776083815e-01
4.165202019592164628e-01
-4.460228964546570918e-01
2.516152364890513748e-01
9.440160873164697986e-01
7.981456324236013700e-01
-7.229126952847697574e-02
-6.998634524627376230e-01
-3.966565911660624444e-02
-1.586904992300970374e-01
9.164638974550420869e-02
-1.236173583961392985e-01
-3.421614219557003178e-01
6.347478067691181280e-01
4.302542616593882929e-01
-5.725780091238479308e-01
1.975574230886656402e-02
8.001518352654690691e-01
6.711424384657882491e-01
