3.988591342559854036e-01
4.341151456127068098e-01
3.596524611768215918e-01
-7.038990004112986865e-02
1.140024112986126603e-02
4.029349130168602411e-01
-8.934997015087681183e-01
-5.771817611870506681e-01
-2.523216394987001787e-01
-2.574950142985317214e-01
2.840628606057369887e-01
-3.731266597952516695e-01
-2.660240200258592869e-01
3.597141000749166651e-01
9.532097973334304752e-01
-8.187243913017089314e-01
-3.390710239042742102e-02
6.820303928584851849e-02
-3.954088033190133467e-01
4.128656593511280670e-01
-6.705658851278812893e-01
-3.245764435190225394e-01
-2.995860782641718290e-01
-1.000000000000000000e+00
1.409679631248430265e-01
1.000000000000000000e+00
9.601104881944979574e-01
-4.613756493798630842e-01
5.681878293984338191e-01
-9.937172965440878025e-01
-2.173775143881410410e-01
3.204484465697333695e-01
2.726489442936210206e-01
-7.370605894371407008e-01
4.074819899948414759e-01
-2.624934781840548847e-02
9.509984899771224409e-01
-1.205270682297993334e-01
1.000000000000000000e+00
4.935616612558820226e-01
-5.235132592411891050e-02
-5.207395640123646530e-01
6.605964816122711358e-01
1.692228741501301814e-02
4.884801752993299107e-01
-9.204809692037592139e-01
6.760725464097724347e-01
-3.704676756625104872e-01
-7.270831994379429730e-01
-2.477596515029903412e-02
-6.744681732336615942e-01
7.189345203811798868e-01
8.284577499707441728e-01
3.419807817862638988e-01
2.824983654648774434e-01
-8.237857319652828192e-01
-4.053346465685794819e-01
-8.327487620146117875e-02
-9.656821191311790731e-01
-3.867046342622215138e-01
-9.832730911498051285e-02
-2.826925614620393601e-01
4.268629349499218351e-01
-2.848459912096557023e-01
-2.008694200421064224e-01
2.599916298943588111e-01
1.495171432803238942e-01
-6.506843202832405249e-01
-8.139536678162549999e-01
4.660537378458763369e-01
-9.419238474473323741e-02
-7.566273175630896519e-01
-3.350231331749753405e-01
1.917878167714849869e-01
1.000000000000000000e+00
-9.689866282439731915e-01
-8.325518411378250994e-01
8.442365795220728719e-01
1.000000000000000000e+00
-8.926955564817664612e-01
6.696077042157466686e-03
-4.488519711365757670e-01
-3.976817519366943610e-01
8.404495475112487846e-01
1.000000000000000000e+00
-1.000000000000000000e+00
-1.958376486844664588e-01
-3.243049841791439958e-01
-6.756356824357806490e-01
5.241476442515612399e-01
2.967908362330533567e-01
6.966796082675025259e-01
6.508135277273788821e-01
1.000000000000000000e+00
2.700621542819700571e-01
7.797121352259235583e-02
1.000000000000000000e+00
2.477481379650505189e-01
9.659723697897615313e-01
6.002795261037105479e-02
4.102283108387652644e-01
2.297049487399993595e-01
6.343244953650832851e-01
6.633008677489851124e-01
-3.212789279385814267e-01
3.411938432655142184e-01
7.844220363771066129e-01
6.001797047675783148e-03
3.361279296613807754e-01
8.749550953157666511e-01
8.050051691422664968e-01
-6.341422398668866700e-02
-5.765755836238083409e-01
-2.020621324058329837e-01
-5.331894537091135255e-01
-1.253414594144769967e-01
1.066705823190748081e-01
-7.380808882968792339e-01
-7.561961931824900951e-01
-2.943239866352263534e-01
-6.144245992303459802e-01
6.748432757785519653e-01
-8.577848356398791729e-01
4.647741047226697231e-01
-3.620256276044031551e-01
-4.352521875329140588e-01
2.797627458921974619e-01
-5.767837116125592578e-01
-5.868206101946167319e-01
-1.349003202123000289e-03
-3.175265332504287885e-01
-2.108876357694773607e-02
-4.339762155213852113e-01
-3.607807560746650877e-02
3.546564288061936909e-01
-7.876520226986268858e-01
-5.421391646716925417e-01
-2.714285449899296876e-01
4.329671136603638892e-01
8.238238242317601490e-01
-3.672844716184869851e-01
1.000000000000000000e+00
1.267634198996147044e-01
8.360243796998926280e-01
2.388528940024874370e-01
1.706136213216623843e-01
-4.906153916799398385e-01
8.702652227576623822e-02
9.731080625086294678e-01
-7.053626429542261267e-01
-9.920091023572195077e-01
-9.889662351291006459e-01
2.902771146018301440e-01
6.456865404357700067e-01
-8.936079711781967916e-01
-5.588953591151106792e-01
-2.857239576166631934e-01
-1.250022450065848556e-01
8.852320070819578168e-01
-7.523249304658227166e-01
7.807031142377400812e-01
1.000000000000000000e+00
5.314414543426797533e-01
6.561343501610281681e-01
5.539362490415496998e-01
8.451647962824541116e-01
9.576474287307209510e-01
1.000000000000000000e+00
9.965382561566329400e-01
-7.954979940450901399e-01
7.993483120845731871e-02
1.008168192446884659e-01
-9.455517244727571491e-01
2.830203904688917138e-01
-4.584764835759692625e-01
5.263363694901712631e-01
8.329931379236354960e-01
8.672648935446063412e-01
-2.433021919553467194e-01
7.305453742407154172e-01
-7.762030377109423451e-01
3.143380129042899762e-02
2.415179281110517717e-01
-9.437270376381579062e-02
7.472516527224571936e-01
-2.127803138782915493e-01
-3.091013712259038648e-01
3.641083629284808665e-01
2.814177565252929947e-01
9.699287622708705481e-01
5.477188899981489945e-01
-1.776468038722236187e-01
2.384204507431317011e-01
-2.986903262704873607e-01
-1.557034125654795098e-01
-9.709268963009820563e-02
-1.838988941619569273e-01
-5.562714600406012400e-01
-1.640681841403711649e-01
3.400166645404302246e-01
5.238581319238799078e-02
5.677380132284519654e-01
1.109523397472264028e-01
8.377620535816079350e-01
9.691202042648087989e-02
-6.134697154883708148e-01
-3.484504732052849940e-01
-4.776869400124478804e-01
-4.462608869340735085e-01
2.646026352651241198e-01
1.000000000000000000e+00
7.443166537027899876e-01
2.375791670570752689e-01
-1.887831264298207024e-01
-7.611201449887989856e-01
-4.499886455093033422e-01
-6.876535370240097755e-01
1.782808502893971636e-01
6.863724255694350629e-02
-6.684577233971407129e-01
-5.319420665480180110e-01
-8.239762105525099134e-01
-8.157785126696743827e-01
5.182166232215321688e-01
7.130233323641839149e-01
-8.599516481883541230e-01
-4.730575464864137936e-01
-1.000000000000000000e+00
-9.688896686737993869e-02
8.711757105703433757e-01
-8.337356772403550220e-01
-4.831990918016032532e-01
2.181741836689017056e-01
5.880314562828733438e-01
5.812770429392009053e-01
-4.109435693772247045e-01
-4.818607769614063341e-01
-2.190914461553762071e-01
5.741482777955301264e-01
2.872052405023500787e-01
-5.333617916764310518e-01
-1.000000000000000000e+00
-1.000000000000000000e+00
-7.568192797248377568e-01
5.554152484948818858e-01
-1.000000000000000000e+00
8.791058533502099648e-01
-5.192463445848178871e-01
-9.244702144249017373e-01
-4.794688226148010046e-01
8.934472753524955735e-01
9.514748453076541379e-01
-5.482773333389390213e-01
-8.238604989693756320e-01
8.648519130746979977e-01
-8.391638141941781814e-02
7.065791913092527299e-01
7.546121943799491971e-01
3.323086310580415370e-01
-6.395611396377434144e-01
-1.864045324399816461e-01
4.901540103189188091e-01
4.730779744335532611e-01
-8.754343072837513784e-01
-6.428869979934492829e-02
