-8.707039767113045059e-02
-5.743171531498258986e-01
-9.202403631576667742e-01
6.015189173016195490e-01
1.731831112913263249e-01
1.000000000000000000e+00
-6.997195866952200527e-01
-3.567429007551045639e-02
-4.938959889933645098e-01
5.499291077674409722e-01
-3.621977858147930607e-01
4.531937071594995814e-01
1.694736768985791175e-02
-1.687360156749712625e-01
2.592728910288504274e-01
6.140364503454199818e-01
-1.627745724062282795e-01
-4.281369875532092806e-01
1.025048733429883285e-01
-3.807345340358616048e-01
-8.383748179931206357e-01
1.399159169773634415e-01
3.664080968994092302e-01
7.015159032248525772e-01
9.108759191618951423e-01
-6.219921441427018749e-01
-2.475853611792725728e-01
6.550486897944203246e-01
4.254805192170688088e-01
5.043317530126100179e-01
2.228085542779972561e-01
-1.933450557415562765e-01
4.333795755364883151e-02
-5.493859051495039170e-01
6.758071198103183796e-01
-6.927840171228704103e-01
9.261977132697889470e-01
7.344107067649625620e-01
-9.316937661408603022e-02
-1.789425808627707060e-01
1.000000000000000000e+00
6.965328528245436912e-01
5.726887270562999177e-01
-1.108059951029458506e-01
9.157922940365985642e-01
8.237495055476045103e-01
4.376123737997280605e-01
-6.451402857458183870e-01
1.000000000000000000e+00
2.308408823445848856e-01
3.085409508012952884e-01
-5.251472270223722649e-01
1.694178278156530104e-01
6.008898139398204385e-01
6.438349329583956671e-01
-3.830856342939557013e-01
-3.532485652573164603e-01
1.701449364954596422e-01
5.836280615916605852e-01
-4.279538642665032810e-01
7.803839168104595991e-01
9.673887721238012549e-01
1.697027208216628225e-03
-4.849351603613568096e-01
6.094194551810395710e-01
-5.737054945909769721e-01
-3.182588307100587821e-01
7.005333668736045682e-01
-6.947060445349684255e-01
-3.645952665759309985e-01
8.206265185521122163e-02
6.547072389327408537e-01
-7.519191966450466946e-02
-7.852643677109093501e-01
-6.222923846326489095e-01
-7.553592265761800428e-01
-9.430528093971731751e-01
5.220576018578191313e-01
-4.988038347545804552e-01
-8.067759637686227059e-01
5.127624938357887574e-01
-6.700108592009380581e-01
-5.990554588475962561e-01
-9.010349764436557107e-01
2.421673367778149066e-01
1.511705758616442297e-01
3.525499074661819776e-03
6.121606402842638683e-01
-4.826238455853195108e-01
8.257992166441731063e-01
6.531245296706784664e-01
2.597980763886325595e-01
-1.890166934990988035e-01
1.663434222919170646e-01
-9.818857379811557484e-01
6.033803212396952054e-01
4.739529216167002179e-01
2.472715536042417173e-01
4.909670890154191891e-01
9.772152515860901278e-01
1.838208205607293200e-02
-2.869020994602328178e-01
-3.933504602930461558e-01
-8.062652454395329293e-01
3.430577745460297590e-01
-7.993911496502479341e-01
-7.567684442568887171e-01
-2.070988397718275253e-01
-6.752741191724402903e-01
1.509922452871686194e-01
1.000000000000000000e+00
-8.094521414826867378e-01
-1.981391047189173804e-02
8.397729788610698298e-01
-5.243659019269375499e-01
-8.635870542989976251e-01
-3.489795726320731317e-01
-2.322152349198859100e-01
-6.641388639242000735e-01
-5.856003661956137307e-01
-4.276695440534934445e-01
1.805273324708720484e-01
5.412109766137496170e-01
5.290716184409105516e-01
1.998379364724349183e-01
-5.354589514740324407e-01
9.975703875052299718e-01
1.000000000000000000e+00
5.667934499275755211e-01
-1.397082031442700711e-01
6.305300570744578614e-01
1.546878770782682544e-01
-2.078101494637274449e-01
-6.173545959363266888e-01
-1.343667371099848684e-01
-8.349857215397958887e-01
-2.121987107699738750e-01
-6.750395550188628135e-01
-1.402463737896364471e-02
-5.017826682964525720e-01
1.510352047560739042e-01
6.202655009846257395e-01
-7.717165289309135812e-02
6.021507143825164388e-01
7.114026084544100570e-02
-6.524509459890326379e-01
8.416101160348278265e-01
-3.752105068104838459e-01
6.078711716214884042e-01
-8.446254581012526685e-01
-2.932405158680586460e-02
-7.865709341242754782e-01
-4.593350774444439621e-01
8.200882634081698708e-01
4.050096651540065484e-01
6.947844051052162184e-01
-3.171137423003820843e-01
-9.444458011504419659e-02
8.874322267048997404e-01
1.130234542350336824e-01
-7.919967500446906117e-02
-4.634549488973083720e-01
7.353443527988136053e-01
-6.127673130582711458e-02
8.374127007785072685e-01
2.905879967365940786e-01
5.743088992258600367e-01
-7.379838898225828947e-01
5.495252467277486064e-01
-7.464276339767743629e-01
6.020224857040474831e-01
1.936656609901039605e-01
6.388331650396243955e-01
4.507483248052350788e-01
5.635775974839798419e-01
4.809428265135561875e-01
-8.708415495856494104e-01
-9.688837752965375749e-01
-4.351766808702908218e-01
6.423923644532559818e-01
-4.133225792798633225e-01
7.561611593640161777e-01
-2.900425807787168631e-01
-6.759446944475321351e-01
-7.180637465220395255e-01
3.528466259902001134e-01
-6.176365703521415895e-01
2.420177935772300781e-01
5.233155800413700209e-01
3.960922403228214761e-02
4.330159839587559567e-01
-2.786385342972640400e-01
4.344016833081938422e-01
1.749314156935644071e-02
7.911736070284443034e-01
-5.277156151132986750e-01
7.055713858295074026e-01
-2.825082708576400758e-01
1.424328053447721509e-01
3.619214470068860545e-01
3.202810504332642694e-02
3.993184685387318744e-02
4.637093077872058711e-01
4.439388039117535545e-01
3.063217662595608681e-01
1.000000000000000000e+00
-4.701200065565788178e-01
-2.201026201535740134e-01
-9.366126122723228420e-01
-1.988146001682297714e-02
-3.468196032170045573e-01
5.839370894262232436e-01
6.065488392581060151e-02
4.296528006363278807e-01
6.836333540006482856e-01
-8.238325132447716914e-01
-7.873459532208251233e-01
-2.352742041524957251e-01
5.248419800235124555e-01
6.433067609691678346e-01
-4.269153272422021583e-01
6.398611700285845583e-01
4.875722636343121086e-01
-3.771686765349015480e-01
3.903758448642196122e-01
-1.158966674492099003e-01
-5.783375279594359375e-01
-4.689737163928149322e-01
1.152741133815568947e-01
2.435121395924927101e-01
1.434458815000503318e-01
-9.720252319756876869e-01
3.333514205457171475e-01
-1.657226236953048271e-01
7.772345729546883408e-01
-2.599833839362855059e-01
8.996953213999098198e-01
1.888547532863996126e-01
4.383103677764721429e-01
9.848821538640095685e-01
-5.705079312758822851e-01
-1.047674244528062903e-01
-4.805324989680185288e-01
1.000000000000000000e+00
-9.498464438358130701e-01
6.429588342868566286e-01
-1.768722180209270078e-01
9.253969744767405192e-01
9.121909150014873013e-02
6.048145058613775271e-01
-8.234293519460419430e-01
3.971283447697374624e-01
-1.546377388453412383e-01
-2.125206762438489605e-01
-8.098111439618442819e-01
-3.069663359836241057e-01
5.515372600289409899e-01
-8.838429080602976384e-01
7.442615744865588301e-02
6.972078958478231669e-01
-3.400268637714553566e-01
6.289919185480005170e-01
6.300952703534976607e-01
6.237463672730748643e-01
-5.081745729996529626e-01
