4.714973347324333819e-01
4.605338564001204560e-01
-1.012113129081935181e-01
-2.760377419984485492e-01
6.228402953097134098e-01
4.393043681256256772e-01
7.382895404283185137e-02
6.092411926738061645e-02
-6.051556412452270273e-01
1.797638767240274937e-01
2.259628882685131845e-01
-8.033868143054339050e-01
-2.328384658691744491e-01
-9.463508324230502922e-01
-6.740723727743924698e-01
2.269736216109545790e-01
-6.085699279191618682e-01
-4.306210971935693355e-01
-6.406663903591764964e-01
6.375839883411427156e-01
2.249173299759226197e-01
-8.979131470254613223e-01
9.309085634420211086e-01
-6.325771091773746413e-01
9.028785126251712700e-01
-2.149732886831170475e-01
1.745012473843614575e-01
3.482975371496122019e-01
9.858067829631471657e-01
8.763173061064737368e-01
9.555715507049411528e-02
-8.710530238930742630e-01
4.618083309083962362e-01
-1.930453405276177925e-02
3.117858084262565832e-01
9.140203036016720795e-01
-1.368042542032641418e-01
-7.684395044823555398e-01
-3.522018375495006293e-01
7.639402907053700620e-01
-9.149894724312868100e-01
1.291297244828342183e-01
9.309859155889954607e-01
6.305753714509423347e-01
-5.312182935740974443e-01
-9.450012621439185523e-01
7.400196289725837762e-01
-4.197321318733471252e-02
-9.753265710347780448e-02
7.682294062198682383e-01
-9.270730376744327206e-01
-8.545582248275087611e-01
3.178176076925338656e-01
-6.690307105119295272e-01
-3.829474994278678768e-01
-8.777653584378897200e-02
6.362906507724173100e-01
-3.681047057033450809e-01
-5.560936198008785691e-01
6.983489883448543711e-01
3.260305850014890705e-01
6.085835101830614491e-01
5.809788233933348423e-01
-3.195776020620684221e-01
5.153765769258200624e-01
6.626382160695838408e-01
-5.114215740327747728e-01
-4.699003917809414510e-01
-6.451996094622822753e-01
-5.142867312999161999e-01
4.113504823975773217e-01
8.548537159817575226e-01
-3.486539017242695770e-01
-4.002311957364266259e-01
3.917194893735622685e-01
3.626917184158133800e-01
-4.277189988560037293e-01
-2.201825088181541545e-02
-6.892943486892919580e-01
2.832293171585458236e-01
-6.543359687642029687e-01
3.786742708237247346e-01
-6.551715836880123156e-02
1.905616188941605671e-01
-3.469208069235782954e-01
1.886951639352858479e-01
4.604403916768287086e-01
-1.367105156326651194e-01
-3.958689529013523778e-01
-8.721175241188439120e-01
2.509680980189157307e-01
4.746040783406455521e-01
-7.445867700311130655e-01
-3.504404241662335551e-01
-2.826863982873986103e-01
-6.029248778837970058e-01
-6.791283446586380279e-01
7.713030433323018187e-01
2.261083699565400451e-01
-7.817886707434857918e-01
2.869500120584655978e-01
-2.983711034216403046e-01
7.037660181723424113e-01
-5.265206158293533889e-01
-4.454214960311357885e-01
1.598751961862336923e-01
6.618337606496873526e-01
4.286828559643909298e-01
5.116998385829958362e-01
-9.946672152844246995e-01
9.847144890671570838e-01
7.005066848501653176e-01
-8.520544184777845143e-01
-5.393120998059037774e-01
-6.361606250687401598e-01
-8.143216150995182812e-01
1.192835190292269587e-01
-3.120888157853696221e-02
9.851023124251556684e-01
1.627098696459903238e-01
1.981408824700379157e-01
-3.651585409272311011e-01
-4.300532112638899562e-01
3.765445642291236350e-01
5.332107389181082180e-01
-3.999880079565627522e-01
1.512121366404453049e-01
-6.746175710077526588e-01
9.354934210848098175e-01
-5.060343278935304223e-01
-7.642762705215084829e-01
-5.025654482758268315e-02
-2.624944950551046929e-01
-1.675932577257417400e-01
-1.327337212278216771e-01
-7.512697923049282966e-01
-5.472496540189041303e-01
-8.851728990791125629e-01
-6.609636334244564093e-01
2.815509905518835954e-01
-3.663982116996837846e-01
-3.532609398537717715e-01
7.092991729565438774e-01
-3.019706966949262661e-01
2.192912907823655888e-01
-9.041084720283107945e-01
3.662969046111598237e-01
-7.122005271549362027e-01
-2.028941686537855393e-01
2.830464979030112294e-01
-2.530657627131175924e-01
-1.168747096732807855e-01
5.525607075671066237e-01
-8.268270200134552050e-01
4.178817300231052467e-01
1.953560187517104918e-01
7.304664629385076990e-01
-3.758255739229992010e-01
-1.000000000000000000e+00
8.400218105233663302e-01
5.874188890580586131e-01
-2.331611760938805955e-01
-2.484813035055166708e-02
-4.484819109508739743e-01
-4.481013345157023320e-01
-3.604629058830108868e-01
9.753541311880060682e-01
7.351379649367553171e-01
3.781023010279271901e-01
5.868495191692308932e-01
-5.253418317209919142e-01
-3.032015152288385362e-01
-2.687656305476786578e-01
-2.951924449042819809e-02
6.050314721700020826e-01
1.203019562872174042e-01
-2.583523512385321741e-01
7.559432577687947852e-01
9.392505045909282924e-01
-9.729320343378000668e-01
-9.787163724428959988e-01
-1.689348787988089740e-01
5.608379685581836860e-01
8.310972605480098085e-01
-2.516623091121270583e-01
8.497108133140320874e-01
-9.328081507144054818e-01
3.985627674485772154e-01
-4.531627712446510969e-01
-2.984709761153667706e-01
-6.849977755978347016e-01
-6.059757365373574789e-01
3.454708384896274520e-01
-8.522442858759826656e-02
5.626107684390682095e-01
-6.574699788744615692e-01
-5.343573890064234888e-02
-7.338013195323078719e-01
4.645800781871545215e-01
4.827688769096085686e-01
-4.095876985616644372e-01
8.127367872447315289e-01
7.094950129746568912e-01
1.280155316297522106e-01
2.904266879931927114e-02
-4.860157844427801521e-01
-1.967918188308548366e-03
1.787249098960237426e-01
-7.326893083089978109e-01
4.617697887333642726e-01
9.045994330446254228e-01
-7.037017466482753392e-01
9.410107445226474354e-01
-1.229681175627495016e-01
-9.466086433618432494e-01
1.433378937867835212e-01
6.453489930406455244e-01
1.575791459446620468e-01
5.172517950974697687e-01
7.951080342530811862e-01
-7.964375655432220924e-02
-9.304808751138469169e-01
-8.839087493044441857e-01
6.123432083940028026e-01
2.303435625270204845e-01
-3.176491163485259950e-01
-2.625935226005811085e-01
6.148608544564866385e-01
-4.932012587111509472e-01
9.586773991900119363e-01
3.492490698733197174e-01
5.967647185181110814e-01
6.908424804153607823e-01
-6.975171419438483955e-01
-8.326093189520291649e-01
-9.991908612190063543e-01
-1.834865423651668159e-01
7.231204623264084752e-01
-2.989163378987722552e-01
8.341464154176543300e-01
2.666753624362003805e-01
-4.170135103305263602e-01
2.582763752222043685e-01
2.093541464844355104e-01
2.271617874343003773e-01
-5.052891599152977697e-01
9.667127727950419747e-01
-1.129796949222570124e-01
7.906486774548977525e-01
5.749556992195294924e-01
-8.253609466917386506e-01
6.935800699067224961e-01
6.907284170298710890e-01
-4.597777550544581704e-01
-3.793028047063227159e-01
8.186278382487028882e-01
-1.007184388363209226e-01
7.360431622444494337e-01
-6.866714121629673429e-01
2.329739001903781137e-01
-9.872831892600086867e-02
7.231666744347782227e-01
8.331944790800718259e-01
9.758848533231481159e-01
8.570868576771686342e-01
