-1.000000000000000000e+00
-5.042373349441282571e-01
3.033737754344993376e-01
8.385711658786609846e-01
1.125774300036041509e-01
-6.840633649435952091e-01
-6.934663225495452110e-01
9.189580566862358690e-01
-9.263730686982489804e-01
-7.161819246741683020e-01
-5.512761562759329603e-01
5.345084698987672134e-01
2.791676070792776798e-01
9.679105092122939347e-01
-7.900747593244212830e-01
-5.901804201723903631e-01
-2.850497204608736235e-01
2.836292829118445269e-01
-4.517405698594062491e-02
7.508726918799479844e-01
3.093441768027593852e-01
-7.102338340608798095e-01
-8.650063875773328359e-01
9.164363489463558388e-01
4.649320144346875683e-01
-9.280805263961533491e-02
6.748388415127906104e-01
2.285591495302567999e-01
2.270885423966844119e-01
2.101246121310428316e-01
5.635797921420460099e-01
-5.253854412984355626e-01
5.026881885300076291e-01
-2.275112681533635328e-01
2.881795887965150627e-01
7.153147462102733556e-01
9.512067066226852496e-01
-6.629048454577215477e-01
4.799517827286825522e-01
-5.205044951728023950e-01
-5.887377514729017491e-01
1.472863666235890712e-01
1.685916996072005514e-01
3.480630905841961553e-01
1.925695906247759659e-02
-2.001869183002717989e-01
7.584641165554713016e-01
-4.177174586911487353e-01
-8.157282436539674553e-01
-8.292066282359951135e-01
5.176344397796379670e-01
-3.428951385099556770e-01
2.486908063501147570e-01
-5.296318581678443049e-01
4.688226456268929088e-01
1.685350085818591026e-01
7.454135849925189738e-01
1.987049076476932186e-01
-4.702919337636302100e-02
3.747051667852518975e-01
4.307417265652875304e-01
1.131922546228576465e-01
7.288447543811329421e-01
9.104203890842907931e-01
1.458462710499297543e-01
5.631687391945070509e-01
-3.081052677494298120e-01
3.618549359632388107e-01
-4.267748611661081881e-02
-9.350164577314590275e-01
-4.294481155897700297e-01
1.849115025190821715e-01
-4.034753556625041426e-01
-3.173962385052620516e-01
-2.853435362141161225e-01
1.596758290280851922e-01
-9.303935880366485112e-01
-5.023130883850925876e-01
-3.659799114516539831e-01
7.930669737278769338e-01
-7.933950759156604970e-01
8.871328045542683505e-01
7.504045541284436460e-01
-4.481900803683958046e-02
1.296704502550874438e-01
-7.146327709943123274e-02
-5.329797968938416730e-01
-4.171101294423678052e-01
1.537667636564650220e-01
2.469293254570643636e-01
4.463862239467477622e-01
1.241891847552372141e-01
-4.696839837035697851e-01
5.977702370449300417e-01
8.308490617198487360e-01
8.662238504625301427e-01
-3.205320429886155953e-01
8.447386525575433236e-01
8.387207235941902539e-01
-8.781420272728999166e-01
-2.311110767367139385e-01
3.259300331098282655e-01
-6.814621936837974570e-01
-4.282108815218865772e-01
7.730751020674535567e-01
-2.990896137096146212e-01
9.652769381475156951e-01
-7.258630210094243473e-01
-5.059460390930430318e-01
7.462762976407972815e-01
-1.249613963568458885e-01
-8.967871580819921640e-01
6.779970128459786860e-01
-5.801683974330906768e-01
-5.892561199864230215e-01
5.880611750276443228e-01
1.739492814607312976e-01
-7.417671676410706461e-01
-1.005685937079818792e-01
-1.521596230519137727e-01
-1.064293210233326903e-01
6.691888564036991838e-01
7.748546830697404797e-01
-4.051591744799944994e-01
1.221788683425535371e-01
9.094896015226092700e-01
2.737738271839122994e-01
2.016854418644244973e-01
-3.300883607743596571e-01
1.864594449405689858e-01
-7.532956224590539041e-01
2.135499042748945087e-02
9.561207180030868447e-01
3.921776399110230571e-01
4.331419063824435423e-01
-4.996264387174158550e-01
-2.270989500680919981e-01
-4.814909558814917112e-01
4.164287939903821290e-01
-5.995535255522705942e-01
-9.104386592531235056e-01
-7.216190094138008604e-01
-6.913066336911368737e-01
9.997931775228710016e-01
-2.040333619521588204e-01
-7.543787941361888016e-01
2.578046240920219834e-01
-2.656405798515220074e-01
-5.427604244383161802e-01
7.883834466395294172e-01
7.442538104997320492e-01
-9.898442757633236777e-01
6.842467868380037732e-01
3.616964091970362727e-01
1.386515661062124316e-01
6.044041015696508534e-01
5.354261262694488543e-01
-6.652562908822796661e-01
8.119385205622187129e-02
5.688384988088532879e-01
-7.832898711125386715e-01
4.541328572026981369e-01
5.453576500402135263e-01
3.385365504681199234e-01
2.715773208405212191e-01
9.246172333773294838e-01
-9.800153149221908500e-01
6.041665145966650385e-01
-1.844128016292001515e-01
-1.151206450369914869e-01
4.789345696153439746e-01
8.237215355558966667e-01
6.607997293369698433e-01
9.226410907860063126e-01
-8.487263970785883238e-01
-4.181114706932373970e-01
-7.431837625778114909e-01
7.778207467353184246e-01
-1.056837790960465373e-01
3.495382760750289641e-01
8.677595214098050569e-01
-2.340789274279833077e-01
9.493230145778890350e-01
6.434516856987693156e-01
-3.088116384584367324e-01
3.115858084038676257e-01
6.038110683477795337e-01
1.000000000000000000e+00
2.091551102404582974e-01
5.689018686039102324e-01
-2.680923224821498696e-01
2.493785952235774150e-01
7.034755877143141767e-01
-3.130715221986719587e-01
-3.026174732113779964e-01
2.763037864724899872e-01
-2.068870367721449277e-01
3.230703996657027233e-01
-9.246474590027875529e-01
-3.613562985661323279e-01
-5.703813221747964235e-01
-6.236991042532717966e-01
-9.908311361330741640e-01
1.109213069719614531e-01
3.418411068185577273e-01
3.952368044764391630e-01
-1.029408822437913873e-01
-5.147172052633999240e-01
-8.239424356118796311e-03
1.140731593398045529e-01
4.537282223756518018e-01
-2.859539566468745075e-01
5.050378155731418683e-01
-2.488264431836197943e-01
-8.480863301507512997e-01
-2.680569234739393902e-01
6.763809376860145939e-01
-8.477294200203253638e-01
-7.221194805201121003e-01
4.656720526430246920e-01
9.876581233687273809e-01
1.386873638156558286e-01
5.404280611733236483e-01
-6.236585866906867448e-01
2.229941032210049912e-01
-8.547379943837358773e-01
-8.527823860156129587e-01
-9.804340204284411886e-01
-6.880798327931387792e-01
-7.069607714474743787e-01
-4.429517273182266290e-01
-2.252061877316764438e-01
1.000000000000000000e+00
6.966624179660316774e-01
-2.339037284212031054e-01
-5.730731429699646995e-01
9.012142826245894689e-02
-6.111592532729246408e-01
-5.405426876349144205e-01
2.653910880749115186e-01
5.107891609507779762e-01
-1.798277723268085770e-01
4.788589935507321371e-01
9.654658472492432253e-01
9.504885487626444363e-01
-5.731363724050089203e-01
-4.498540368073016271e-01
2.738125719217838760e-01
9.802472492836362683e-01
-4.656251320220661238e-01
4.873435551280103084e-02
-2.793241406390145620e-02
-9.011596357498734555e-01
3.798550735508636200e-01
-4.726597688732454561e-01
-4.443580745655570929e-01
-5.738166932940054199e-01
4.316770823725124551e-01
1.780460596154664898e-01
-6.519506267548564882e-01
1.046990452943104000e-01
-6.152510892407960785e-01
5.116177056539772394e-01
1.705686460969373375e-01
2.339895556738245119e-01
