-4.214169547140483862e-01
5.981195440012565534e-01
-3.680893121591493067e-01
4.992679946903100241e-01
6.722927309507378268e-01
6.550857114642105739e-01
-2.882266831644416660e-01
5.961304018812116912e-01
-3.548094210362271461e-01
9.021457366493930152e-01
3.262910975632782318e-01
-3.189619859791497092e-01
-5.995020645485451549e-01
2.523031248271544458e-01
7.396056112947602124e-02
7.768630107303599042e-01
-3.073669453648369965e-01
-3.319067210876158747e-01
4.804297608249110674e-01
-2.452579604263349644e-02
-2.535382741897597436e-02
-5.879994421479546318e-01
-2.300368264004974961e-01
9.971519257249283896e-02
3.090642583478502292e-01
-9.437468421635710758e-01
5.989246101297760472e-01
-2.841725179208043350e-02
-3.976251482296899731e-02
1.871234791940490361e-02
-5.944113990152821714e-04
-5.746705198243601959e-02
9.027503449111492495e-01
4.224814016306751574e-01
-6.649837885338338861e-01
5.809479237132575413e-02
-1.630141923132948367e-01
7.857217812668233492e-01
1.796817207187946241e-01
-7.837825936837432561e-01
-6.610121571000032725e-01
2.352611334078513750e-01
8.521426023284994766e-02
5.769971200283403601e-01
-7.216058104786942096e-01
-9.064319931323978619e-01
3.172346964662886570e-02
-7.296174080376807147e-01
-2.221115050800586133e-01
7.878026450402741965e-01
-9.520683520449502169e-01
7.175834385741031163e-01
9.498760251396445309e-01
-2.553295005333742207e-01
-8.768958899909207183e-01
3.145128073036800309e-01
-7.169360498337065124e-01
-9.186866981578498681e-01
-8.295421514698145260e-02
1.077219403221798544e-01
-3.550329945804997500e-02
5.724921232089701384e-01
9.229984083899803737e-01
-1.918624226649494613e-01
3.923313768495322318e-01
-8.988901520409392498e-01
4.924213196069704424e-01
6.062252599071767944e-01
-4.599947435462103940e-02
7.009872361239195548e-01
-5.218968658314554476e-01
4.323292837764529661e-01
1.398948541597455630e-02
-6.735069583912862701e-01
8.719219077490811820e-01
3.234401939590207942e-01
-9.154746183123714243e-01
-4.263380563402798806e-01
3.931058723724507598e-01
3.358010512809154191e-01
-8.361488143781643512e-01
-7.089757235825500103e-02
5.397505497278753950e-02
-7.555196969151143360e-01
9.249801789183065281e-01
8.091667990213912143e-01
1.000000000000000000e+00
1.222478973822717363e-02
-7.263617436210396683e-01
4.537336538550351683e-02
-7.543392055825015596e-01
5.630029268969167777e-01
1.408873938818466787e-01
-5.187516565972321025e-01
-5.491534170948964011e-02
-8.328189183194443235e-01
6.108362939269482705e-01
4.193411760236331887e-02
1.870926547202917956e-01
-7.361581758739814685e-01
4.205523439913816386e-01
1.527643077874599187e-01
-5.136468973257537485e-01
-2.564550261881783921e-01
-9.765138164330371406e-01
-2.643865872991186805e-01
3.676663505572062007e-01
5.010938924645587100e-01
2.234740070740988127e-01
3.566464868367535956e-02
5.562270310866937462e-02
5.135440855560545748e-01
-7.745869061389878407e-01
-8.870476598682230929e-03
4.614554299598422338e-01
-1.534238860309127539e-01
8.036210835935349017e-01
-2.675727983501796636e-02
-7.795358464765544948e-01
3.158152352799841189e-01
3.142933859093803850e-01
4.779524505783006028e-02
-2.415357480975581506e-01
3.024274270172465640e-01
-9.369268951150027114e-01
1.180283701456399520e-01
6.660313385215969051e-01
9.117537615908608561e-01
-3.534566482834833323e-01
-1.698891022233930403e-01
1.000000000000000000e+00
-4.661045505019756341e-01
-4.749864074145895287e-01
-8.766052317640005143e-01
8.517022299213117265e-02
-5.342593473485596212e-01
-4.572945619203376277e-01
-7.177052378900001806e-01
2.523829175518326196e-01
-2.892270549718389816e-01
-7.279264409619872200e-01
-3.144510176536914337e-01
5.593753821034758156e-01
6.055903149718886436e-01
8.809952885954248636e-01
-3.910562128434984519e-01
-6.048360628270897932e-01
1.881464897721080720e-01
7.286436349244311828e-01
9.942762063011971740e-01
5.758497719649156021e-01
-3.527084181468662649e-01
-3.496338129342559942e-01
-3.336249638768653547e-01
8.208977167100663941e-01
1.365893634651284272e-02
-7.430232897491937383e-01
-2.993552780126669255e-01
-4.552590718708440787e-02
1.703331516977362181e-01
-8.229085374619773408e-01
-7.316992615844442049e-01
5.969893828392176527e-01
3.110512644977758701e-01
-4.087276907864005882e-01
4.555488451380356185e-01
-1.108808061299093595e-01
-5.956722401761502805e-01
-2.308272523430097978e-01
-9.693077403366880951e-01
-1.588802731512144184e-01
4.232713823943603515e-01
4.129146083671537681e-01
-7.970147794189303969e-01
4.384741105029168473e-01
-8.897161056515989763e-02
-1.609285662144358808e-01
-7.228263401037132718e-01
8.175932349031707069e-01
-3.259076011905833736e-01
4.264637299037510321e-01
1.000000000000000000e+00
2.874853413759575482e-01
7.624473201587490534e-01
3.911597055919122656e-01
-7.722438399750888305e-01
5.005289318732546455e-01
4.884432196212245003e-01
5.268652766655170794e-01
1.909660562156036967e-01
-3.589616974393176063e-01
5.499784949740007534e-01
6.665250687628421211e-01
-2.804148458393531107e-01
-5.185896084474181933e-01
8.963408487136774738e-01
-8.900435861800055637e-01
-7.952760890465007115e-01
-1.000000000000000000e+00
9.805749221804060944e-01
2.305711815018221533e-02
1.000000000000000000e+00
-2.535980198309563671e-01
-1.218510085373928492e-01
9.190768931677559817e-01
7.280905066296328165e-02
1.617604276118473905e-01
-4.905087396144822698e-01
-9.461358039786522678e-01
-4.380465638644244208e-01
-6.263545037199604870e-01
-5.358410898717298476e-01
-1.122849265861767531e-01
1.295707355360251611e-01
3.439943734663433172e-01
6.513274531197943418e-01
1.928591221300148262e-01
9.649507545253355190e-01
-4.494101396147763827e-01
4.833800357892257260e-01
4.109451959897179041e-01
-1.000000000000000000e+00
-2.622906923711055271e-01
1.693587089579643989e-01
9.103841965245544898e-01
5.010934843100232211e-02
8.637389702789728674e-02
1.755113467421645090e-01
4.020359280203049668e-01
5.744825684212939709e-01
3.200984455373772075e-01
-5.817806601399166944e-01
-7.305141828127699188e-01
7.202788255073334645e-01
-5.112052777787676749e-01
-1.117420280137413346e-01
1.516045783579521855e-01
2.160470562874733935e-01
-2.197904497458742501e-01
-3.918271418327751165e-01
7.506499821761332125e-01
5.906048291313361620e-01
9.100259602316056462e-01
7.723564215849194614e-01
5.706712789678594078e-01
-8.751487331854779228e-01
-4.898017378619303752e-01
-2.989088513703538341e-01
-1.768938650695133230e-01
-1.894866713709157935e-01
-3.975305885785557214e-01
-8.043481350881676040e-01
7.224521549547200383e-01
6.142580130036363606e-01
7.757970155703677317e-01
-5.168301066149811884e-01
6.505843178032008067e-01
7.473356977794359812e-01
8.229970928713618017e-01
6.132129730795423672e-01
5.175552124368419937e-01
-8.288911398974214695e-01
-9.939548215604722403e-02
1.000000000000000000e+00
-6.744593180428266610e-01
