5.415149113102395440e-01
-2.652380881064101414e-01
-1.528516839887240353e-01
7.200659666878594933e-01
-8.169168894196289221e-01
-8.995395288751404372e-01
4.167009295418343529e-01
7.568543735862083288e-01
7.247379206053399248e-01
6.949687754630440306e-01
-6.203633055866480950e-01
9.098624632844128923e-01
-5.578106146472023852e-01
9.401223666955785818e-01
6.803339511326368383e-01
-1.576903903832996001e-01
-5.504370174806992866e-01
-2.840044805075594425e-01
-5.861234225347300431e-02
-2.814209061503872983e-02
-6.208285718401718167e-01
-2.620178913915025554e-01
7.821258557044704629e-01
9.872048297978930353e-01
3.531475319535644086e-01
3.975594349597328381e-01
4.090854323933175163e-01
-2.557363474952245586e-01
1.616883993843011291e-01
5.447792956181618518e-01
2.693191666068611712e-01
6.630841729722185551e-01
7.052042206922831680e-01
3.741443425046233617e-01
8.682787718375705177e-01
6.326229696571258332e-01
8.640856366643012709e-01
-1.430157324729576240e-01
-5.273712938581280874e-01
-6.554476480143485162e-01
-8.221954519337349998e-01
6.789894587254884373e-01
8.586652949349374286e-02
-6.961959445590013007e-02
-2.018964708462618052e-01
-7.847078301304116765e-01
6.470134151961122182e-01
-7.536251252765590047e-01
-6.825175325794068382e-01
7.821000531336130823e-01
5.045431094236589864e-01
-2.993818409361632127e-01
9.482375331789086870e-01
-3.080871723125222506e-01
8.041794221770048878e-02
8.143618055360428709e-01
-2.852820870537995379e-01
1.969308413103652566e-01
7.554228986613924501e-01
-3.395252661712402364e-01
5.381075411869460368e-01
-3.685255879761905606e-01
7.789582827837814305e-01
-5.792509713234110791e-01
-1.194852610782419847e-02
3.269434976889628586e-01
2.590330965057741075e-01
2.671843281488617827e-01
8.765404562546820211e-01
-5.755051838009475063e-01
-2.546464104390079308e-01
-1.000000000000000000e+00
5.495077413523780097e-02
-2.323253840786581037e-01
-8.831986333732794181e-01
4.515380698969402307e-01
-6.481417893238958783e-01
-8.812713802881166902e-02
3.670309063514430870e-01
-6.558703803871015481e-01
4.490857736215395635e-01
-1.000000000000000000e+00
-4.709755094850091584e-01
-8.220782289950369082e-01
7.189064669882777592e-01
7.917486892605545279e-01
8.035242578227177468e-01
5.126542576174420995e-01
-8.107100144130736652e-01
-4.230489827489414267e-03
3.182657485369517203e-01
6.956987825006883952e-01
-3.955267766170836308e-02
-2.697990204010818904e-01
-5.919628766888687110e-01
-7.479075075259009608e-01
7.189627584354916223e-01
4.243841252234589190e-01
2.008231487269203919e-01
-6.770500123365006395e-01
-4.617981965302265374e-02
-6.372461940314207984e-01
4.788103841825980256e-01
8.012897826719951322e-01
8.374378105089134161e-01
4.133107473348557326e-01
-1.289742361242834645e-01
9.266821981740012149e-01
1.402245510967607134e-01
3.013934398454449770e-01
5.559282195379383618e-01
-7.271972347269086701e-01
8.811555735905598485e-01
1.199778028642397021e-01
8.778315597648289614e-01
4.074698326926902148e-01
7.852520241655367439e-01
-3.556221595033038502e-02
1.510105929561190163e-01
9.484893678465125544e-03
9.192809093257763298e-01
5.124649086119221347e-02
-2.792875223550432273e-01
-7.232871143047554519e-01
1.000000000000000000e+00
4.405949974343059683e-01
-1.949791764748706746e-01
-9.540237507667705952e-01
-6.904975108902199343e-01
-4.479910643289161110e-01
4.011835558628760179e-01
-1.616457751265798493e-02
1.000000000000000000e+00
-9.518805022072021060e-01
7.713845715137561676e-01
-5.353027989636454098e-01
4.328586243691981972e-01
2.065943158247478539e-01
-7.572336136488702074e-01
-5.089264863063847066e-01
-5.077547199406857725e-01
4.763917482169852669e-01
5.664519165903807441e-01
-8.748075411436202486e-01
4.788800240733610547e-01
-6.854123366217521607e-01
-7.783320464999585742e-01
-9.159633354256062343e-02
9.998391013063577526e-02
4.256509426307175659e-02
2.441139587881574480e-01
7.459344971457982920e-01
-4.511722915367943898e-03
-2.509018569021146394e-01
-5.324601141172422558e-01
-2.938811931262175214e-02
3.487551255689086416e-01
9.558462468307701299e-01
3.495181230285233642e-01
-6.800891760445872958e-01
4.783861899890378133e-01
7.420376897978112063e-02
-1.988301208330198744e-01
-1.164838309522010090e-01
8.252733934799570958e-01
-4.033787190523472344e-01
1.102193079784301588e-01
3.336475522430194518e-01
1.665053280698598481e-01
3.621848203322264315e-01
-9.763997495646739022e-01
-7.860403737829497750e-01
7.094821659218197851e-02
2.756456338970325604e-01
-9.277157519047330991e-01
-2.804055400289937605e-01
7.924147657907842923e-02
-3.873239723170662785e-01
2.758449262134916591e-01
7.973906928090868096e-01
7.535833292334908062e-01
2.751005376396811197e-01
-6.202886539891383499e-01
1.154083404990283168e-02
2.886207100424063587e-01
4.049905717432186192e-01
-9.392044325551360817e-01
-7.273681477456259703e-01
-7.056618219531031189e-01
-6.386965480678130636e-01
-9.313269791150968757e-01
2.467768621471746471e-01
6.336006766070076957e-01
-2.338809414168936118e-01
4.620441496034594087e-01
-7.418583302154608816e-01
-3.845255589718710176e-01
3.065488245150815860e-01
4.488189583694680573e-01
-1.983348559439677139e-01
7.208708250094455483e-01
5.586786098489142649e-01
4.353687175820851740e-01
6.415581846249430731e-01
-7.035719391829148295e-01
3.436316952552936899e-01
5.892672211561403861e-01
3.988100310152741246e-01
-7.813699646875773563e-01
3.726866521502997798e-01
-3.162190533992388364e-01
1.408817177884761351e-01
-5.371858405414526860e-01
4.341534638948790770e-01
-8.814540398408936550e-01
6.908970364081906679e-02
-1.440557779416646589e-01
2.953789672660598331e-01
8.182550160963760755e-01
-6.622534416314107553e-01
9.346729817624624959e-01
9.192891316868774254e-01
8.830247338050531969e-01
5.767229431967137998e-01
-4.347430251629701425e-01
-9.365225371741299210e-01
-6.632433277845189989e-01
-8.132961326279275482e-01
-6.101455227970256079e-01
7.286827329798550856e-02
7.451108403740973607e-01
8.501586129853918594e-01
1.000000000000000000e+00
-8.737800238266938413e-01
2.532423249338870974e-01
1.222393727411180686e-02
1.890086876944950811e-01
2.012726568692748894e-02
-6.844955785925213587e-02
1.160024726972800485e-01
7.386257952331889420e-01
-6.469815253083386342e-01
2.512771872736164758e-01
1.738140081173718543e-01
1.091923752535279429e-01
-6.121324731738609914e-01
-4.723671628867653904e-01
-7.465165292039737110e-01
8.715180898773443596e-01
6.097385782923416819e-01
-6.674739640330715762e-01
6.543992240294198570e-01
8.520753948863369898e-01
5.784838854666437546e-01
3.280181561991279970e-02
6.817570997132735844e-01
3.662760578783791354e-01
1.064615755958857185e-01
1.398286840097522354e-01
3.332653642797162585e-01
8.784433387332943877e-01
1.916379862766311171e-02
5.547206896160087330e-01
8.292691539311347615e-01
-2.582944744119328728e-01
