-1.000000000000000000e+00
-3.697929439098397997e-01
-6.554690024488406541e-01
1.000000000000000000e+00
3.719135630487626631e-01
7.090844031032275119e-01
-7.409166719684348035e-01
-6.639928305182868362e-01
5.833047377777288434e-01
2.863560000999818556e-01
-3.952443555574368383e-02
-1.000000000000000000e+00
5.659229678549685394e-01
1.164349757124143458e-01
-7.652393717832756126e-01
1.710659502141563260e-01
-7.493389235837637496e-01
9.432928202501629222e-01
4.671072735133656173e-01
1.100529252576423755e-01
2.611610186167397374e-01
-3.092731074176512940e-01
-8.561691859287396955e-01
2.845272491832251394e-01
3.527877510406592920e-01
-7.202305183166617386e-01
1.979153546356025029e-01
1.520321359015603946e-01
5.004535064650589282e-01
-6.664053035525734359e-01
8.616610119440224480e-01
9.682751494935332159e-01
9.890849243184411943e-01
6.054150016642310117e-01
3.459975538617239277e-01
1.551085942237635101e-02
3.662572240111446886e-01
3.127881142780373214e-01
-3.947001913015293906e-02
-1.273652186524705243e-01
9.324391514526290115e-01
5.457137161954328519e-01
5.285428273381992392e-01
-5.096397856015588701e-01
-9.476374061370687052e-01
-1.524157123748649534e-01
6.183131439095326254e-01
-9.264787227780846290e-01
-4.023588194284047348e-01
-2.572309464757090436e-01
1.817286833059705287e-01
-2.206007396380861296e-01
7.726563011847811246e-01
-9.861517692288371828e-01
-6.087071995204514918e-01
9.681937715077770790e-01
-4.970432757853493477e-01
6.767280986749194538e-01
4.833913995937607622e-01
6.493207242914144084e-01
6.758152185043287963e-01
6.889575221831417684e-02
2.330026913737023309e-01
-7.106295423219819440e-01
-6.779142487411151663e-01
-4.938815991650811754e-01
2.703904123531576387e-01
9.271719450046478350e-01
-5.446310862884677917e-01
-4.591979209998520162e-01
7.685724041253966243e-02
7.189422020127942403e-01
2.536198812884433718e-01
4.698115563171989528e-01
-8.597272714414048167e-01
-3.590940850887512359e-01
-9.841211578557021999e-01
5.777135499362122673e-01
7.626926670180800283e-01
9.278123539765037453e-01
8.080120048779311226e-01
-3.313675139488114763e-01
5.922781995246355624e-01
1.220495168287784038e-01
8.080546732068434324e-01
2.856142045135567908e-01
2.053523559131232856e-01
2.365984297526838032e-02
-5.584431682618546944e-01
-9.592630720675722200e-01
-2.795174426592185180e-01
5.907944178361191900e-01
3.171977057398208677e-01
-3.982808017248598009e-01
-2.563456187833768607e-01
3.940105055786660149e-01
2.509856100514917809e-01
-2.790501385977945947e-01
4.382408396823977981e-02
-1.504807566397030616e-01
6.234501915474326417e-01
-1.994069194783272547e-01
-7.658147361206754100e-01
-5.700691629841950769e-01
-2.952909051707117150e-01
6.174076741455836181e-01
7.737117920786223957e-02
-1.279756336867136912e-01
3.628300222744758052e-01
-3.318319725567305811e-01
6.556367798814999315e-01
-9.307782078395553382e-01
8.677778190289150428e-01
-3.787798709311728240e-01
8.647275483300457255e-01
-5.179673910731548148e-01
-1.047441305901906095e-01
-6.623212309414632237e-01
6.979733576485939173e-01
-8.752129510005189905e-01
5.162816006583872408e-01
-8.210398326670798053e-01
-7.262381268275701629e-01
-7.590094209799047587e-01
7.581625485180767399e-01
7.948525514128861325e-01
-8.128015433592921113e-01
5.956162589647884253e-01
9.744315253015619627e-01
-1.000000000000000000e+00
6.308606538378636053e-01
9.525064664377211887e-01
-3.954955705444028746e-01
2.089986696164836122e-02
-2.409976223611795532e-01
6.737339327744609196e-01
1.644490395066384447e-01
-1.000000000000000000e+00
-2.187369767273430465e-01
9.487753305276055427e-01
3.397475128879651196e-02
-2.743863711625031399e-01
2.342453373244135495e-01
4.527054487201603306e-01
4.936100760014607292e-01
6.829726595272190837e-01
3.877769379339488509e-01
1.636475403260670980e-01
4.656310280898876552e-01
3.094454458211869929e-01
7.486777791795717896e-02
-2.387806903148600168e-01
7.289586013661459862e-01
6.207501073123996571e-01
-5.212037232921038488e-01
-1.036112648001230596e-01
6.957907720378985195e-01
6.351720582323731046e-01
-5.566237021066229307e-01
-2.040964022397359079e-01
6.309454699755964180e-01
9.799955529800730147e-02
-5.920447718038983620e-01
-8.866057704724927824e-01
-3.906508984005757634e-01
6.842165801691477700e-01
8.940068742274052960e-02
-1.000000000000000000e+00
-6.520675937600094174e-02
2.832254366359561182e-01
9.069041357310070328e-01
6.328481429202467146e-01
5.026121684765522124e-01
4.308275041451160026e-01
2.086457156543392033e-01
-4.649015980408273685e-01
-3.326090248903924573e-01
1.583878140028557868e-01
5.055740128117329757e-01
2.013485466879225139e-02
5.490262731481279079e-01
5.618960844573350766e-01
5.957663266672356961e-02
1.000000000000000000e+00
2.408379963871811469e-01
-7.924336880240608894e-01
-8.448352415372608615e-01
3.961700204107428958e-01
-3.188715800247732268e-01
-1.000000000000000000e+00
-6.986375310466411692e-01
-8.386139648118046130e-01
-5.195421757603595481e-01
-9.510330627086223121e-01
-7.826743219388959671e-01
-9.467280588116646634e-01
2.403372388470956800e-01
1.000094256803610304e-02
-7.898372486168748763e-01
-7.774970921699476678e-01
-3.535361377792453630e-01
6.703594255904236077e-01
6.338701255519120226e-01
1.698468443536589600e-02
-1.446584337771220086e-01
-5.419350851455306817e-02
7.172650564555915764e-01
-7.125884540213967000e-01
-8.694012908275134954e-01
3.941021846120955630e-01
-3.467456814532754450e-03
-8.694457705985403351e-01
-4.772546785255549207e-01
1.880214870406232974e-01
-2.077267658464200528e-02
-1.000000000000000000e+00
3.371309970198564931e-01
8.543601106299441028e-01
3.516244998987572146e-01
8.583789193401976103e-01
-5.046508612574891472e-01
-5.085711233537254516e-01
-7.302259345954172920e-01
5.647902119320179493e-01
-4.906109273865855158e-01
1.039447190429755030e-01
1.054450314979835934e-01
6.220951228001572186e-01
4.928509115647761174e-01
-3.726984835616768965e-01
-9.807993223226416646e-01
-9.101051732225931001e-01
4.636631081227249318e-01
7.375066695225138691e-01
7.226205795796269982e-02
-7.090235122480292862e-01
-5.297886610286566267e-01
8.330604504208105610e-01
2.351877787329756941e-01
1.000000000000000000e+00
7.890520334401273095e-01
-2.557381936195273209e-01
-1.290452727696967672e-01
-3.237976367721899784e-01
-7.706805452303133741e-01
-6.815191761160435124e-01
-7.588283129444834962e-01
-5.863429860954538775e-02
6.865796098254086655e-01
3.616852521470862447e-01
-8.454062071624416363e-01
-2.910722759851196995e-01
8.826425863951764539e-01
-8.282451001999737716e-01
-1.430664422381877632e-01
6.696412626501717646e-01
-1.000000000000000000e+00
-2.346702934078526148e-02
-1.520303951209567572e-01
-4.056676215562999288e-01
7.733585997513956478e-01
7.792839260063471052e-01
7.264651333723115556e-01
5.104311236693285236e-01
-8.300846396126203564e-01
