-5.729285540397167642e-01
-4.521951540365685696e-01
4.160217581516703067e-01
-5.540818668001602498e-01
6.133705784225765845e-01
3.055193139522981993e-01
4.487340185095669565e-01
6.510834493096083753e-01
5.698682552020789549e-01
-2.223581586691729672e-01
-9.061661882185916006e-02
-1.349185085304777376e-01
-4.845994517468285578e-01
-1.412527667530825981e-01
8.231905833787150906e-02
2.543576073811145699e-01
2.987373229630360671e-01
5.838421580131611943e-01
4.587005235419944760e-01
4.592407897872517464e-01
1.682135512427970769e-01
-8.637682903949506219e-02
5.691759206496553869e-01
1.000000000000000000e+00
8.224256818762702981e-01
5.159857507358907025e-01
-1.000000000000000000e+00
-1.000000000000000000e+00
-1.000000000000000000e+00
-3.921259566511954842e-01
-2.301297502817208906e-01
-1.000000000000000000e+00
3.602821151970088120e-01
5.973678180825370276e-01
-8.375792934406159351e-02
7.025789547257005330e-01
-5.655566254139376969e-01
-1.000000000000000000e+00
5.761959801017103588e-01
5.517779838440058926e-01
1.000000000000000000e+00
-3.661555350201178838e-01
-7.729603096932035067e-01
-4.335204713685825162e-01
-4.083770237921967305e-02
2.064943489716458691e-02
-1.040845485768801537e-02
-5.505000232884991185e-01
-9.933240523064949812e-02
-5.614081284527132620e-01
1.952321763937275856e-01
5.682938681536688907e-01
-4.092924562526867316e-02
-8.578609409797494090e-02
8.188723894716654073e-01
9.954905553463690993e-01
3.864514238986288541e-01
2.671407184465091622e-01
-1.015638192383778171e-01
-8.403887932328671928e-01
8.970634708398975699e-01
5.244007971541798652e-01
-1.000000000000000000e+00
-7.735575389443629657e-01
7.322088964416779699e-01
-1.000000000000000000e+00
2.428206605498854920e-01
-1.969247977852486009e-01
6.064717152261627220e-01
-8.107933394271022998e-01
-6.964160827951051402e-01
1.447475421413834673e-01
-9.347777865417021825e-01
6.963256326371181082e-03
9.870209053680527589e-01
4.113420735989919974e-01
3.455577403867142183e-01
7.077162250849051706e-01
-3.502280312189887113e-01
4.902008560761608180e-01
-3.145755503961273902e-01
8.724490907711005550e-01
8.964732131896266942e-01
1.052873732565724474e-01
-8.038310377680328855e-01
-7.562551811768276622e-01
1.000000000000000000e+00
8.093893650030828946e-01
-4.447599218303659452e-01
-3.259423994855857876e-01
-1.056741241653757907e-01
-1.106794512396419017e-01
2.866297022474590395e-01
5.216026947791924107e-01
-8.267221286125281399e-02
3.197181412844742887e-01
-7.557631159316298142e-01
3.744872196886572246e-01
-3.590743983787217930e-01
3.344122674515503935e-01
-6.186128931933209119e-01
-6.944156013812068373e-01
4.816387900521785781e-01
-4.524107040836046201e-01
-6.168731418790134730e-02
7.412245489316882097e-02
-2.977697038674178565e-01
2.039206203050966115e-01
-2.904135490471442260e-01
-6.121529995880270469e-01
4.504540700897542438e-01
-8.266621114372776358e-01
4.468183424926942537e-01
8.796939732118245203e-01
-9.987282638561092440e-01
3.518553591312967299e-02
3.564661530840481651e-01
6.907380960590381314e-01
-1.250311620300108562e-01
7.184499329047429050e-01
-6.404356135796906990e-01
2.440585049058582867e-01
3.140553238837998640e-01
-8.767207260508089184e-02
-1.067576556384511322e-02
-2.365248913596297298e-01
8.601979046131088547e-01
7.878190954266075519e-01
9.508209714547782854e-01
3.256673019454516815e-01
1.781153166016796741e-01
2.063858807605212231e-01
6.813724519955773884e-01
7.916404945643016333e-01
-1.901479509895305231e-01
-3.989300293077323034e-01
2.386453714894972711e-01
2.112242983628342952e-01
-4.564726964632539463e-01
-9.533126319814817506e-01
-5.028890597270114782e-01
6.887003151874437901e-01
5.935214555665266900e-01
7.858231890284729237e-01
1.330590502485544391e-01
8.428382233204922969e-01
4.265630479165729572e-01
-1.298767380033606922e-01
-2.457012578301387418e-01
4.176650018854121127e-01
-7.858477487879751422e-01
6.794747194415708957e-01
3.032227901109950663e-01
-8.842600389709557307e-01
-7.920230443682875210e-01
-8.550781690332829310e-01
6.562259694965351109e-01
3.539598987518345341e-01
3.757801594872550166e-01
1.258296587803698352e-01
8.476118833949564113e-01
7.004594100727996597e-01
5.325334498968918862e-01
-2.512763504192597197e-01
-2.435899630885081102e-01
5.500651524199394737e-01
-1.924294563866813523e-01
1.000000000000000000e+00
2.851725757701371600e-01
1.058716086686492114e-01
-7.940665343096053874e-01
-4.968750199066425122e-01
2.046203005857203938e-01
3.379135008325007683e-01
9.299636398162655082e-01
3.303595441668178423e-01
8.693829568380782025e-01
2.373183673974432750e-02
-2.998031000843642269e-01
-5.094884323471766674e-01
-5.515525830307232980e-03
6.984336558089776492e-02
-2.242691999739203079e-01
9.049137382617894465e-01
-1.994760681680838310e-01
1.992666187674985157e-02
2.986954696974355450e-01
-3.283080119980887335e-01
8.034191745923786598e-01
-3.794429278226048585e-01
1.970819110518341188e-01
-4.557833734857269503e-01
1.000000000000000000e+00
4.856314856035092165e-01
7.903009892138992964e-02
3.062223318527721450e-01
-8.716498095315594608e-01
-3.825803132553970975e-01
4.784462811994820708e-01
8.911265198169564528e-01
-9.903616232564071975e-01
4.399436007807007165e-01
-1.000000000000000000e+00
8.916549102704629526e-01
-5.996061145396694436e-02
-7.415786900328082965e-01
-2.569511359219176505e-01
6.059135301755278480e-01
9.608704310967175477e-01
-8.987976810770398339e-01
-8.288743302283921865e-01
6.397732014152306412e-01
-8.046108715531210542e-01
1.000000000000000000e+00
-2.349691250975225465e-01
-2.449902067121478844e-04
8.838764807532371037e-01
2.425990165330006998e-01
-6.466000701546643636e-01
-8.827506832624273381e-01
2.468647124809431048e-03
-3.835070635951211004e-01
2.185495014778127409e-01
-2.437687822094155021e-01
8.470356333648264568e-01
-9.297606402774558632e-01
1.748248538642863392e-01
8.346899424893663988e-02
-3.910050685799149051e-01
4.172784577546461149e-01
-4.002409775626259436e-01
9.584803258639134071e-01
-8.222792451559499671e-01
-5.549807219339114583e-01
7.788798078875571740e-01
8.580996469414034489e-02
-9.882948194977145828e-01
5.310191706154978597e-01
-5.244102314256806618e-01
1.369524988255620412e-01
4.085693991496647803e-01
-7.305538609028885411e-01
-6.510412850512561356e-01
9.070952184746667868e-01
-3.118806321466277565e-01
-1.776407378224412470e-01
-3.724474532326099152e-01
8.320412479849426113e-01
1.603495958167527879e-03
7.121364154310835248e-01
1.000000000000000000e+00
-1.535481886140646068e-01
7.232337850515826450e-01
-6.586806895649394145e-02
1.000000000000000000e+00
9.083127982755148100e-01
1.000000000000000000e+00
9.090568582497362549e-01
3.968734348166162995e-01
-1.000000000000000000e+00
4.681404305000610999e-02
1.705372061994497312e-01
1.009799760039899186e-01
-8.366759922627815538e-01
-5.266987409896022321e-01
