-2.711405008005918216e-01
-1.510563132238337936e+00
-9.928422717264109298e-01
4.615179208472239836e-01
2.909607115664565313e-01
1.000000000000000000e+00
1.834028642385903130e-01
-6.673300543421818443e-01
-3.121926664090275416e-01
-5.332437682916126853e-01
-9.337378502379951595e-01
-6.383895511174990656e-01
-4.267895358146258644e-01
6.189457214225799753e-01
1.255284976368349348e-01
6.597649820032327472e-01
7.057322338698228670e-01
9.618079537100525656e-01
3.639818101372271908e-02
9.976767064538816232e-01
-8.475607468770944841e-01
1.109445545159957192e-01
8.947913008807384383e-01
-4.769744065705152636e-01
2.283834366732870880e-01
1.711999468334219898e-01
-2.664926025788094677e-02
8.764926095211479640e-02
-7.906456065558873370e-01
4.790606065886315879e-01
-7.655454223290618643e-01
3.213148089707746902e-01
6.067263200840218307e-01
7.182977123932039465e-01
-8.926502698034789463e-01
9.404735925884017966e-01
-6.266430231515880411e-01
-4.947495751541584053e-01
1.089782188611971625e+00
-1.730081406110988818e+00
-1.251814943295148641e-01
3.750626112148864877e-01
-2.994722076000593813e-01
-1.211901418260212804e-01
2.442533763241943046e-01
3.571002033356397432e-01
-1.982993336657018490e-02
-9.900668271349926108e-01
-4.901957910325769330e-01
7.279651044765702572e-01
-5.982859429038226429e-01
-4.348045873718433540e-01
9.144762963248136423e-01
-4.150937667058009484e-01
1.365416792865449813e-01
7.924084384327496622e-01
7.120428200614701275e-01
5.342897771752896929e-03
9.772385797291744947e-01
-2.288474139604321778e-01
5.274833597796790841e-02
4.098988736561932633e-01
-8.137128134343543095e-01
2.223760940689283316e-01
-1.496408098051273949e-01
7.718891504114870905e-01
-2.322452583756118294e-01
-5.285491908131408900e-01
-1.072801325371344205e-01
-9.118693754668847351e-01
-9.638939035892393203e-01
-3.266269911612700305e-01
-2.060002246645060708e-01
-8.569338666784298564e-01
4.189849271226868677e-01
7.153353056741456051e-01
6.933557310732006984e-01
-4.622738016077621026e-02
3.758027830757981747e-02
3.586650770399342214e-01
-7.196003951916354335e-01
-2.805584958503684057e-01
-3.100186550835666299e-01
-4.735593866167073784e-01
-1.645504870301883749e-02
6.007063534522854020e-01
7.612600942787562941e-01
-8.773425378431163324e-01
2.184609565594077374e+00
-5.284838354239675962e-01
-2.542267651489778402e+00
-3.124229080130029867e-01
7.705815473324830744e-01
7.490093420390948609e-01
8.400148748189506520e-01
-3.178733645842912736e-02
-7.292611264338975108e-01
6.986039525442655496e-01
2.617274957124267609e-01
1.396514354496158905e-01
-1.253763109930536634e+00
1.037936145327369442e-01
-7.786932843532234916e-01
1.435748619734602549e-01
5.057179891812064731e-01
-2.463309757587133220e-01
-2.056431991081855148e-01
-6.100577061881464758e-01
4.501735037820162599e-01
-5.530376712477913514e-02
-1.675922793014177348e-01
-9.133641832212240352e-01
6.588785679951076890e-01
-2.414005557942995317e-01
-7.536329936348247216e-01
8.643553924680094092e-01
2.986595886319534099e-01
1.520651752718369387e-01
-2.450163433587768669e-01
5.441504764811351258e-01
4.858908338405385496e-01
7.066875524302931311e-01
-1.572748293839540956e-01
3.046351244053566720e-01
2.482896335355184725e-01
9.465706983199146940e-01
-5.469535186740699384e-01
-5.178117755144979739e-01
5.183300023524153310e-01
-7.249505027131546431e-01
-8.017684899715313840e-01
6.318142406872473416e-01
5.833973794907203470e-01
2.443601219589741635e-01
9.436937547164359064e-01
9.927459368935191986e-01
7.385366889870459417e-02
9.465950520748163122e-01
5.768949826656277757e-02
6.537481520465950879e-01
-1.608167586241506797e-01
6.612091928179795186e-01
7.106090122420076760e-01
1.000000000000000000e+00
5.858366230220409809e-01
-8.045276061617201435e-02
-7.033731334692405746e-02
7.440703312829688443e-02
6.126193173367107114e-01
9.941383828090342156e-01
-7.455135992687957902e-01
-4.005188712794321426e-01
-2.602974633119738979e-01
-8.300883163990837588e-01
4.355755296249308461e-01
-5.598859288521438327e-01
8.052045295413936543e-01
-2.437326023748012105e-01
4.405160206519824762e-01
-5.536204383395713080e-01
7.539600278861924298e-01
8.017078333441403082e-01
-6.672029681105506871e-01
-4.108471295264526368e-01
4.396559080083273230e-02
2.046934650005488798e+00
-6.051218478962505642e-03
-3.575347195464639860e-01
5.125623618583712293e-01
-3.536815545446319042e-01
1.000000000000000000e+00
-1.169554246510960405e-01
-9.826802047659617401e-01
-7.850535231261784874e-01
8.522541725586258998e-01
-1.171182300439257418e-01
1.971782923730214243e-02
-2.031655649534167551e-01
-7.493121417505325121e-01
-8.056542521044303129e-01
4.980028936106937199e-01
1.756030023204901980e-02
-7.624894591291542234e-01
7.174741768720185320e-01
-1.696157284368102980e+00
9.490420552785998609e-01
-9.295865537482717045e-01
-7.716581593460491995e-01
1.686931149909070005e-01
-3.621328936286740685e-01
4.011378457557579491e-01
-2.000462035745120826e-01
7.129989177592095384e-01
3.736279707624368118e-01
-2.085607536900013770e-02
-9.550414087135876695e-01
-1.923415362458836819e-01
-2.399508714820755007e-01
9.493952307158035619e-01
7.215852856074116417e-01
8.838800956720422874e-01
-1.317359013284837843e+00
-4.715309606119975072e-01
-1.000000000000000000e+00
7.043760563512033723e-01
-8.993307140613064909e-01
2.255075622148350334e-01
7.277987987461895791e-01
2.897182243761123321e-01
-6.152920311663043762e-01
1.704446210752053048e-03
2.621157877916802104e-01
3.385969827508134578e-01
1.093030277287311725e+00
3.558552075943732795e-01
5.848457271618661135e-01
-6.327362191164940253e-01
-3.801837261035254656e-01
6.192440090934554497e-01
-8.816575162391595555e-01
-4.553668567247521892e-01
1.787590392151345853e-01
5.417958291652607006e-01
5.047803420072352054e-01
4.876517696752673547e-01
-8.816154408766370132e-01
9.307470288999251107e-01
8.595811706619438386e-02
1.000000000000000000e+00
-5.056062785212913635e-01
3.636490092755086945e-01
-1.394387180879728128e-01
5.195729322006670259e-01
-9.172700223397283192e-01
3.721149885197894136e-03
-9.207716688191533994e-01
7.328258301344607872e-01
8.860595865665112925e-01
4.692164934232589957e-02
-5.608446422370716444e-01
-4.562479641114691731e-02
-6.089880100390867579e-01
2.978949426314607685e-01
-3.487773411490302511e-02
8.265519427251437623e-01
7.202730012674376514e-01
-5.517762736272391333e-01
-2.680133965124895656e-01
7.504256184310027500e-01
-6.963295734768282230e-01
9.834586153855424673e-01
6.691779807247133505e-01
-5.706770565593703992e-01
6.953369866968439617e-01
-3.776974935529935351e-01
-3.817629645482738532e-01
-3.103730538118005811e-01
-9.331964387221425294e-01
2.130757591584631072e-02
-9.594991485649888574e-01
-8.950173673423920118e-01
4.224030944978933722e-01
-1.201060251427599201e-01
5.931001414662999682e-01
-3.205076311732621974e-01
