1.162346852511973172e-01
-6.364570437922227875e-01
2.398537381719861583e-01
-4.569115553751353365e-01
-4.670034227685496697e-01
-2.706820037121663858e-01
1.000000000000000000e+00
1.000000000000000000e+00
2.232424602106019007e-01
3.438814699523307650e-01
1.000000000000000000e+00
8.343341631382823476e-01
-1.000000000000000000e+00
5.216869481205960168e-01
4.002988647520646093e-01
8.918378122598735747e-01
-5.685659635736620143e-02
-3.458725944945746367e-01
9.960692963598978267e-01
4.971666269995204113e-01
4.953756215882584302e-01
3.988620101305280219e-01
-6.074684698741922295e-01
-6.970835348029238432e-01
-9.698493920070667684e-01
-2.563727852197521528e-01
-2.866176627467891258e-01
8.292818635016090123e-02
-2.652423654469493464e-02
-3.615877955383370868e-01
-4.140508980079318779e-01
-5.612161139622025008e-01
-1.000000000000000000e+00
5.987682648064274193e-01
-1.850115335363594626e-01
-5.452780460228339177e-01
1.564412537421267235e-01
-8.781135614933027744e-01
-4.645079461920492148e-01
-7.017010608275281447e-03
2.847514466376139808e-01
1.000000000000000000e+00
-9.298005938706872531e-01
1.778263922964098132e-01
-1.176725546561745855e-01
-3.959794914464700444e-01
-8.378519494039715632e-01
-6.671549173047605086e-01
6.017886980249629314e-01
-4.634878508875499015e-01
6.169376258100305321e-01
-3.536846301821372496e-01
8.394094122427278037e-01
3.092534976650525014e-01
-4.973186681591351133e-01
5.321244506053850465e-01
8.548378242439357289e-01
-3.369133741360264001e-01
-3.494276112192535866e-01
6.394959655062436577e-01
6.665586713427393839e-01
-1.016854638453659476e-01
-1.253203149765302615e-01
-7.665661937348633437e-01
-7.686719725367450184e-01
-7.328289580405451531e-01
-5.502748533684961307e-01
6.870902909334148934e-01
-2.479301915649993193e-01
-6.878530374514539858e-01
4.184344498350521246e-01
-8.275093382793717867e-01
-6.904767997867669038e-01
-5.515609376955417087e-01
-1.351141558475763699e-02
5.448074246853852332e-01
-6.533861111753579420e-01
-8.847110919855727396e-01
1.487089953393454511e-01
-6.803061351846340088e-01
-7.221455679922947901e-01
-9.325735335631993861e-01
1.000000000000000000e+00
5.320278470149061301e-01
-7.568497910464013767e-01
-3.861636448358583551e-01
5.363003162452754935e-02
-5.706524548836060529e-01
2.196239341447412952e-01
4.547414531772956403e-01
-1.949645085002764955e-01
-2.131248432767250400e-01
-7.237753605122011491e-01
6.873619695428063725e-01
-8.819827111145088772e-01
-5.388790716059754793e-01
8.340973956975423764e-01
4.668595928789588956e-01
7.110060727052267548e-01
1.071105980498021637e-02
6.152873205855342587e-01
7.927289152183821797e-01
7.412732115178785053e-01
-1.000000000000000000e+00
-6.187462738449368560e-01
-7.793224071672973929e-01
-8.493407117253404248e-01
5.359871288118752686e-01
6.654791714242175305e-01
7.921742125463574480e-01
-7.458530855703040530e-01
-5.366520568850989825e-01
4.597058086147736700e-01
6.793894443126025084e-01
1.201130919509395129e-01
-3.177961631405912257e-02
9.725846139031979476e-01
-8.650472007569653954e-01
-9.467858038866959758e-01
-5.714766042052068507e-01
9.436233289149040249e-02
7.243587556117072612e-01
-2.853099160373809839e-01
-5.640425586856656626e-01
5.342513868176033964e-02
3.165214486850588815e-01
8.509790378518208298e-01
-6.292703640229410089e-01
-5.294196240897714595e-02
-6.593012213984967840e-01
9.831384234799092070e-01
-8.096738509829033426e-01
-3.050679101816433647e-01
-1.136965105696623457e-01
-4.336165473427251449e-01
-2.692493861257072574e-02
7.143272068564034960e-01
8.164559344456319145e-01
3.892178616331087859e-01
1.232617201394519135e-01
5.817327933759934844e-01
4.483763005092011866e-02
6.616503903183660329e-01
8.399637316226952199e-01
-8.810509602915589378e-01
5.775485838405026717e-01
-5.656020819460372273e-03
7.380136389857161472e-01
-7.532613291569367764e-01
7.963175791272204540e-01
-3.325236285285381732e-01
-8.155831752080426877e-01
1.250073496945443008e-01
4.004303284802335217e-01
6.473203031448656608e-01
-7.858226421375218429e-01
3.936820929862691054e-01
-5.803373596873268037e-01
6.032490850575618069e-01
-2.142045391946777733e-01
-1.000000000000000000e+00
-6.448180785959991557e-01
9.862827095724430171e-01
-7.557257635295073772e-01
7.672811850725025362e-01
-1.123686161698230768e-01
7.351572919692171970e-01
-9.471322344432955287e-01
-9.924396886059608791e-01
2.587379929090070640e-01
5.088557465523950718e-01
8.568171833162063766e-01
9.593647519670124302e-01
1.000000000000000000e+00
-7.974796792066350948e-01
-2.289721995067134364e-01
-4.819725933157803510e-01
-9.729067557283845868e-01
-9.341049026170443470e-02
7.313400891647945379e-01
-9.272392324799425545e-01
8.989162205338119271e-01
7.045301052536263597e-01
5.325052144565237677e-01
5.549535545006246684e-01
2.688622945559575594e-01
-8.550175918870825953e-01
2.704094928683891119e-01
7.908237350503252161e-01
2.390677544599217885e-01
-4.245705115410161046e-01
7.003144266132560469e-01
5.095164898288135902e-01
-3.068379173739468543e-02
-9.911051277482552102e-02
-9.034605713338358379e-01
4.255415444606010511e-01
8.005196948441719584e-01
-6.462202012600297696e-01
-3.730323685067397088e-01
7.251334929053000478e-01
1.424292181278844494e-01
-2.572061425155414832e-02
-6.231395329769939817e-01
-1.000000000000000000e+00
-4.978716290456893234e-01
-6.831588108734132359e-01
4.207497141478521163e-01
-5.272721058380108738e-01
-6.052281497591264214e-01
-6.013947150362128902e-01
-6.600929469266116900e-01
1.044137701117497929e-01
7.763208760505941886e-01
-4.093890147825793857e-01
-1.530500000312005060e-01
7.144234489217881068e-01
-2.455853346378533697e-01
5.446219545557015040e-01
-3.792000835007909298e-01
-6.891797796559899769e-01
2.837255210055007471e-01
-5.307428584837454721e-01
9.485771078105105225e-01
9.076326377628978204e-01
1.002089362118526866e-01
-7.518937311376023835e-01
4.849292779608548321e-01
7.468365905763258983e-01
3.184562641154808915e-01
-6.777507604417008780e-02
-9.403190954606660545e-01
3.417611267032730216e-01
-7.100222808537867136e-01
-5.133523070968191160e-01
-5.148338312160208874e-01
4.257464780655601522e-01
-8.428171722285203726e-01
3.798088844373688766e-01
2.737980308811818198e-01
3.326413010163096207e-01
-6.111596145277364833e-01
-8.894668325726332592e-01
5.725883943657056330e-01
-2.396869262305520998e-01
-1.000000000000000000e+00
-3.246420528835877728e-01
9.009807306666846038e-01
1.000000000000000000e+00
-8.965824825121458952e-01
6.686876980918996516e-01
-4.761224353797864350e-01
8.366608882052771756e-01
1.990666154926227227e-01
6.024188940009599091e-02
-1.326503649206919183e-02
-6.402289651059419606e-01
-1.000000000000000000e+00
-9.404672710155513871e-01
7.137837145172107323e-02
-5.740869853381582733e-01
3.305854810357399809e-01
8.378216207403290650e-01
-7.548230783569260804e-01
7.140212919078403608e-01
