3.835964014979926784e-01
9.672564477874525668e-01
1.065518336749797790e-01
-2.285430031051149946e-01
3.989729570516797885e-02
-8.811558750002119744e-01
-5.189564963756243543e-02
5.342989287086781225e-01
-1.662855980306985337e-01
-2.278646391412972871e-01
-9.952264216269604002e-01
1.096484033840321448e-01
-1.266698975720050857e-01
-3.163980918806861276e-01
-9.209196912528196943e-01
3.563742131351643749e-02
6.367201339284651596e-01
-8.732196313142526201e-01
8.730994505399241046e-01
9.061263641273198388e-01
8.956699865121269255e-01
-4.933374259987581834e-01
4.478252641236366571e-01
-3.849267586551321507e-01
-9.211312520628356371e-01
-2.947034006782276450e-01
9.962095275940963113e-02
-8.401246993733320068e-01
-7.681280607834641838e-01
2.334239756432718860e-01
9.648358961210008466e-01
4.190986787804915625e-01
-4.670040850320500425e-02
9.087873609732206592e-01
-8.563160013855595221e-01
2.497569515090689585e-01
-9.777998445875470956e-01
-5.960827803371915312e-01
1.260835990081827784e-01
9.733305960899079068e-01
-9.020007810152097516e-01
9.944200705230583637e-01
-6.145919286618966026e-01
-1.962279670665001419e-01
-9.055074829922238333e-01
5.664986068650066375e-01
-1.352551375202168948e-01
4.728265752886282591e-01
5.095903743749539139e-01
-7.445741819931415151e-01
1.964361094379607486e-01
6.014669998681030361e-01
3.701021758306892728e-01
-8.338059622373659163e-01
1.676282670162672073e-01
9.616752097680112410e-01
4.081340993200976985e-01
-5.199485485776611515e-01
8.394582538666286453e-01
6.023743140218362768e-03
1.203985594050331898e-01
7.563749140936582016e-02
-5.832463920255834822e-01
-4.284763257834556249e-02
-1.978038635846117721e-01
2.810172790479747995e-01
4.699001673204927787e-01
-8.250726184559891152e-01
-7.172538370757397530e-02
3.314428565772409296e-01
-9.813614618689103786e-02
7.721019426604394109e-01
-3.263067883186621110e-02
-4.933274195088750425e-01
-2.104127746529194098e-01
1.924053857635321663e-01
7.729037102669422676e-01
7.621350290831612195e-01
2.522159100327903136e-01
8.395701136481075189e-01
-3.859486767298707655e-01
-5.555380623693138009e-01
-7.442459638235023878e-01
-5.277074257259979362e-01
4.263801006682756967e-01
9.151183674807141788e-01
9.365434101328447003e-01
-6.993322211886314754e-01
-1.475308885397785819e-01
-4.630256234058769405e-01
8.339982026693013584e-01
1.607245977756579514e-01
-3.666403955334638365e-01
3.739813213217224597e-01
-6.874540205835235618e-01
-6.677952367728672289e-01
-8.116562537326243998e-02
2.583232980066130224e-01
2.552347593764379141e-01
7.795622737160381455e-01
3.088128484043690669e-01
-6.410542748516043776e-01
9.686669791435373877e-01
-7.221973153531404677e-01
4.590028860187818083e-01
-3.643534591049106819e-01
-7.224721524800234995e-01
-7.166237113877635956e-01
-2.553611708992544749e-01
9.254948431689347110e-01
-7.474911496543279465e-01
-6.529506802321374259e-01
4.892418491921033397e-01
-6.752583557313005524e-01
-8.161970183843374471e-01
-2.773244622056816322e-01
7.646386335588584160e-02
-3.986871796166948645e-01
-7.679693162925538275e-01
9.044721892206786240e-01
-9.668419033750557112e-01
4.449090259255372715e-01
9.410999097163308402e-01
-8.945105447140706545e-01
-6.511236580447452571e-01
-1.679954754373442771e-01
-7.098460947498386187e-01
5.884283759174226969e-01
9.331610523533162560e-01
-6.819162327485555064e-01
-7.613231198512080411e-01
9.234931274059301476e-01
-4.386196651410569913e-01
2.770016135498025722e-01
7.032388407652168105e-02
-5.000668947139206288e-01
8.430795595489140037e-01
-8.399079223658729720e-01
-1.326880468525932777e-01
-2.862245592361323254e-02
8.049758351029738801e-01
-5.328069091480740482e-01
-1.494366212685673823e-01
9.895282464745083217e-01
-5.671583469380383491e-01
7.146109146996715289e-01
2.051855316991564315e-01
1.791083597964711061e-01
-8.511907542122094661e-01
-7.059009558249975669e-01
-7.269388894381803023e-01
-5.743974386814159061e-01
-5.177046355660341881e-02
-4.513017440118543000e-01
-1.528798650834981565e-01
7.586657653701671666e-01
-5.795002476739785635e-01
3.122447319380716735e-02
8.348299467130300133e-01
-8.750363039669588616e-01
8.311964971123575463e-01
4.715846892314592420e-01
-4.610028379978459157e-01
6.351374559076048421e-01
2.016667235314961726e-01
5.078054643239353627e-01
-3.374000436114199530e-02
5.112707526984905382e-01
-1.448909139072529495e-01
4.014349928043616789e-01
3.103404545528842817e-01
-7.949924113706980933e-01
3.752577844543116825e-01
-5.385260939720257767e-01
5.026707046618015262e-01
7.085352286521040543e-01
-2.487905396424006099e-02
-6.405472618368921456e-01
-5.174744451117163635e-02
-9.047777048633154351e-02
3.436862936615781017e-01
3.106626947578110531e-01
-4.548858422296913062e-01
6.701228664176961392e-01
-9.480290271225784160e-01
-8.776968283011228333e-01
8.441675286921392907e-01
9.990115893351976251e-01
5.211263417787947994e-01
-1.909707495662837928e-01
4.670599200883385205e-01
7.228057089525345980e-01
8.150044800262603584e-01
-1.465641698924453618e-01
-1.657171128643568636e-01
2.609246875581470171e-01
8.118286996578092385e-01
6.069207460801759879e-01
5.718228687264799159e-01
3.323378166445849491e-01
-7.169455649043496859e-01
9.311372542743792113e-01
-4.362494070624178821e-01
-5.080822374365476790e-01
6.298092458010502437e-01
5.947222989717650954e-01
-3.989324831308320718e-01
4.577827735291184474e-01
-8.500762031940465313e-01
6.040476541527823873e-01
2.412419142047710352e-01
-2.343780985242820414e-01
5.496090535447084591e-02
-8.196454707345217638e-01
6.187824841170310730e-01
-2.082000508347370271e-01
5.177772964324780514e-01
7.180855920854907204e-01
-5.277518088111898820e-02
4.107280541041591349e-03
-5.564674886009008947e-01
-8.478230809560074466e-01
-4.037684867318882542e-01
1.467671917747459531e-01
-4.192559359771390604e-01
-5.705466269893211262e-03
4.632411842259069878e-01
3.515601926233968832e-01
9.271644208535476661e-01
-7.782928410788187978e-01
2.381323713291880750e-01
-5.693006925800192519e-01
-7.577058374330425394e-02
-7.417214411564401200e-01
9.577726422260757211e-01
4.485792235083934099e-01
-6.451249823827820418e-01
6.101705717847469845e-01
-8.692349816090192416e-01
6.823722879231501892e-01
-6.378930939650353515e-01
1.061106527215476270e-01
-2.449299511976368304e-01
3.422893030375835366e-01
-4.752709336614389102e-01
-9.909184264876105264e-01
7.964153851585109578e-04
-4.622052005224603910e-01
9.176960148722406174e-01
1.123504062487290511e-01
2.002574869819269132e-01
-5.666688913185633503e-01
5.639697067925120155e-01
-4.821838438550818395e-02
8.473260757036540358e-01
2.668508336358423882e-01
1.745132797401052205e-01
4.860204151952580709e-01
9.630522422481679889e-01
-4.790482826629294255e-01
-7.344640002884370578e-01
6.476601138141893088e-01
4.517737631836094003e-01
4.528780991017313795e-01
6.642277434192191965e-01
