-3.064392394633501659e-01
1.023387657322287980e+00
8.609320075663302596e-01
-1.114827006602447934e+00
-6.705615173957223396e-01
5.153597701329748482e-02
-6.811239510088227256e-01
-7.645897083983972387e-01
-1.152595698427925974e+00
1.931906145824419108e-02
-3.409260750843043364e-02
-4.873255019724490045e-01
-2.665406995795847056e-01
-4.817033446131330776e-01
-1.049551731104531038e+00
2.543739863425967807e-01
5.450252349684729936e-01
-1.116283839664962141e-01
4.160870156192630898e-02
-9.564453790034518343e-01
1.204190635198033321e-01
-9.337583773364356299e-01
-2.157029510223895941e-01
-6.331542077493635956e-01
-1.902550398671249421e-01
3.211197628804020043e-01
3.143096855512140242e-01
-9.978995343507747195e-01
1.477731275439234104e-01
-5.591411369644199159e-01
-4.638676966229609566e-01
1.203447063625522062e-01
-1.000000000000000000e+00
-7.923448173287924723e-01
-1.370455730504948955e+00
-6.127373860776178516e-01
1.154637108221818309e+00
-1.141162169703052454e-01
-6.279929934535224412e-01
-4.550316162293743805e-02
-4.729530586388483449e-01
5.572543787398045456e-01
-4.195579626321685462e-01
3.056051969203348873e-01
-3.490647969890373625e-01
3.952349622966176979e-01
-5.540136956000177859e-01
-2.669619802052038415e-01
-5.323587198399127862e-01
-5.224847534978485641e-02
8.739335483333410259e-01
6.634543488604016659e-01
-3.116089069222317542e-01
5.222249900868117245e-02
1.170627612884240554e+00
6.771369748896605145e-01
-1.046450464832995753e+00
-1.382560603744709127e+00
1.420602560090463706e-01
1.106729986647563946e+00
4.122320915508178030e-01
-6.423415210752347893e-01
-6.479504900314589921e-01
5.655641009450788070e-01
-8.705839456257326026e-01
1.210091859704102379e+00
-3.733315139751474665e-01
3.935776077936623540e-01
4.522403427328997028e-01
6.184354204768155450e-01
5.770241202305282924e-01
1.288050846473188127e+00
-4.890657193975658235e-01
2.038391872877093891e-01
2.728435238350696013e-01
-4.804113306036538744e-01
-7.119785039383618175e-01
6.837125026604741196e-01
-8.737181468120450711e-01
-9.174898526461157111e-01
-1.158059971962901225e+00
-1.118688634635530005e-01
1.621197158832169416e-01
-1.916045279816891989e-01
1.285314986121528280e+00
-8.989478505100151340e-02
-4.040894203161349840e-01
-7.693750445038805008e-01
-1.508890011268971376e+00
-1.144205324534034007e+00
8.923568616307605561e-01
4.193640925737240205e-02
-6.063785943962045621e-01
-2.388257001677426827e-01
5.652876546730922769e-01
5.283602363013523151e-02
2.228843799849391238e-01
4.611945317806798172e-01
2.295178363003954058e-01
-1.157069405877371726e-01
-7.463350312036831635e-01
1.078362940330195308e+00
6.376615712190190077e-01
-4.321774000786694492e-01
-7.834336201399195732e-01
4.084698062521013862e-03
-1.034982772093328895e+00
-1.564708370092132428e-01
3.108236163789176443e-01
3.685925024575077980e-01
6.347541321595510100e-01
-4.464423876579602934e-01
5.841392062507291816e-02
-1.446597692889782238e-01
-9.053872630177268732e-01
4.278265959200860391e-01
-1.965037127306553111e-01
9.067776978951105349e-01
8.825163189490258242e-01
7.441139418360257496e-01
-4.363209585123498796e-02
-1.617686031940073765e-01
-4.668236436340251205e-01
4.911043805711717836e-02
-9.035886825599113159e-01
-2.156545459904569695e-01
1.880478385984882261e-01
5.427081869886452026e-01
7.404669700436466995e-02
8.157381234549487825e-01
-1.029664815927375798e+00
-9.936708766040828200e-01
-8.245888640443028716e-01
-1.000000000000000000e+00
8.298090185767611482e-01
8.097766654026781197e-01
-4.524672785178535106e-01
-4.521531645641592156e-01
6.770464745243423010e-01
-1.312871050820829111e-01
1.148257930346589406e+00
1.763781735730266531e-01
2.757891048117907529e-01
4.960891029609113545e-01
1.007830051464658538e+00
5.014445137867098445e-01
-3.662231908697723415e-01
3.364543948022281628e-01
-1.547392338213469776e+00
7.428448010833893500e-03
3.614216862146641951e-01
-1.030290944365605810e-01
1.697484350173207313e-01
-1.461451698200351146e-01
5.090081197788672851e-01
-9.591003300082248106e-01
5.602151786112488097e-01
-5.899987953051881728e-01
7.622946068781679685e-01
1.262610519326227809e+00
7.655069650426084005e-01
6.038418868011329321e-01
-7.295509002842204271e-01
1.459181041839725079e+00
-8.809789303265873617e-01
5.484099410172794675e-01
-2.258244198524100854e-01
-1.287559387185866600e+00
-2.430736333030736329e-01
-4.350343708832273837e-01
-4.316880724890563847e-01
-4.752717317803231145e-01
-1.171731522836027217e+00
7.470769723023068520e-01
2.161712985143706134e-01
4.497940937781255144e-01
4.349911747999358758e-01
1.250653347732870513e+00
1.937012719079881096e-01
4.345116611067622037e-01
-1.126924896948475197e-01
-9.835069352250332964e-01
3.699178535083411656e-01
7.594379476817036956e-01
9.232501592404158686e-01
3.266646782529688542e-01
-2.914209993034482249e-01
7.741861432451639935e-01
5.021972217256417959e-02
-1.129996150304690250e+00
2.326858054657555408e-01
4.747165955516869928e-01
-5.818836851486618861e-02
8.408995421724552166e-01
9.038086720103124527e-01
-8.572600798920784193e-01
1.947283792115374057e-01
3.177533731795132432e-01
1.103076236495343365e-01
-4.428648668055831239e-01
-1.286996302856024121e-01
-1.569292058990423566e+00
1.902356528632129506e-01
6.360531781468420354e-01
-6.257580353723754540e-02
-5.690894480813308842e-01
9.327199950538808126e-01
3.487092177430448081e-01
9.259357752861983037e-01
-1.296359974896268419e-01
9.061041694028987292e-02
-7.652275993064669435e-02
1.880710244604127390e-01
1.452520077628851047e-01
-7.519621134826451891e-01
-6.259223158366217232e-01
8.517319192332728495e-01
-1.741698028228506612e-01
1.348270411891219211e+00
3.601074404190096612e-01
2.493656975174095569e-01
1.145682497226104601e+00
5.308703723579819567e-01
7.220720064464483112e-01
7.870803949891471696e-01
1.615200518139694896e+00
1.220489124774579492e+00
-1.372258807541422709e-01
1.667254451435619678e-01
-3.799066152145488262e-01
-5.128976873409368809e-01
-4.103105786334652894e-02
-4.422804458522007209e-01
-9.997053227441491385e-01
-3.277921537118288486e-01
-3.787775189864490133e-01
5.184815673125476865e-01
-1.274293579952086863e-01
-2.797209410544728714e-01
4.508727210678049602e-01
-3.388379800788461627e-02
-8.972761736549269562e-01
-7.186182743628927172e-02
8.942939698425819151e-01
5.840544425677935969e-01
1.535637637894739504e-01
-7.562227082263137667e-01
-6.114301278856428823e-01
1.137537531880808084e+00
2.086408723941297894e-01
3.613767246940717826e-01
9.754098192982674220e-01
4.906277642242323767e-02
7.589689056159660829e-01
7.687677673960304769e-01
1.182482649371222050e-01
-5.583779442662274439e-01
-9.455836974984497267e-01
-6.175246593014960261e-01
6.111202758984294325e-01
4.130327152663715307e-02
-1.035214946655729218e+00
8.569442669768737586e-01
-1.689189618207858068e-01
1.776877140483967277e-01
