1.000000000000000000e+00
5.741687138930890999e-01
9.414260129551031975e-01
-7.756048115340763438e-01
-1.030209250449998226e+00
-3.362905758205221862e-01
8.111040560885431905e-01
9.945928166153972239e-01
9.893143525732146504e-01
-3.297055673026030309e-01
-5.137541275161225940e-01
5.965952957206566154e-01
-1.095057006128677679e-01
-4.265621760129767459e-01
-7.292797248830708012e-01
-4.253080541685586025e-01
-2.629164593776593950e-01
5.135019392009556594e-01
8.915621184556503653e-01
-1.863116695658621202e-01
-7.189286567542448880e-01
-7.484973413691915489e-01
-8.528777358511373530e-01
9.073338131962047082e-02
-5.407346878685274083e-01
4.976931460378614669e-01
-6.694599314073068630e-01
8.629710155116719905e-01
-5.237731116931924058e-01
2.070826779224726466e-01
-4.557245254799563439e-02
9.395612685772057882e-01
-1.264173486629047438e-01
-9.825856047260089765e-01
-7.546173095931023589e-01
-1.601064128822313748e-01
7.149123504041603461e-01
-6.316888514914641428e-01
-5.771514952335016213e-01
-8.976164921350764381e-01
-3.175440476979837778e-01
-9.800454811948275946e-01
-3.374211617318660927e-01
-6.578618325100743514e-01
-1.357036318414653886e+00
-7.740357682166861819e-01
-8.980715230204774358e-01
3.237486704494132450e-01
1.768442561052685491e-01
-5.166400614083126452e-01
7.533370568103542331e-02
9.020103734728495137e-01
1.078951155608490531e+00
-9.792409809609159410e-01
1.493537209622597395e-01
7.964974165931799632e-01
6.252609852935520074e-01
-1.377722276927519918e-01
-3.002941314924557903e-02
6.056771874722421956e-03
1.105557063166385801e-01
-5.949970025221140713e-01
-6.887770093787625170e-01
-5.369501135248744284e-01
-1.687644906739826922e-02
-2.322406717443059876e-01
-6.293992283301605983e-01
-8.294090971302527093e-02
9.618239208293751785e-01
-5.836310574919294503e-01
-2.809597234797469034e-01
-6.671659068726722985e-01
7.251882927476506202e-01
9.051376633850536368e-01
-6.413402829787854253e-01
6.298844298071961667e-01
2.520816354248291979e-01
8.637743728417378586e-01
6.960844289368899318e-01
5.736434238098482297e-01
1.153553811620455782e-02
-3.030724192398161487e-01
-3.806586634235601951e-01
-1.086526950854578288e+00
-1.684332178516693979e-01
-3.942885121995656772e-01
4.330469191727732703e-01
-4.314204892770179267e-01
-5.200265990394457027e-01
-3.992882347159404377e-01
-8.426503299242650291e-01
6.971702822221174101e-01
-9.292455589849135666e-01
-3.097844537792180386e-01
1.371794751809658486e-01
8.627501344004355754e-01
-3.147841422703082648e-01
-2.444288091587599743e-01
-5.352148441905193454e-01
6.837002249832356826e-01
-8.657104949368693569e-01
-1.125674644393061641e+00
8.593778360575927699e-01
2.889439416646148451e-01
-3.385201757547307011e-01
1.047531527257050399e-01
9.974756568286959890e-01
9.750020078651000510e-01
1.060455488980460714e-02
-7.696052525523850996e-01
-9.265353970953782436e-02
-1.117326609460905118e+00
-6.579015704781265850e-01
5.846679289890739373e-01
-9.747508691550084425e-02
-6.388324217568657204e-01
8.811828059201846086e-01
9.549830210348322357e-01
-5.636978300462383018e-01
-2.426235021568161621e-01
-8.705613794358590951e-02
5.232376743173732248e-01
-7.105149847812093356e-01
2.649484944378485696e-02
-2.381406715514877981e-01
1.231960820230848519e-02
-4.247542079308294638e-01
-1.499870688128304708e-02
-7.820804882716021478e-01
-1.388035301681789790e-01
-5.365219276170349882e-01
-4.986993976154613373e-01
-9.121868775174151178e-01
-1.050786953194904783e+00
-5.970963643855162761e-01
-2.973182988336259824e-01
8.260931131652181625e-01
5.157892535444004167e-01
3.704075213484664397e-02
-9.490595691201324513e-01
3.796046241508391761e-01
1.498099778366426826e-01
2.910579787344459990e-01
2.452342256376585372e-01
-6.902107229636023078e-04
-2.036958088802109934e-03
-2.896749659637261054e-01
9.774031544606254229e-01
-2.714479000894389760e-01
-6.206111822899316177e-01
-3.064561894856909774e-02
8.270384889491280145e-01
-4.922498068290362960e-01
4.941692233166031234e-01
-5.080329902638164308e-01
4.309423926042740272e-01
8.463723940897185383e-01
5.398126597129947468e-01
-9.396557431491048273e-01
9.358362641045261388e-01
-1.049470993330690494e+00
-5.030081303434878748e-02
-9.747660054805367125e-01
6.878971431689162586e-01
8.640734396067683010e-01
-1.871555558845358069e-01
7.481833586383922485e-01
7.635878615101416855e-01
-1.129564063450888778e+00
4.128486668997983777e-01
-6.333755937326444041e-01
5.559647905881427432e-01
1.379864080588113495e-01
6.978727927316773216e-02
6.936239270216102426e-01
3.590426309553331197e-01
-6.260007812731993582e-02
1.206843940331832066e-01
4.290726495195280876e-02
2.635344855962418187e-01
-5.235500434151916238e-01
8.183946042379608432e-02
-7.442196852802580587e-01
-1.305002388297798133e+00
-7.510517975150623471e-01
-5.809175309410071764e-01
9.207787002481199190e-02
6.813058931719125910e-01
-1.893713588071144205e-01
-1.178132211691940157e-03
-5.817340360397665888e-01
1.200576149744751575e+00
8.995490845459783724e-01
-1.445519513259639899e-01
-5.593355117685556710e-01
8.437627319180576180e-01
8.493955256708520807e-01
3.874367731086703626e-01
-8.443241548956279541e-01
-5.128819528291235219e-01
5.735293171295200443e-01
5.525216128409210503e-01
7.050658086393697399e-01
-8.987478974766904827e-01
5.372099576192979065e-02
5.825015096587169428e-01
8.215461912297827851e-01
1.036553047672064576e+00
-2.008584708068978930e-01
8.686989750152487311e-01
-1.149983859270256592e-01
-5.610360046012257129e-01
-2.007945326936519947e-01
5.557858341999400986e-01
-4.093282481742268608e-01
1.441653358121962047e-01
-1.552101310379074561e-01
3.962512735495026805e-01
9.941552693124606765e-01
-2.769654033894634049e-01
-9.366707589476183093e-01
-4.008920970597800171e-01
5.536331656469957174e-01
4.149855332122149854e-01
8.968008871348467359e-01
3.276328068259979354e-01
-5.641901527332404687e-01
-1.811300941924634533e-01
5.860299739025514043e-01
3.943631017873309164e-01
-1.349765712751104796e-01
-7.484410713477878119e-01
-3.578897907341984652e-01
5.875490355470009973e-01
-1.943912328687183999e-01
1.273424160327401022e-01
-7.705162655234709668e-01
1.243400845392739207e+00
8.823681487968526582e-03
3.613676614185221680e-01
1.162878746750880821e-01
5.367821756389472565e-01
2.746390222758245958e-01
5.308996958355181039e-01
3.455757727707434168e-01
2.960860469565683162e-01
2.896997015261567610e-01
2.809440682416778357e-01
1.109926771730657263e-01
7.321564340418418304e-01
-6.639529863220355876e-01
3.692112130456959296e-01
4.539698329458888848e-01
4.156751738462187706e-01
1.728959483903298455e-01
-3.496113464612287669e-01
2.761404547040824387e-01
7.717344789828493035e-01
-2.778162302188632027e-01
-9.046415239850020829e-01
1.589965899785242276e-01
-2.425026710918709583e-03
8.206651785904139906e-01
-1.305535368873060875e-01
-8.327273481230973440e-01
