2.714020291638021831e-01
-8.278600887563600796e-01
1.173520359702706628e-02
-2.310207335021332575e-01
-1.807167287504856112e-01
7.387901023466925121e-01
-2.518582922735590479e-01
1.173520359702706628e-02
-9.557925979697823315e-01
9.428297693562752713e-01
2.820683270085919681e-01
-2.591975405623432316e-01
-6.273233041274006716e-02
-8.144776068783721179e-01
-5.146573541983661126e-01
-2.825905998400510821e-01
-4.521517520925275591e-01
-7.130191191040666787e-01
-4.339422648086741496e-01
-3.814790336961577655e-01
-3.617025906650523925e-01
-5.010902816597690990e-01
-2.005949441099263986e-02
4.337994898479378136e-01
-9.534793542458865900e-01
-6.339033063536740897e-01
1.836687683605278121e-01
6.426457315076514742e-01
1.304536703425103195e-01
9.268925390900757399e-01
-5.785689383698795485e-01
5.248349395101705728e-01
-5.576244518121180604e-01
-6.167555287874706416e-01
9.426474094455596919e-01
1.928253455642403580e-03
-8.621290031381447783e-01
1.421545355981008729e-01
4.767973401587060067e-01
-7.934408902588530044e-01
5.398153906607465746e-01
-4.676429553631287206e-01
-3.553104729972658138e-01
2.183209442456655047e-01
-2.399456890790727659e-01
-3.995722637015020062e-02
-3.243056597452560474e-01
-2.819570706074083777e-01
-4.646342412470163552e-01
-7.287978865968853803e-01
-6.723687512988680837e-01
-9.537058770460002943e-01
3.019261197928788665e-01
3.468492664725661978e-01
5.849563711665408672e-01
-9.000810856432432949e-01
-9.059846058255933698e-01
-6.504153234611085299e-01
-4.072167370080848059e-02
3.987548950192942865e-01
-1.945677245289718638e-01
-7.709585253384567682e-01
4.382680225484127945e-01
-8.222152431691085450e-01
-9.063983196657747765e-01
-8.576604691495131050e-01
-4.516301162661437996e-01
-7.854096588312773353e-01
-8.407745761167433329e-01
4.617920245651339073e-01
-1.996096168024350526e-01
-6.826271780293626801e-01
-5.344273622920772127e-01
2.458420797352789400e-02
-9.179548529452015160e-01
-7.736829013750603501e-01
-4.998691888605300004e-01
8.619887460155855052e-01
-6.339033063536740897e-01
7.104734918492849882e-01
9.416782286769860288e-01
9.895034285274184604e-01
7.136368576459768409e-01
-8.179530201811961998e-01
8.396528136305969614e-01
6.971990829817009683e-02
-8.688824953287690445e-01
-1.102253879135279835e-01
-8.012504245644029854e-01
5.336217749429352786e-01
4.390326088715124087e-01
7.285942968301613032e-01
3.769816305654316579e-02
-2.476018315964618743e-01
6.567917226666143415e-01
-2.327567891624522378e-01
5.685855697648305451e-01
-2.201956018404565008e-01
-4.392524211175350413e-01
3.997738772558538933e-01
7.020996315303442703e-01
5.035992329682554836e-01
-6.723687512988680837e-01
-4.861598389673915666e-01
-7.565598538107223270e-01
-9.311640727035668252e-01
-1.933093066644975266e-02
-4.806179088491435714e-02
-2.585120316959943487e-02
4.150922428993897295e-01
2.077274108386213403e-01
2.563998504461197925e-01
-4.591706901539336361e-01
-9.059846058255933698e-01
-4.743272076870246323e-01
-2.122501409990291688e-01
-5.340290441284862855e-01
1.330150002402372689e-01
9.020969487903167661e-01
7.755085777556005588e-01
-4.533937995106183672e-01
1.947251739985946806e-01
9.006027040610655732e-01
6.503988478320672506e-01
2.214035367896174389e-01
7.323607544499965982e-02
9.196127589137530478e-01
-6.147369251725345318e-01
-2.122501409990291688e-01
3.961227885923033210e-01
-8.740484815353712911e-01
4.155989643364368380e-01
9.190088771973330406e-01
6.269109592582380319e-01
-8.267524317543140100e-02
4.649442387933833132e-02
7.181022303322284195e-01
9.258576660413713189e-01
-6.264045991040649852e-01
1.565194593479972696e-01
-4.139558602077340055e-01
-9.822915242611256481e-01
-8.993400715145662971e-01
-4.662023299930104780e-01
-5.820594084229524512e-02
-9.601886660121152772e-01
8.178248689554614703e-01
-3.668857111453218689e-01
7.196383829250445618e-01
8.645554557666847995e-01
1.427396933119109423e-01
7.126588781348162094e-01
1.256441435970285792e-01
8.139061023836258180e-01
-1.954264097134567058e+00
5.826831743837634914e-01
-1.983366185669859227e-01
-7.494857717352263471e-01
7.160253001931555783e-01
-3.555701950783598519e-01
-4.331032018505673875e-01
-1.173626110019267976e-01
-1.626108263275001242e-01
-9.710715128105988914e-01
-9.227724710851692436e-01
1.092565305862267522e-01
-3.507417672823853749e-01
-6.013842359919636671e-01
-7.361002601490447272e-01
5.286828038494606474e-02
4.516812788077586571e-01
-1.212192278813879476e-01
9.836763216622070871e-01
-6.395994708292507269e-01
-3.230872802721924675e-01
7.172396747792466609e-01
-3.337075755505896080e-01
9.797460486181241990e-02
-4.451741102169972653e-01
-7.927214512093985199e-01
-9.937843865927153963e-02
-3.506227294226085256e-01
-3.691397887796379340e-01
8.946493662582777340e-01
-9.468664738848950879e-01
-2.865769490445051471e-01
-2.172747164772432793e-01
1.312370047496289605e-01
-3.640766987471311111e-02
-3.215401256543755082e-01
-2.863318475088776349e-01
2.523701530083235500e-01
4.734017277528141943e-01
-5.042843663880856031e-01
7.292776718759486076e-01
-2.579461075161226802e-01
5.994073113220381721e-01
-4.839157199965815614e-02
-5.454401843328657851e-01
-7.567458749378559446e-01
5.849078205230318073e-01
1.544387050683997398e-01
7.578683341720537925e-02
6.707398632305041630e-01
-3.822099742431142033e-01
9.475036032126200602e-01
9.179016905594630238e-01
-1.972932396406619215e-01
7.101526601661174443e-01
-3.987233514832211334e-02
8.579462357503271352e-01
-2.596671008514759293e-01
7.598063293007581986e-01
4.520616368762411241e-01
-1.933093066644975266e-02
-4.366919006152389926e-01
4.634488233641507193e-01
4.689515193999100884e-01
6.246591438355646453e-01
6.976914229570123638e-01
2.831080680228639235e-01
-2.816272329876152725e-01
-4.931533117696229596e-02
-1.931988188685871410e-01
-5.432900697130138568e-02
3.412201280019564464e-01
4.125640454820034275e-01
-2.363317938407023533e-01
9.289671360062634609e-02
2.704696743163115258e-01
-6.898527470549451479e-01
-4.993431550008375908e-02
1.048000537550988209e-01
1.034099803729087164e-01
5.311780756831296912e-01
-1.521198114636339582e-01
7.555643490640857607e-01
2.462238337454896175e-01
-1.205045701569140704e-01
9.129954041059100689e-01
2.131198572417518644e-01
3.111230251868211116e-01
1.509480798696485326e-01
5.820145410895527505e-01
-1.256662854954108122e-01
-2.447952706955507374e-01
4.499518104392810081e-01
6.709952057293497862e-01
-8.588436586484617941e-01
7.126428930529224992e-01
5.564478490965973911e-02
-6.806327935798717199e-01
7.794447303268214888e-01
-4.259747874571302440e-01
-7.965136648873054614e-01
-1.231852495218768162e-01
6.208201796507473169e-01
-1.201697541855839546e-03
-6.748815077172864996e-02
8.203900555148513352e-01
-5.523343889163367937e-01
4.446381359603195360e-01
1.867308096399169504e-01
-3.980244815687119520e-01
6.418957081849230306e-01
