-6.543164464856350282e-01
-9.167602654239388471e-01
5.164692712393708085e-01
7.682634273654977974e-01
-4.704536773539298444e-01
-8.548358061792407092e-01
9.284123628315272825e-01
1.312543913004171614e-03
-3.264832658698713086e-01
-8.553935082603292273e-02
-1.393449165360993725e-01
5.219011478707258345e-01
9.533866319062966888e-02
-9.631881357003679867e-02
-8.721493924269827502e-01
7.834737228180828073e-01
-5.336858831382920165e-01
8.952939980550904675e-01
-6.168004966794713440e-01
4.943520353359143193e-02
1.652243554676622317e-01
-6.537765895060312360e-01
9.429439022620862421e-01
-2.408985354227439757e-01
9.183056689674298223e-01
2.231629633118581424e-01
-9.417035404998899129e-01
9.596341305248397013e-01
8.491390061862951200e-01
-4.427915484008932978e-01
8.378747919092044416e-01
-5.054676207443593583e-01
-3.444019502279473954e-01
-1.332897364511795857e-01
5.924515434431201211e-01
1.062973519350840501e-01
5.918704808304162679e-01
8.498312169539379290e-01
-6.901688828223100369e-01
5.025445485532409329e-02
9.969540849628790724e-01
-6.978631279115203867e-01
5.741395579801142901e-01
6.738989700674575811e-01
3.051615337423336793e-01
-3.396015545489317056e-01
-3.226289533607114013e-01
1.736338507979926504e-01
-9.081411344759262594e-01
-8.167015922973113184e-01
8.797327321452099724e-01
-5.276182868719814234e-01
4.813599172371452184e-02
6.937505041841323106e-01
-4.344414987224332059e-02
6.911788894951675921e-02
8.945986028813135427e-02
7.867007876668812294e-01
9.376852344212760482e-01
3.299662316431926090e-01
8.676940159864288127e-01
9.305116271831377350e-01
-2.221895846947119502e-02
1.987364310541630541e-01
1.075651039903249284e-01
-2.538955573691665801e-01
4.609140671343443518e-01
-1.677895841970333812e-02
1.420660501084962668e-01
-7.443136222371666832e-01
-3.473278492253490946e-01
-1.370343793888637585e-01
5.057905743799322451e-01
9.390721673423945148e-01
-9.789206432474695241e-02
-5.977649920217720236e-01
-1.168825099567656345e-01
5.935569758210570424e-01
-2.830121477474880631e-01
2.597654354624385764e-01
8.368222320151690319e-01
-3.364937807374939194e-01
-3.546203073287865770e-01
-2.771743365777190604e-01
-4.506638054948381988e-01
6.151537256778500939e-01
8.415882543254058490e-01
2.402455254393813799e-01
-4.785572867952432308e-01
-3.182011206899668654e-01
-6.097462826960766691e-01
-1.088823818350996842e-01
-5.793656368399198175e-01
-7.287931629206283457e-01
2.126182206521984863e-01
-8.912993361081797961e-01
9.830265776436053482e-01
-8.540758398865782031e-01
1.038989347867627089e-01
6.450056355259337071e-01
-9.439160661562249199e-01
3.032853246370701417e-01
-2.582825933978898370e-01
1.006684824558163882e-01
4.942947001843362997e-01
-9.527682340529681770e-01
-4.608136908908293528e-01
5.325038462439499742e-01
6.954174056100281831e-01
5.053826010892370491e-01
-1.300529612104757149e-01
5.092847336549053416e-01
7.535285160185090092e-04
1.358864235246277641e-01
6.892981555134312099e-01
3.252681566645299061e-01
3.765927729479856545e-01
1.431167724130177898e-01
-1.730698325049024877e-01
2.314658267204774411e-01
4.925287828993061279e-01
2.666451018891189406e-01
2.742937745874607369e-01
8.215095662704516855e-01
-7.593491814919091087e-01
-6.197623220862902294e-02
-1.075069278919802418e-01
-9.477911273518710988e-01
1.032515661487445335e-01
-4.689974820130675681e-01
1.642496113545997005e-01
6.495570828906276351e-01
-5.480161572740989140e-01
-6.376125704532182858e-01
2.113508803782717660e-01
-8.058727000694112519e-01
-7.920408068075879271e-01
-2.830094062362549234e-01
9.640595056990453049e-01
-7.608328429136148596e-01
9.778625273190795220e-01
-7.228651948865054688e-01
-3.606368764709699803e-02
-4.675625033522146090e-01
-7.572026081796419117e-01
-6.115461989172852331e-01
9.787797997286480367e-01
-7.118673362466201304e-01
-2.402442938798570182e-01
7.478598936572975475e-01
3.866301833092022910e-02
-7.597675522332700826e-01
1.893604934417192354e-02
6.401438314180016853e-01
7.360320940852467242e-01
1.816255572501379589e-02
-4.401339651293210142e-01
-9.207243701964440419e-01
-3.561838145066404948e-01
5.533693958797254453e-01
-1.983539504338762693e-01
7.214575642043496995e-01
-2.823749176786432002e-01
-8.532783610037899535e-01
1.608394542014186523e-01
8.357634809669982623e-01
-4.289947660634085835e-01
1.530503744155966572e-01
-7.075653131898291814e-01
-1.757777342379611696e-01
-7.369241906094887717e-01
-9.931656287518708659e-02
-7.835321529926817519e-01
4.359517823011713755e-01
-7.022857924328007595e-01
-3.473526344790884846e-01
-3.057323614877840434e-01
8.585803567798269142e-01
8.122687884220103349e-02
-8.125144696607045081e-01
3.520242547151899437e-01
-3.426918687582745093e-01
-6.341869404743498695e-01
-4.331511210001945944e-01
-5.450320237225663167e-01
-6.055792133962809576e-01
-5.276296152280177676e-01
-8.133223952583619187e-01
4.843007630222859738e-01
5.277953469841460965e-01
-4.868060960311140217e-01
-4.101799638928527170e-01
6.677488437432075319e-01
7.090096960738365706e-01
1.511669952547951556e-01
-5.139864153442292860e-01
-5.013688236518840657e-01
-4.222441380066550565e-01
-1.065392223002992189e-01
-1.648028725640056091e-01
7.500909750531921105e-01
-6.567988521702485816e-01
2.891210763560572161e-01
7.070055247536599641e-01
4.892029729515645631e-01
-8.130298687027683879e-01
-9.515933380562671129e-01
5.187012210761339226e-01
1.884364140323853132e-01
7.385816599393060233e-01
-5.767177271933694449e-01
7.191750562626049170e-01
3.435136500975224383e-01
4.181263992770580806e-01
8.711962232689518526e-01
-6.827870914717368844e-01
5.060485093564794923e-01
5.180161482478995438e-01
2.196839005064818995e-01
4.605615751652381018e-01
-2.393316551984805418e-01
-7.187258755094874108e-01
-7.714012296096424137e-01
6.043541843662143531e-01
-3.698771321165119641e-01
-2.047282723465861931e-01
9.646114301037351790e-01
5.315892253558709424e-01
8.951951661285684203e-01
2.346708436128763786e-02
3.221298812904325182e-01
-5.496148972079217820e-02
-6.383817877859585543e-01
4.176565447355999883e-01
-9.483147813571799478e-01
-7.492468197118336004e-01
-5.396251920881074415e-01
1.615473990522937608e-01
-6.635263836359619471e-01
9.776869353278412333e-01
3.889029035590629846e-01
-7.826174481975558539e-01
2.195781754614585246e-01
7.855541616257861737e-01
4.258401491510512837e-01
1.663140450877249599e-01
7.007956884768800077e-01
5.260019402297519964e-01
6.782802067081223907e-01
1.366550671301642872e-01
3.788457408637655455e-01
-3.931366690190882807e-01
8.078030023982851748e-01
-9.686706304289263159e-01
-7.072861313135150318e-01
6.841940232311742864e-01
-6.326619258207255569e-01
9.279939110309045613e-01
9.294347851616622247e-01
-3.020368059622631218e-01
6.209184965520169186e-01
-5.721460984423005769e-01
-7.448338184248330940e-01
-6.303204212629816006e-01
9.062242858204507812e-01
