-8.114956481047872483e-01
-6.848547456345999151e-01
-4.383785706886471623e-01
-6.308452194218456821e-01
7.218150143390829054e-01
-2.238243581190157983e-02
-3.780660711045453759e-01
-2.066952080711212947e-01
-9.829218075351491279e-01
4.199863553861158394e-01
6.409171505320119255e-01
-3.728429000624133849e-02
5.156605355539571889e-01
-9.168224940737841333e-01
-3.795061966097650341e-01
-7.316618117068105498e-01
-6.028407835098150702e-01
-4.844922773207891442e-01
9.509064221212710777e-01
-8.047751027262344259e-01
9.712830637991989313e-01
-5.252590329523487700e-01
-2.725761771649133358e-01
5.480936758557870547e-01
-7.746188656358696800e-01
4.459734581813614707e-01
-5.850847204673621516e-01
9.507634623864231749e-01
9.213692926050200960e-01
7.686122120908380762e-01
5.074623089839236378e-02
-8.328449597604490329e-01
-5.637680460850642561e-01
6.644162116826612952e-02
5.407544175400658126e-01
-1.450230351568537746e-01
-3.096021903743642056e-01
5.694142295621664740e-01
5.609290302390066429e-01
9.845640582208483593e-01
1.844431403457948981e-01
8.408414438140887626e-01
4.523646161386873921e-01
-3.023975624166732601e-01
9.788991181205617398e-01
-6.141688590417750948e-01
7.610133899806099667e-01
-9.027994449592675608e-01
-8.518619409345506988e-01
8.601538247954265692e-01
6.847604055517433341e-01
1.317266423084297866e-01
6.016968536641629228e-01
6.807487590936525113e-01
-6.377378115581402440e-01
7.578952171981478969e-01
-5.552272302998983999e-01
-9.925088005254929513e-01
-3.737028348461854943e-01
1.718598907574215851e-01
4.638974954974663945e-01
2.855662505389093830e-01
6.180484309581568692e-01
8.221392886606080364e-01
-7.849152042994655964e-02
2.595188567161468285e-01
1.272865340995856798e-01
-9.654593404717397576e-01
3.491652021048718968e-01
-3.576562123276019189e-01
-9.361265979811523863e-01
-3.839674771810097642e-01
8.125583209954712061e-01
8.925116374542778619e-01
-1.744981594560788274e-01
-1.612127451407974199e-02
-6.915974747047510807e-01
-8.664695340106260968e-01
-8.854791662253542750e-01
9.058928296481794096e-01
6.697206733740261875e-01
3.521560768230684868e-01
4.214563785843081778e-01
6.691163133829933773e-01
-4.643504351500755689e-01
-3.292755851707962478e-03
-6.667897619214655514e-01
1.441423679973679040e-01
-1.094893529106242269e-01
-2.033239173201966121e-01
8.222747232555049912e-01
-8.413696906188075086e-01
2.257559864437790331e-01
5.633709010388270322e-01
-5.267813873279529879e-01
3.595517990376975170e-01
7.121536239149595104e-01
-7.305854222053687064e-01
-1.853078843385702612e-03
-7.471879869292730181e-01
-8.151415401731254562e-02
1.311566950593856529e-01
7.913123049149826116e-01
-1.210099941235027732e-01
7.021189423183304967e-02
-9.945788317315162885e-02
-8.586286035204593325e-01
1.283302170131861430e-02
1.286290370264882021e-01
2.095935198288922940e-02
-7.493799859066965219e-01
-5.920351124807921028e-01
-7.649415808806205863e-01
-1.228043597028438683e-02
5.262051017406155218e-02
-6.302209649023791105e-01
-4.370877270887496557e-02
-9.823229177220456076e-01
-4.297209171833227259e-02
-7.886829246262212489e-01
-7.016772557238315500e-02
3.592380401440367077e-01
4.739075764845792627e-01
9.583590303884961248e-01
-1.314389095432060284e-01
3.097433877189919027e-01
2.805097755739327514e-01
9.525118205094362800e-02
-8.577589876732025775e-01
-9.095230937816485284e-01
-9.174021155643983239e-01
-8.840515993003319473e-01
1.275988557460783213e-01
-9.062888271442748334e-03
-8.777188384687790723e-01
-5.051248143761917220e-01
4.541645398556684032e-01
-2.253070979670470653e-01
5.848789035986023954e-01
-5.334227047091248952e-01
2.200043324650584609e-01
-4.219488677742175842e-01
6.758323669286727675e-01
9.279214668303812363e-01
2.215424643251249215e-01
8.063082909570806756e-02
-1.182008146032238471e-01
-3.785995161443613810e-01
-1.377212994206609142e-01
-4.244639385761777017e-01
-7.334587981299183213e-01
-4.257826224943670468e-01
-2.587682797937089774e-01
2.547529056827928517e-01
3.441961289417612146e-01
2.489696701419414904e-01
5.743048938238028978e-01
3.327976706833053466e-01
9.904587076982529492e-01
5.045039881927158021e-01
8.296057558922975694e-02
-5.032730326149406075e-01
2.430773271938797553e-01
8.399469808617556765e-01
9.211037826790280381e-01
2.102489361640127452e-01
-6.971026500405936854e-01
-7.810128536209071104e-01
4.965464163011752419e-01
1.516420142538812410e-01
5.311063598197423019e-01
5.806692615646766864e-01
-8.058717396638239716e-01
7.551350973854709103e-01
7.818220461435281265e-01
-5.349917066649083619e-01
1.127215527708067544e-01
4.532705078963956691e-01
1.195006529391826611e-01
4.491219826389911685e-01
-2.078948494400680858e-01
-2.825518134485316413e-01
-2.727791470266935914e-01
5.803342138772547010e-01
-4.584443305037224636e-01
-1.442381861052046688e-01
6.786459504228599116e-01
-7.858665034987928344e-01
-8.192705276745473331e-01
-9.065998313760141869e-01
7.111764743711073145e-01
6.629770648153894275e-01
-6.291917963953304049e-01
-1.541130444954763590e-02
6.853203427546912252e-01
-7.071935981907517821e-01
-5.634145833929753433e-01
7.733464773972167361e-01
-5.956519229685257599e-01
-8.622617788671202987e-01
-8.289429618715460357e-02
-2.614848978773738342e-01
-2.757807103191134424e-02
-1.486652793974994058e-01
-3.193183242251564913e-01
5.237328259134255148e-01
6.582226884222217578e-01
-4.129237681224560141e-01
-3.345898256524975078e-01
7.792358868678366246e-01
-9.777555607031349627e-01
-8.610733558424163991e-01
6.773614788207888981e-01
-1.055040496420860396e-01
4.305900088086325184e-01
3.224723341080220074e-01
-2.077638024335970446e-01
7.783226934292819532e-01
8.976764733322770695e-01
-2.439972806646610870e-01
5.838237410677149519e-01
-5.688290059426328593e-01
-4.028353028033269112e-01
7.762132126971172941e-01
1.707868029355219530e-01
1.117688322073493445e-01
4.538640490376857350e-01
1.381957092048617941e-01
7.553676835303986259e-01
-5.692705778323796650e-01
-7.217931826945021001e-01
7.502537229265779928e-01
6.080070904558905198e-01
-3.191168245873206022e-01
-4.862153911827797881e-01
6.670352940650747797e-01
9.669444439422605342e-01
9.351219981392995262e-01
-4.549408549468483276e-01
8.568604166810445122e-02
9.627356328084151205e-01
-5.603517685525549741e-01
-5.981978936919651879e-02
1.769787058610570174e-01
-7.744733078567971329e-01
2.884602355782057703e-01
1.327710569776083815e-01
4.165202019592164628e-01
-4.460228964546570918e-01
2.516152364890513748e-01
9.440160873164697986e-01
7.981456324236013700e-01
-7.229126952847697574e-02
-6.998634524627376230e-01
-3.966565911660624444e-02
-1.586904992300970374e-01
9.164638974550420869e-02
-1.236173583961392985e-01
-3.421614219557003178e-01
6.347478067691181280e-01
4.302542616593882929e-01
-5.725780091238479308e-01
1.975574230886656402e-02
8.001518352654690691e-01
6.711424384657882491e-01
