-7.714366647839557833e-01
8.749362199194241629e-01
-4.224040868624856504e-01
3.452048847784747743e-01
-1.000000000000000000e+00
-5.702697858449066182e-01
7.055070039455739461e-02
4.758830082603884293e-01
9.027796804787900919e-01
-8.239112736734065523e-01
-3.865055417820173478e-04
-7.945590410621223842e-01
9.805940169216877111e-02
7.741913407695074634e-01
5.842828133013888703e-01
-1.000000000000000000e+00
-8.906248515950286881e-01
3.542443855544141207e-01
4.478843968943602150e-01
2.621541806723904355e-01
5.190432083857756673e-01
-8.058677756741161602e-01
9.698717633350451006e-02
4.983721491928888581e-01
2.979879233508790914e-01
9.748507046872735282e-01
-3.587866436758863076e-01
1.000000000000000000e+00
-5.679783677391048169e-01
8.481219411068713354e-01
-4.709479053908421919e-01
-2.114308801749886779e-01
-1.742310750736145442e-01
-3.445600856834380998e-01
-4.463369904248889464e-01
-1.090925377430537052e-01
6.127554280789854202e-01
-9.713820520550904281e-01
7.089481533875858776e-01
-1.781087364016653574e-02
-8.524792993776075800e-01
-6.154597165887347732e-01
9.691421198675507220e-01
-1.330443200068393561e-01
-8.056215793848386930e-02
-7.467100985458652307e-01
3.733295265979185706e-01
-1.000000000000000000e+00
-7.207173004348679246e-01
1.000000000000000000e+00
-4.621078940235647248e-01
6.718343956507319970e-01
-1.370381577114667682e-01
-4.284116803948934127e-01
4.446892704988681388e-01
7.565389313767793000e-01
1.916150086427469146e-01
5.997711520257005269e-01
4.000451568642044986e-01
4.260205707159124833e-01
-1.915002210044523812e-01
-7.246966647906630810e-01
-9.316048246576208447e-01
-9.535667870119865497e-02
-5.725952593323785367e-01
6.188187893750385360e-01
2.140059004901498085e-01
-3.540242696677691758e-01
9.699472077299784445e-01
-8.802462021901161782e-01
-9.891927157119813074e-01
-8.022210783116133781e-01
9.018791921498764408e-03
4.543803972816433112e-01
-9.371920032376122034e-01
-5.417112961046943731e-01
1.000000000000000000e+00
-5.555419715983214157e-01
-8.345326504636336740e-01
9.197840924928415429e-01
-6.359923185447913241e-01
8.661002278718543668e-01
7.876687805455246938e-01
1.000000000000000000e+00
7.790196568330830518e-01
-6.898698931062413608e-01
-8.266141722501911815e-01
-1.689322739835752429e-02
-7.512304262270952382e-01
-8.876411882049010105e-01
9.890201016105576448e-01
-7.185415256605462986e-01
4.438213573071039808e-01
-6.822773790631980750e-03
-6.920364148844757590e-01
-1.735908954844301022e-01
-3.811924836059716881e-01
1.000000000000000000e+00
2.496688387633457240e-01
5.876284091763144257e-01
-2.713337772353965338e-01
2.146224600385673309e-01
-6.181920088815389125e-01
-4.686459519901377546e-01
1.358175432345958278e-01
2.229782565862099830e-01
6.823609654337707831e-01
-8.471564279647814111e-01
4.097585665663404653e-01
-5.014887718048799403e-02
-2.252542726308878196e-01
3.049337266526445100e-01
1.000000000000000000e+00
-4.533897071460414596e-02
-8.331984114224866289e-01
-1.428685202507735674e-01
-5.090596478468915054e-01
-5.484168238362887582e-01
-9.675772494453565020e-01
-8.229355651973163654e-03
4.005583437234041533e-01
4.024952667974306952e-01
-6.227711594104591297e-01
-4.673486027573877655e-01
-3.236196640329685459e-01
2.314127066080415851e-01
-5.966650815483330872e-01
-7.763909491375553529e-02
2.523050027691615682e-01
-6.086270204069452738e-01
-3.125886195558320590e-01
-6.425100028563013321e-01
9.856037425493854309e-01
7.382141326363589329e-01
7.953733467423940162e-02
2.633926551319363263e-01
-1.360210015316872800e-01
3.188944285234310838e-01
-1.348178380864234471e-01
-5.417444862205618439e-02
9.537037873188520809e-01
1.761758170689786684e-01
9.406691866212506525e-01
8.323416562537182539e-01
-3.928267552598145862e-01
-2.315749743483928036e-01
9.089117695032969957e-01
9.909034249973514008e-01
9.659028634357591514e-01
-5.860460743294715336e-01
3.662795768089641690e-01
-9.861950225495739186e-01
2.064099141796378600e-01
-7.586184104384620097e-01
-2.182547576400764022e-01
-4.312561615641032353e-01
-4.303645601365940765e-01
8.430216759623569978e-01
-9.490731320267334903e-01
3.606422078360884687e-01
-5.579612691965259164e-02
2.750803294025658818e-01
3.506857956861705317e-01
-6.980547258543113864e-01
-8.686608936655064728e-01
8.774483644201962473e-01
-1.000000000000000000e+00
-6.074362037880054466e-01
3.503144916407318066e-01
1.194574691336920402e-01
-3.202858115808621120e-01
4.073725917522229012e-01
-7.762699360420722838e-01
-2.011585208464505559e-01
5.637540949126815804e-01
4.373878030864286615e-01
-7.588114102793448446e-01
2.291601039021942676e-01
7.127382631777570698e-02
7.485239345536469635e-01
-7.633084986876901290e-01
-3.320508382961868676e-01
1.364999647042794972e-01
-6.649460853328367227e-01
3.281191425609808476e-01
8.992312532324299168e-01
-7.092316938948319827e-01
-3.860450003955426812e-01
7.028040953572507465e-01
-8.862437313554131224e-01
7.820013704666728405e-02
-8.960329518023785189e-01
-9.670345200578964739e-01
-5.640965946776086426e-01
8.732621997700718008e-01
6.504329905833157177e-01
-1.956262193381066994e-01
-7.387995829639600887e-01
4.879943934754776835e-01
-9.565541369934690286e-01
1.877813681684796232e-01
1.697642928471709833e-01
-6.890472660239335134e-01
-9.500839496269394835e-02
-8.247639233485537513e-01
-3.358564740860031650e-02
-6.116751637222472837e-01
2.813242479368871507e-03
-3.652549531027265983e-01
-3.181562029371068911e-01
-7.387682946293369080e-01
4.216865654678385589e-01
9.933904232366133069e-01
7.136639813980159008e-01
1.311735156554619253e-01
-8.703154101734404957e-01
-6.732063581590133072e-01
9.395802510071388225e-02
-6.992638569626289380e-01
3.797206358538271487e-01
-6.643708954280453938e-01
-6.539254295437075815e-01
5.815038355519666635e-02
-6.801539257369975111e-01
-3.837787645377530588e-01
7.571344019942634340e-02
-7.708063581234816386e-01
-8.151554525872152235e-01
-9.590396947763024649e-01
-5.989990373769488174e-03
-8.913930116997907938e-01
6.808361214485206814e-01
-1.000000000000000000e+00
1.000000000000000000e+00
-1.354483703367397873e-01
-6.459698679207405148e-01
-8.641381809741675024e-01
-4.206345627826085787e-01
-9.418068118654698839e-03
7.375650744583268636e-01
-2.320702230909965635e-01
1.000000000000000000e+00
5.752041819655051569e-02
1.000000000000000000e+00
-4.977891827023632754e-01
6.816288377726585912e-01
7.498251480494623200e-01
-3.284044264831487148e-01
-8.374727973529292324e-01
4.813136104786071012e-01
-4.524197066884378948e-01
-4.776117925383143725e-01
-2.632562559820585402e-01
6.815441144344089874e-01
5.049118659020341848e-01
3.202760626950169609e-01
4.013435810270959969e-02
6.799125812358237653e-01
3.242559555375884583e-01
1.520090675759050991e-01
7.606747224015590891e-01
7.219879016889689805e-01
-6.724297433726512674e-01
6.097223187126169508e-01
5.274138321222010539e-01
