-2.663964135102430686e-01
-7.544384931920191661e-01
-6.964544813658739564e-01
8.117173876920867892e-01
-7.666537690449594100e-01
8.057358427303773496e-01
-6.084427568820982568e-01
-9.934049253441330496e-01
3.355250611251759940e-01
4.310918491232855754e-01
5.818632965947585500e-01
-6.166802252051861721e-01
2.376133164600250369e-01
-1.382566508185617549e-01
7.568733820440802784e-01
1.066666717863802016e-01
6.367628987900844084e-01
-3.207101322293958723e-01
-6.223735823091727237e-01
-3.434216503776935103e-01
-1.089134110370157116e-01
-4.124073133730850049e-01
1.000000000000000000e+00
7.498495881174873645e-01
-4.545300487218001395e-02
9.599125396769168095e-01
7.785907292724764117e-01
-3.900896513363805718e-01
-2.772552736089881620e-01
6.274653646228943726e-01
2.691053897617068369e-01
-8.929259149784997407e-02
-7.448985256052759185e-01
-2.380496221072092577e-01
4.416023669942261143e-01
-3.342590299937398535e-01
6.886759175449871373e-01
-2.907495845571701071e-02
9.539407776934588634e-01
1.170380271469753652e-02
7.498511089005499564e-02
-8.837152457547106654e-02
2.176141024866697082e-02
-6.921680942670663250e-02
3.032518547597904957e-01
7.827129944977652132e-01
2.788904263333366607e-01
-9.810099847894748759e-01
-7.593050345439664728e-01
-7.087541883869141746e-01
1.050117826723182823e-01
-3.444742458069606217e-01
-2.089050813331693734e-01
-5.980065761771437005e-01
-5.998915746466935150e-01
-5.643749892913890731e-02
3.897460966335450916e-01
-1.527636553676401387e-01
-7.476155453868791323e-01
3.610724925073650615e-01
-1.000000000000000000e+00
-2.038855386057671915e-01
-5.329075092978524664e-01
4.736740713026447169e-01
-4.009850425502929361e-01
-6.501688381034212982e-01
2.035334085219029365e-01
7.079642950745266283e-01
-7.556512352093963658e-01
-7.679850561561155087e-02
4.993920167137241295e-01
8.513898054328864484e-01
-5.457177374040861340e-01
-5.845183192411234074e-01
-6.437040976117825997e-01
3.294823460945531801e-01
9.494563753245469639e-01
4.262833287492339140e-01
6.493637428311296311e-01
-1.355277190289838618e-01
3.529293346245079288e-01
7.986386046288470597e-01
-2.009643283863248031e-02
3.179148371076349622e-01
-3.351672877498102499e-01
3.515985359253417930e-01
-6.687435561699223152e-01
6.272646310036937845e-01
-7.072767870581222471e-01
2.916179263430575541e-01
-8.614828198975379991e-02
1.487734834537040030e-01
3.809164860812645770e-02
-9.538176420436410563e-01
8.076548120536464204e-01
4.692389038018229819e-02
3.172971145780112412e-01
4.048121885026282896e-01
5.649410353207231505e-01
6.203471442259315127e-01
-3.776599493890726578e-01
5.774252305102289817e-01
1.984705261488658445e-01
-4.420423738481360498e-01
8.413516335352252962e-02
2.955903612010077897e-01
3.223028834043788482e-01
-2.102198199509988097e-01
3.712148814131788210e-01
-2.824549092376851256e-01
5.023344921895414039e-01
-8.500721146725405131e-01
8.586535465250951793e-01
-5.628880815043685315e-01
-5.272171807546892630e-01
-1.000000000000000000e+00
-1.000000000000000000e+00
7.098827484057937398e-02
-1.000000000000000000e+00
3.796428142759207813e-01
2.882622303700873023e-01
3.161054576993844178e-01
6.514425281468074758e-01
3.403988534399155497e-01
-4.892703929665256357e-01
5.051435776403614408e-01
9.025765347505455560e-01
-2.105903383688444708e-01
4.732658265720901536e-02
-7.502397862798059203e-01
-3.144044440438718002e-01
-3.515381408147627007e-01
-2.218306954006973863e-01
-5.999222563869399671e-01
-4.946198285792652305e-01
3.824646323119207936e-01
-4.208845775739169515e-01
5.414032781977926589e-01
-2.379921952863348344e-01
-2.729485659547153387e-01
2.365115651632254679e-01
1.208453531023366834e-01
-8.282715477589611686e-01
-1.809429869282437320e-01
7.252787417762288635e-01
1.000000000000000000e+00
-6.544670738317505121e-01
-6.000565962591535296e-01
4.388230083130384429e-01
1.616343374348947759e-01
-2.817420423546343478e-01
8.275896686632686627e-01
2.226144630245847633e-01
-6.416188637262638661e-01
-7.931799218307235000e-01
6.576725242998022747e-01
-1.941057244224519418e-01
8.514729589070180182e-01
8.214336208526767935e-02
7.748927591359802136e-01
-4.464437877780760289e-01
1.222667656695102800e-01
-4.931448090244925364e-01
4.062234416817480098e-01
3.383224181801278707e-01
-3.101177114346351793e-01
-9.925527780381371290e-01
-9.433479312908557013e-01
-7.709727656050114897e-01
6.120962644809669895e-01
7.856320122026855257e-01
-7.447825280461191078e-01
8.807937473107934068e-01
-3.838368376278978866e-01
-6.345848689306160528e-01
1.875739512906505202e-01
3.281384130450089032e-01
2.202722372714098209e-01
-2.281432936639941622e-01
-7.582462437124856125e-01
8.441989011686507061e-01
-5.777789475270673769e-01
-7.637696492047157948e-01
-3.139529352611071245e-01
-5.360700831686714407e-01
3.900210196752750269e-01
3.120171148731666899e-01
-7.661836134880504190e-01
-1.913030242604729647e-01
-2.684037199565832421e-01
2.683475473094534269e-01
9.071920307052552257e-01
5.389675848446422168e-02
8.198072186565072972e-01
-6.521581001951854972e-01
5.600888151948544280e-01
8.132376013330309128e-01
-8.981551186425499322e-01
-4.059526459170181845e-01
-5.273585704908815286e-01
-3.555544027851440525e-01
-2.407989901523412135e-01
3.875777483749210939e-01
-6.870440248011520090e-01
-9.693449882882645419e-01
8.611207684012038843e-01
-4.291233283100495122e-01
3.719436397697424290e-01
6.168781835541140707e-02
-7.010365352168245190e-01
-9.265306628518621412e-01
-6.644966622469588025e-01
3.425286618464766786e-01
7.115413815940266895e-01
6.783734735777398051e-01
5.073276653067653186e-01
-4.522516966547104333e-01
9.065943061893615429e-01
2.933358755844244770e-01
8.292475853933316543e-01
-7.795888640121454438e-01
-6.993697043316978723e-01
-2.892036918232451792e-01
7.115328939498632987e-01
4.268199562659868995e-01
-5.807726176656049510e-01
3.158317612482896553e-01
4.076742533578259220e-02
-4.251500156866911961e-01
-2.856620849209540181e-01
-6.636701370059030491e-01
-6.450222908094496166e-01
-2.381697300874137668e-01
1.950696046086397573e-01
-8.541167885535984050e-01
-8.128628430177681219e-01
-8.510729794055760244e-01
8.415433158559983973e-01
-7.933954808911780621e-02
-4.107229200139034253e-01
4.078829679310185252e-01
-4.826675444768402379e-02
1.047930022245417980e-01
6.652809202314521331e-01
8.093260628548232249e-02
-3.617641815262453986e-01
5.820321535925888634e-01
2.819862687454517958e-01
-8.826331030512267750e-01
9.659356430159414808e-01
7.605678151942398824e-01
-9.788253202823574139e-02
-4.907811131198076549e-01
-4.222604219702442707e-01
4.905076988273162075e-01
-3.347925636008381445e-01
-8.632642690416765241e-01
4.137374898809584867e-01
4.440514408037254945e-02
-1.000000000000000000e+00
-3.296952003755608818e-01
-1.716301977497697306e-01
-5.480591357625248516e-01
3.958154766281675174e-01
-9.808414174074076008e-02
