-3.889528277529022970e-01
2.539357144386584705e-02
-1.000000000000000000e+00
4.635552880180267010e-01
-3.384091483094623931e-01
-6.874176491539466527e-01
6.951853457026014871e-01
3.259151727632189077e-01
5.241496716702459535e-01
7.945873950226357563e-01
-7.777824108853444995e-01
3.863442293378857584e-02
-1.380404272367283247e-01
-2.890730051180428473e-01
8.401239865590643952e-01
9.192002734948634401e-01
-4.118363438756488804e-01
-2.807101939473729546e-01
-5.197010840493709871e-01
5.936270726629017114e-01
-8.062435682947621807e-01
-7.287169006021683160e-01
-3.731454744318547512e-01
1.972163487311972274e-01
5.371594145169134027e-01
-1.384051021892836186e-01
-3.365338507655072919e-01
4.483190567180713182e-01
5.549022236542801023e-01
-2.541751122552299291e-01
6.251187925306369575e-01
