-1.646259863081059871e-01
1.140183187812380261e-01
6.293174592589090288e-02
4.061423216607316089e-01
8.245893944721474078e-01
-9.277625195041960815e-01
9.366033898696454196e-01
7.650790395750747264e-01
-3.959078059925609239e-01
-1.495232711312872720e-01
-2.194609539534273512e-01
5.576449817876341086e-01
4.225773824302010429e-01
3.665134855956946325e-01
1.000000000000000000e+00
8.405818207088955329e-01
-1.217885461047560902e-01
6.591149752773298731e-01
-4.445298487622996175e-01
-1.907853901258377283e-01
1.684183061336758103e-01
9.444250200176990129e-01
-4.494518479538744948e-03
-1.322281640031405248e-01
1.000000000000000000e+00
3.590952424500717943e-02
1.000000000000000000e+00
-4.848252957990372147e-01
-1.000000000000000000e+00
-2.943797158653759238e-01
1.000000000000000000e+00
1.000000000000000000e+00
1.155943041233478408e-01
8.813325877335868030e-01
3.253918509490213440e-01
-5.512489387763531701e-01
5.682945333735581750e-01
-7.677427788697063216e-01
6.863063829141172745e-01
-1.000000000000000000e+00
1.603788203831443271e-01
3.240911611834229600e-02
4.734848722316301606e-01
1.000000000000000000e+00
6.790928855757671911e-01
7.178865323908620866e-01
-1.000000000000000000e+00
3.818557051706602534e-01
-7.941198034041130338e-01
4.146942132678714810e-01
-6.625762476843182203e-01
4.935462763144360387e-01
5.055817878958541733e-01
-1.232062493564674011e-01
8.851078653574370181e-01
-2.321140395483476393e-01
9.536670134432052581e-01
-1.664978698853519790e-01
6.841440247106267414e-02
2.256442648908325577e-01
-9.798254224870069917e-01
9.671618440612774759e-01
-9.415889376623627349e-01
-1.000000000000000000e+00
-8.658096005323788757e-01
-3.065283381555370390e-01
-1.000000000000000000e+00
1.000000000000000000e+00
1.012960294749685186e-01
-8.854528976681934616e-01
-9.002618959246460051e-01
-1.638722792811699858e-01
-7.856735941486895358e-01
2.865661403919006478e-01
6.969111176183928613e-02
1.000000000000000000e+00
2.342719618635695777e-01
8.517600987782512068e-01
-3.788694565649208812e-02
-1.000000000000000000e+00
-1.000000000000000000e+00
-5.343203336283730565e-01
1.000000000000000000e+00
-8.991554903924231512e-01
6.075796212947579544e-01
-9.202040030796996284e-01
5.417902852873603958e-01
5.783417832986003093e-01
5.882857245073687125e-01
5.687416232681428152e-01
1.000000000000000000e+00
-1.065008921848373813e-01
1.000000000000000000e+00
1.000000000000000000e+00
6.816416605415398511e-01
6.517755136924702208e-01
-5.847871732522649246e-01
9.581587338822645794e-01
-4.662784189931570289e-01
5.243524751130632655e-01
-8.615467841612334254e-01
2.290274932559075438e-01
-8.567690387199202728e-01
6.048214608257365121e-01
5.136100632715865366e-01
-4.485997413477900153e-01
-6.228158923545155101e-01
9.092679095826792235e-01
-9.348908361212356910e-01
-2.262154624609090670e-01
6.832838198095019244e-01
-1.000000000000000000e+00
-5.344835555651015202e-01
6.575855152156717676e-01
-1.000000000000000000e+00
-7.457184497415452196e-01
-4.931521716252240672e-02
-6.696992943644786145e-02
-1.000000000000000000e+00
4.459651750175748219e-01
5.405089219466885364e-01
1.936899352874515978e-01
-5.112670055791275203e-01
5.550080754158388530e-01
9.730352754233959622e-01
-1.000000000000000000e+00
-1.095356452236397882e-01
7.599463483763011507e-01
7.475118496523112110e-01
1.000000000000000000e+00
-9.615938640344086075e-01
-9.080358930415277641e-02
5.137221244792260499e-01
-2.701408621079930406e-01
-8.006722880187189251e-01
4.147773420612138606e-02
-1.000000000000000000e+00
-2.864932312905903444e-01
-1.000000000000000000e+00
-1.000000000000000000e+00
-7.238681171995575703e-01
-4.832894686161791631e-01
-1.104453143795216530e-01
-2.150783169251617721e-01
7.388345424853359766e-02
6.887638043081911743e-01
-8.210905496661446978e-02
8.797400040705467550e-01
5.446898298749995870e-01
-1.532271577645316629e-01
1.000000000000000000e+00
9.955761952600048481e-01
-2.403827873700907780e-01
-4.083305846780107551e-01
-9.628647720018350675e-01
-5.438251896426766763e-01
-8.488799918881899664e-01
-6.247975602610091883e-01
2.793689767466502882e-01
-1.000000000000000000e+00
5.305350548698792856e-01
3.343556345283578146e-01
8.245035648904330827e-03
-4.074371026189403944e-01
1.701600652219417142e-01
-4.920744126919358585e-01
-4.927617594594551065e-01
1.382322148250897387e-01
2.234942329952974982e-01
-3.931769343314506227e-01
1.000000000000000000e+00
-6.533400285750694536e-01
-1.000000000000000000e+00
1.000000000000000000e+00
9.179489940636582634e-01
-1.204563815764214674e-02
6.158385187134998162e-01
-1.000000000000000000e+00
-1.000000000000000000e+00
-1.000000000000000000e+00
-1.414352197624384466e-01
-6.020968245994648971e-01
-1.000000000000000000e+00
-8.711481708318122852e-01
-1.000000000000000000e+00
3.109007458049589667e-02
-8.051952354910572041e-01
8.776386436605532193e-01
-1.000000000000000000e+00
-4.218060768275322392e-01
-7.445732921949965721e-01
3.273915312998849636e-01
2.029484600311235454e-01
-1.676893404017525402e-01
1.000000000000000000e+00
-6.586838254892499744e-01
6.478620696679643354e-01
-1.630865057433135146e-01
-4.057226555817803337e-01
-5.390274567276498452e-02
-1.000000000000000000e+00
1.000000000000000000e+00
-4.531561449878747094e-01
1.000000000000000000e+00
8.302153296142731342e-01
1.526651592400281032e-01
4.009927958270154136e-01
4.117633674309277847e-01
7.620973397809649441e-02
9.714258910613122744e-01
-4.473083895470760241e-01
-1.000000000000000000e+00
5.644278077791069492e-01
3.102001162804407519e-01
2.308034966561456347e-01
-9.781573225633757307e-01
5.239156124737009979e-01
2.310762390251710485e-01
-3.828932662177370050e-01
4.356198995939725704e-01
-5.210411488811370617e-01
-9.188592227457978989e-01
-5.622505571614100361e-02
-5.607729220144126447e-01
-1.000000000000000000e+00
-2.906921411070548800e-01
1.000000000000000000e+00
4.057756461235231260e-01
-1.000000000000000000e+00
1.170934052028131944e-01
1.000000000000000000e+00
-6.453827052471832193e-01
9.064722644793699047e-01
-1.264150019144298920e-01
1.000000000000000000e+00
-1.055962823510445681e-01
-8.892204074937917202e-01
-1.495373421653576340e-01
1.000000000000000000e+00
3.284893005796736265e-01
-2.466641400605804058e-01
-2.353554973350959756e-01
-8.641965197073611105e-01
1.000000000000000000e+00
-5.226018386131134896e-01
1.000000000000000000e+00
4.163527134891372716e-01
-4.013527674584658200e-01
-6.061200875329781912e-01
-6.962266139605111093e-01
-1.000000000000000000e+00
-5.628270415638019220e-01
-2.211574015988837516e-02
1.335571467996885531e-01
-8.494036554015149676e-02
-3.606339869948542720e-01
-5.063474623364576654e-01
-9.135495814130842329e-02
4.898426697114517392e-01
-4.331377553799743430e-01
4.645269325467358268e-01
5.389327243668051715e-02
-8.648735915930971796e-01
1.000000000000000000e+00
-7.643687351082719683e-01
