

gen best mean std
0 91.858736 9.760367 27.728758
1 91.858736 42.2035 36.695817
2 91.858736 67.330037 25.794135
3 91.933573 74.732842 22.547673
4 91.933573 82.788854 13.550307
5 91.933573 80.931997 17.562366
6 91.933573 81.004326 19.144659
7 92.650924 85.163912 14.607762
8 92.650924 85.858159 17.21125
9 92.650924 88.0408 12.632611
10 92.87699 85.291865 16.416143
11 92.932142 88.724018 10.941857
12 93.012614 89.441039 8.439598
13 93.542505 89.647622 9.166333
14 93.542505 84.856154 19.863371
15 93.542505 83.947127 20.216334
NOT IMPROVING !!!
16 93.332142 87.315994 14.61012
17 93.542505 88.251446 12.812829
18 93.542505 89.783111 8.104962
19 93.542505 85.871017 15.056336
20 93.542505 87.159815 14.647025
NOT IMPROVING !!!
21 91.768788 84.079699 19.320131
22 93.542505 84.066807 18.783613
23 93.542505 85.781527 16.750853
NOT IMPROVING !!!
24 91.572379 82.730144 20.972611
25 93.542505 85.174256 20.251897
26 93.542505 87.564004 15.73858
NOT IMPROVING !!!
27 91.572379 85.767863 17.486403
28 93.542505 89.896164 7.171487
29 93.542505 85.09367 17.175856