-3.461202055180535586e-01
1.148718280253302193e-01
-4.726738407514273210e-01
-2.327028378619362126e-01
4.957580942037703164e-01
9.522752047103275608e-01
-1.000000000000000000e+00
2.456108071293681694e-01
-1.375308457394586736e-01
-2.701209866423935624e-02
4.746416697783955030e-01
6.183552429387471072e-01
3.331281453022644223e-01
1.000000000000000000e+00
-4.648909500606243084e-01
-2.874875759268502584e-01
4.572669055634234758e-02
-8.854096355512324212e-01
4.307271165066841601e-01
-9.835319885089134351e-01
-8.820580979496290830e-01
6.006911251731844592e-01
-6.652507618901722930e-01
-7.982039413446677667e-01
1.509604350526670136e-01
7.798683079824509923e-01
-7.906677886700970159e-01
1.000000000000000000e+00
4.115142697087839085e-01
-3.531152084101523148e-01
7.569307213262048695e-01
-3.008619193957621230e-01
-4.112082255582272250e-01
4.572174120171531436e-02
-9.994899139469084481e-01
-7.743077954540290575e-01
3.899745973280794864e-01
8.043798315171870605e-01
4.603190680491174580e-02
-3.431076047805616813e-01
7.452360275741867213e-01
1.000524228489470813e-01
1.619883408367984723e-01
7.648551538461574317e-01
-8.601106366960792338e-01
1.081189605723276159e-02
-9.854435139019096512e-01
-3.547586750813719880e-01
-2.364445510080154800e-01
-1.524025183974298536e-01
2.664000884740535535e-01
1.907409194320826840e-01
-3.609303389937701390e-01
-3.542066123609576289e-01
-2.472403960912004095e-01
-1.101397245102143374e-01
7.480571993859531643e-01
3.806831956517899851e-01
7.801617132397057341e-01
1.000000000000000000e+00
6.275516496292439239e-01
-6.060979596049198559e-01
2.850509814663155783e-01
-3.395184438368972213e-01
-3.976506882176489843e-01
9.475812054642851479e-01
4.846012221006501530e-01
-9.118595170927402682e-01
-3.201227084991513649e-01
1.903143265173078136e-01
-3.397294261920169589e-02
1.177196479727767309e-01
2.376860709352995871e-01
9.867346412311133186e-01
7.361035368531750889e-01
-4.658486151608886572e-01
-8.964278334256504666e-01
1.499708265682112573e-01
1.642229544847124689e-01
1.012971211180848652e-01
7.587093974171210675e-01
8.031677228011344649e-01
-7.055138710395550961e-01
5.424498276107024841e-01
8.197273721176281391e-01
1.000000000000000000e+00
-1.944470499332951463e-01
-1.000000000000000000e+00
-9.079599934157666086e-01
6.048138397783653364e-01
5.258139106977544053e-01
5.545242022795552339e-01
-1.979907231183296590e-01
7.011933615502976558e-01
-2.130324797392807445e-01
2.997406229873185168e-01
-1.478361119313111871e-01
-7.335525581967594633e-03
3.555875464611193415e-01
3.547505781009974712e-01
-7.847431572579639525e-01
-1.054570839363984103e-01
-2.812710210149780288e-01
-2.566021242228615495e-01
1.112533967192644302e-02
5.770353297485778521e-01
1.159830929057670268e-01
9.622431095603071194e-01
8.915598480944331161e-01
4.396958202192753351e-01
2.574887244670995834e-01
2.609619545607352320e-01
-6.744845173024477392e-01
6.525356931549058936e-01
5.334043125076235459e-01
-5.801703793640480278e-01
-6.574640088098955282e-01
-1.000000000000000000e+00
-9.793173552034575291e-01
-7.626478457593384164e-01
3.035943496804173192e-01
-7.557839506108806615e-01
-1.000000000000000000e+00
-1.318364911143345142e-01
7.408502035878412606e-01
-4.901005874482963764e-01
1.788064319075641784e-01
-3.566825237763743273e-01
-8.251525245653069662e-01
6.240073835919805745e-02
-9.460031199412572978e-01
-1.719661623502467263e-01
2.188346670790194404e-01
-3.701453224456026092e-01
-7.375378172605056015e-01
3.791789826558856213e-01
9.435296626319696900e-01
-3.067983596670642576e-01
-6.875640015876605116e-01
-2.022952752423915201e-01
7.035506580316603920e-01
-4.418187196090055391e-01
-1.000000000000000000e+00
6.349817650681766068e-02
-6.659321453097508670e-01
1.000000000000000000e+00
3.145460376963327143e-02
-7.388327336143869495e-01
-7.573248655982784960e-01
5.978144141119371424e-01
-4.607176601174320929e-01
-4.842360375682760315e-02
-5.617821449223224795e-01
8.150004690564360832e-01
3.755109166526209852e-01
-1.608172105497851501e-02
6.445584712854815490e-02
2.845018575719907017e-02
5.848843307242687639e-02
-4.317943372200708785e-01
-7.881441714308214941e-01
-3.831180790650945411e-01
-9.705441907620991904e-01
-6.967679056118128988e-01
6.177234994756782838e-01
-7.700638085320629100e-01
7.707983461239091838e-01
-4.628922774448145372e-01
9.982169177110090663e-01
-1.000000000000000000e+00
-2.236786491937848564e-01
7.482608801162686785e-01
8.821061537479946146e-01
4.986753090728719418e-01
6.190565058944887955e-01
-3.963640072829910932e-01
9.203483708656736706e-01
-3.068254431234030966e-01
-5.724192545282535960e-01
4.778923954271468988e-02
4.820673478342368812e-01
-7.399554902264749989e-01
-3.496186347742393230e-01
-1.969547861333775796e-01
-6.004755757068921396e-01
-1.000000000000000000e+00
-2.042066108783283096e-02
-4.243072544092960641e-01
4.161014894446539714e-01
-3.492345570122138976e-01
-6.588228983309596387e-01
-1.715546994345004128e-01
-1.000000000000000000e+00
-2.344619344604153000e-01
-9.032458557777891528e-01
-3.095737480493001570e-01
-4.275116548361460045e-01
-5.634463335040731380e-01
-2.314969824063466686e-01
-5.372728841186764637e-01
-2.766814370555816804e-01
-5.122577323778770841e-01
2.937205901426814814e-01
-7.347191191861903725e-01
7.736005173113991162e-01
8.353417766644113396e-01
8.119091485597459412e-01
-7.769561997874409043e-01
-6.671174941503301703e-01
-8.068327302264151069e-01
-6.676361401950764440e-02
1.125769349910823447e-01
-5.614472242824749548e-01
9.026052255228660393e-01
-6.116260597163782897e-01
9.046677608556529249e-01
5.597549511893873397e-01
6.743194777320955513e-01
7.732037635195078140e-01
5.310851205520573659e-01
2.348177425731463874e-01
-1.563933103458791662e-01
-4.179910397866381522e-01
-6.115323702070390999e-01
-1.000000000000000000e+00
5.735072638695666303e-01
-8.851388866474563244e-02
-1.522598333299831352e-01
1.000000000000000000e+00
-1.021340259155367747e-01
-1.000000000000000000e+00
-1.376073832286325016e-01
7.162623980494411402e-01
-8.583381746070253282e-01
-2.697447143938258574e-01
2.338897983042233508e-01
1.573018999567857290e-01
-3.783167444749631070e-01
4.329993871576359732e-01
-1.829577420154391287e-01
-5.380729981279896990e-01
3.402980901209120557e-01
1.000000000000000000e+00
-8.938975604667718233e-01
8.625401581853409105e-01
-2.708831194594334413e-01
1.722288490539638783e-01
-2.469435663750277898e-01
2.954199931194194106e-01
-8.899401061961971227e-01
-8.615900485101448680e-01
4.479058764922814184e-01
-7.256740117806012025e-01
-7.297028872564399471e-01
2.679254635856457289e-01
8.399486981189281387e-01
7.438607365913164626e-01
-3.121788941545570184e-01
-1.804582481832711638e-02
-2.860078898636873035e-01
2.066125526981714700e-01
-5.586686254430548448e-01
-2.544095243221889957e-01
-2.183548218756425907e-01
6.867632980412021748e-01
